#J	G0202	
#scanned warm
#Wavelength (Ang) transmission
8000.0  0.00015067
8010.0  6.8735e-05
8020.0  0.00015446
8030.0  0.00018627
8040.0  0.00013183
8050.0  0.00014945
8060.0  0.00011287
8070.0  0.00012726
8080.0  0.00013222
8090.0  0.00016092
8100.0  0.00015047
8110.0  0.00016761
8120.0  0.00012745
8130.0  0.00017781
8140.0  0.00013379
8150.0  0.00010639
8160.0  0.00012364
8170.0  0.00018736
8180.0  0.00010191
8190.0  0.0001764 
8200.0  8.7243e-05
8210.0  0.00013544
8220.0  0.00016297
8230.0  0.00013574
8240.0  0.00018425
8250.0  0.00013706
8260.0  0.0001486 
8270.0  0.00019318
8280.0  0.00015623
8290.0  0.00014738
8300.0  0.00014083
8310.0  0.0001745 
8320.0  0.00016578
8330.0  0.00010577
8340.0  0.00010818
8350.0  0.00016483
8360.0  0.00015107
8370.0  0.00016494
8380.0  0.00020261
8390.0  0.00017424
8400.0  0.00013007
8410.0  0.00011373
8420.0  0.00016942
8430.0  0.0001813 
8440.0  0.00016039
8450.0  0.00011429
8460.0  0.00021657
8470.0  9.3643e-05
8480.0  0.00015655
8490.0  0.00015668
8500.0  0.00018558
8510.0  0.00015042
8520.0  0.00011592
8530.0  0.00017602
8540.0  0.00012133
8550.0  0.00013148
8560.0  0.00011924
8570.0  0.00016189
8580.0  0.00010076
8590.0  0.0001528 
8600.0  0.00020831
8610.0  0.00011094
8620.0  7.846e-05 
8630.0  0.00018462
8640.0  0.00014846
8650.0  0.00011479
8660.0  0.00011779
8670.0  0.00020126
8680.0  0.00015758
8690.0  0.00016655
8700.0  0.00016987
8710.0  0.00015369
8720.0  0.00016573
8730.0  0.00015029
8740.0  0.00015321
8750.0  0.00015105
8760.0  7.4202e-05
8770.0  0.00017903
8780.0  0.00018356
8790.0  0.00018971
8800.0  0.0001051 
8810.0  0.0001313 
8820.0  0.00018176
8830.0  0.00014216
8840.0  8.2614e-05
8850.0  0.0001756 
8860.0  0.00014453
8870.0  0.00013789
8880.0  0.00013054
8890.0  0.00014987
8900.0  0.00020895
8910.0  9.8545e-05
8920.0  0.00018416
8930.0  0.00018921
8940.0  0.00013139
8950.0  0.00012761
8960.0  0.00018303
8970.0  0.00014857
8980.0  0.00015789
8990.0  6.4711e-05
9000.0  0.00014759
9010.0  0.00010674
9020.0  0.00015309
9030.0  0.00014573
9040.0  0.0001833 
9050.0  0.0001277 
9060.0  0.0001694 
9070.0  0.00012423
9080.0  0.00019376
9090.0  0.00016728
9100.0  0.00019442
9110.0  0.00013053
9120.0  0.000131  
9130.0  0.00011196
9140.0  0.00017274
9150.0  0.00014549
9160.0  0.00014316
9170.0  0.00014646
9180.0  0.0001554 
9190.0  0.00011121
9200.0  9.0147e-05
9210.0  0.00021408
9220.0  0.00012951
9230.0  0.00016657
9240.0  0.00015926
9250.0  0.00016218
9260.0  0.00012032
9270.0  0.00014945
9280.0  0.0001158 
9290.0  0.00014974
9300.0  0.00013289
9310.0  0.00027004
9320.0  0.00014234
9330.0  0.00010967
9340.0  0.00016521
9350.0  0.00013875
9360.0  0.00012005
9370.0  0.00015376
9380.0  0.00012515
9390.0  0.00016547
9400.0  0.00015475
9410.0  0.0001362 
9420.0  0.00014065
9430.0  0.00016575
9440.0  0.00010758
9450.0  0.00012257
9460.0  0.00014208
9470.0  0.00015724
9480.0  0.00015467
9490.0  0.00011093
9500.0  0.00012894
9510.0  0.00016915
9520.0  0.00014582
9530.0  0.00015842
9540.0  0.00014176
9550.0  0.00015111
9560.0  0.00018718
9570.0  0.000139  
9580.0  0.00019248
9590.0  0.00022928
9600.0  0.00014525
9610.0  0.00017952
9620.0  0.0001598 
9630.0  0.00021155
9640.0  9.3941e-05
9650.0  0.0002094 
9660.0  0.00017112
9670.0  0.00014339
9680.0  0.00016445
9690.0  0.00014282
9700.0  0.00017489
9710.0  9.2958e-05
9720.0  0.0001784 
9730.0  0.0001103 
9740.0  0.00011028
9750.0  0.00014398
9760.0  0.00012304
9770.0  0.0001532 
9780.0  0.00016887
9790.0  0.00011813
9800.0  0.00012396
9810.0  0.00013109
9820.0  0.00013546
9830.0  0.0001271 
9840.0  0.00013164
9850.0  0.00014774
9860.0  0.00016709
9870.0  0.00011742
9880.0  0.00018197
9890.0  0.00014931
9900.0  0.00014845
9910.0  0.00010139
9920.0  0.00013163
9930.0  0.00016564
9940.0  0.00016515
9950.0  0.00014658
9960.0  0.00011035
9970.0  0.00015681
9980.0  0.00014343
9990.0  0.00016878
10000.0 0.0001703 
10010.0 0.00013   
10020.0 0.00013579
10030.0 0.00011291
10040.0 0.00015647
10050.0 0.00018196
10060.0 0.00014323
10070.0 0.00014261
10080.0 0.00019015
10090.0 0.00014588
10100.0 0.00011957
10110.0 0.00016745
10120.0 0.00013324
10130.0 0.00014433
10140.0 0.00011876
10150.0 0.00017232
10160.0 0.00015241
10170.0 0.00015496
10180.0 0.00013807
10190.0 0.00015285
10200.0 0.0001368 
10210.0 0.00015103
10220.0 0.00011987
10230.0 0.00025264
10240.0 0.0001348 
10250.0 0.00019478
10260.0 0.00013431
10270.0 0.00014198
10280.0 0.00018622
10290.0 0.00019692
10300.0 0.00018555
10310.0 0.00012242
10320.0 0.00015812
10330.0 0.00015552
10340.0 0.00018962
10350.0 0.00011751
10360.0 0.00014651
10370.0 0.00016386
10380.0 0.00013917
10390.0 0.00015091
10400.0 0.0001307 
10410.0 0.00014174
10420.0 0.00014798
10430.0 0.00016472
10440.0 0.00012158
10450.0 0.00010798
10460.0 0.00015674
10470.0 0.00021313
10480.0 0.00020658
10490.0 0.00017216
10500.0 0.00011795
10510.0 0.00020514
10520.0 0.00013076
10530.0 0.00013417
10540.0 0.0001569 
10550.0 0.00014184
10560.0 0.00014246
10570.0 0.00015751
10580.0 0.00013386
10590.0 0.00015905
10600.0 0.00017402
10610.0 0.00010402
10620.0 0.00016147
10630.0 0.00014553
10640.0 0.00013078
10650.0 0.00019031
10660.0 0.00011357
10670.0 0.00013764
10680.0 0.00015586
10690.0 0.00015117
10700.0 0.00016012
10710.0 9.6572e-05
10720.0 0.00017726
10730.0 0.00018376
10740.0 0.00014315
10750.0 0.00015547
10760.0 0.00010918
10770.0 0.00011685
10780.0 0.00019396
10790.0 0.00010508
10800.0 0.00015438
10810.0 0.00017085
10820.0 0.0001144 
10830.0 0.00017115
10840.0 0.00012722
10850.0 0.0001632 
10860.0 9.7085e-05
10870.0 0.00015517
10880.0 0.00019416
10890.0 0.0001605 
10900.0 0.00015132
10910.0 0.00011271
10920.0 0.0001857 
10930.0 0.00013505
10940.0 0.00015588
10950.0 0.00020622
10960.0 0.00023228
10970.0 0.00015033
10980.0 0.00014058
10990.0 0.0001714 
11000.0 0.00016005
11010.0 0.00013991
11020.0 0.00019753
11030.0 0.0001261 
11040.0 0.00020164
11050.0 0.00017184
11060.0 0.00017253
11070.0 0.00017353
11080.0 0.00012961
11090.0 0.00016103
11100.0 0.00020945
11110.0 0.00014731
11120.0 0.0002193 
11130.0 0.00016829
11140.0 0.00018164
11150.0 0.00023838
11160.0 0.00021574
11170.0 0.00019019
11180.0 0.00018998
11190.0 0.0002033 
11200.0 0.00025535
11210.0 0.00022209
11220.0 0.00022808
11230.0 0.00023643
11240.0 0.00019463
11250.0 0.00028616
11260.0 0.00029212
11270.0 0.00031651
11280.0 0.00035794
11290.0 0.0003588 
11300.0 0.00035246
11310.0 0.0003765 
11320.0 0.00043387
11330.0 0.0004491 
11340.0 0.00049995
11350.0 0.00059157
11360.0 0.00064929
11370.0 0.00069659
11380.0 0.00075796
11390.0 0.00090338
11400.0 0.0011626 
11410.0 0.0012783 
11420.0 0.0015575 
11430.0 0.001863  
11440.0 0.0022356 
11450.0 0.0026022 
11460.0 0.0031332 
11470.0 0.0038214 
11480.0 0.0046611 
11490.0 0.0056666 
11500.0 0.0068352 
11510.0 0.0083094 
11520.0 0.010157  
11530.0 0.012456  
11540.0 0.015129  
11550.0 0.018569  
11560.0 0.022641  
11570.0 0.027758  
11580.0 0.034063  
11590.0 0.041903  
11600.0 0.051772  
11610.0 0.063834  
11620.0 0.079401  
11630.0 0.099205  
11640.0 0.12357   
11650.0 0.15613   
11660.0 0.19566   
11670.0 0.24354   
11680.0 0.30355   
11690.0 0.37308   
11700.0 0.45044   
11710.0 0.53525   
11720.0 0.61668   
11730.0 0.69033   
11740.0 0.75031   
11750.0 0.79321   
11760.0 0.81979   
11770.0 0.83257   
11780.0 0.83533   
11790.0 0.83218   
11800.0 0.82641   
11810.0 0.82031   
11820.0 0.81512   
11830.0 0.81187   
11840.0 0.81036   
11850.0 0.81071   
11860.0 0.81236   
11870.0 0.81514   
11880.0 0.8183    
11890.0 0.82185   
11900.0 0.82507   
11910.0 0.82777   
11920.0 0.82992   
11930.0 0.83134   
11940.0 0.83226   
11950.0 0.83277   
11960.0 0.83304   
11970.0 0.83328   
11980.0 0.83364   
11990.0 0.83463   
12000.0 0.83553   
12010.0 0.83726   
12020.0 0.83957   
12030.0 0.84228   
12040.0 0.84597   
12050.0 0.84949   
12060.0 0.85349   
12070.0 0.8582    
12080.0 0.86211   
12090.0 0.8664    
12100.0 0.8704    
12110.0 0.87363   
12120.0 0.87663   
12130.0 0.87876   
12140.0 0.88049   
12150.0 0.88094   
12160.0 0.88118   
12170.0 0.88076   
12180.0 0.8794    
12190.0 0.87788   
12200.0 0.8755    
12210.0 0.87339   
12220.0 0.87062   
12230.0 0.86784   
12240.0 0.86512   
12250.0 0.8627    
12260.0 0.86018   
12270.0 0.85803   
12280.0 0.85571   
12290.0 0.85428   
12300.0 0.85264   
12310.0 0.85188   
12320.0 0.85129   
12330.0 0.85097   
12340.0 0.85098   
12350.0 0.85153   
12360.0 0.85232   
12370.0 0.85312   
12380.0 0.85456   
12390.0 0.85631   
12400.0 0.85819   
12410.0 0.86053   
12420.0 0.86276   
12430.0 0.86529   
12440.0 0.86806   
12450.0 0.87099   
12460.0 0.87405   
12470.0 0.87708   
12480.0 0.88013   
12490.0 0.88316   
12500.0 0.88626   
12510.0 0.88891   
12520.0 0.89144   
12530.0 0.89416   
12540.0 0.89642   
12550.0 0.89838   
12560.0 0.90029   
12570.0 0.90186   
12580.0 0.90343   
12590.0 0.90432   
12600.0 0.90537   
12610.0 0.90647   
12620.0 0.90689   
12630.0 0.9073    
12640.0 0.90761   
12650.0 0.90811   
12660.0 0.9085    
12670.0 0.90888   
12680.0 0.90889   
12690.0 0.9098    
12700.0 0.90998   
12710.0 0.91028   
12720.0 0.91087   
12730.0 0.91122   
12740.0 0.91172   
12750.0 0.91222   
12760.0 0.91296   
12770.0 0.91344   
12780.0 0.91383   
12790.0 0.91427   
12800.0 0.91479   
12810.0 0.91485   
12820.0 0.91448   
12830.0 0.91428   
12840.0 0.91406   
12850.0 0.91334   
12860.0 0.91278   
12870.0 0.91184   
12880.0 0.91061   
12890.0 0.9091    
12900.0 0.90753   
12910.0 0.90566   
12920.0 0.90336   
12930.0 0.90101   
12940.0 0.89864   
12950.0 0.89589   
12960.0 0.89315   
12970.0 0.89038   
12980.0 0.88734   
12990.0 0.88433   
13000.0 0.88146   
13010.0 0.87832   
13020.0 0.8756    
13030.0 0.8725    
13040.0 0.86975   
13050.0 0.86714   
13060.0 0.86436   
13070.0 0.86248   
13080.0 0.85971   
13090.0 0.85751   
13100.0 0.85531   
13110.0 0.85363   
13120.0 0.85242   
13130.0 0.85154   
13140.0 0.85148   
13150.0 0.85227   
13160.0 0.85379   
13170.0 0.85704   
13180.0 0.86144   
13190.0 0.86702   
13200.0 0.87441   
13210.0 0.8826    
13220.0 0.89159   
13230.0 0.89993   
13240.0 0.90505   
13250.0 0.90537   
13260.0 0.89694   
13270.0 0.87585   
13280.0 0.84043   
13290.0 0.78531   
13300.0 0.71567   
13310.0 0.63336   
13320.0 0.54478   
13330.0 0.45843   
13340.0 0.37641   
13350.0 0.30368   
13360.0 0.24242   
13370.0 0.19304   
13380.0 0.15387   
13390.0 0.12215   
13400.0 0.097754  
13410.0 0.078566  
13420.0 0.06328   
13430.0 0.051627  
13440.0 0.042404  
13450.0 0.035012  
13460.0 0.029182  
13470.0 0.02451   
13480.0 0.02049   
13490.0 0.01747   
13500.0 0.015017  
13510.0 0.012844  
13520.0 0.011158  
13530.0 0.0097358 
13540.0 0.0085253 
13550.0 0.0074611 
13560.0 0.006637  
13570.0 0.0059395 
13580.0 0.0053667 
13590.0 0.0048801 
13600.0 0.0042962 
13610.0 0.0039781 
13620.0 0.0036639 
13630.0 0.0033059 
13640.0 0.0031081 
13650.0 0.0028331 
13660.0 0.0026822 
13670.0 0.0025118 
13680.0 0.0023477 
13690.0 0.0021919 
13700.0 0.002064  
13710.0 0.0019194 
13720.0 0.0018404 
13730.0 0.0017756 
13740.0 0.0017127 
13750.0 0.0016042 
13760.0 0.0015839 
13770.0 0.0014215 
13780.0 0.0013845 
13790.0 0.0012987 
13800.0 0.0012692 
13810.0 0.0012158 
13820.0 0.0011581 
13830.0 0.0010345 
13840.0 0.0010591 
13850.0 0.00093421
13860.0 0.00092892
13870.0 0.00082265
13880.0 0.00082736
13890.0 0.00068333
13900.0 0.00064972
13910.0 0.00059617
13920.0 0.0005847 
13930.0 0.00050443
13940.0 0.00048314
13950.0 0.00048734
13960.0 0.00048448
13970.0 0.00035108
13980.0 0.00032795
13990.0 0.00035844
14000.0 0.00035089
14010.0 0.0003521 
14020.0 0.00033087
14030.0 0.00031633
14040.0 0.00028172
14050.0 0.00026996
14060.0 0.00028191
14070.0 0.00025342
14080.0 0.00022502
14090.0 0.00025901
14100.0 0.00023358
14110.0 0.0001948 
14120.0 0.000251  
14130.0 0.00017721
14140.0 0.00020634
14150.0 0.00018999
14160.0 0.00019799
14170.0 0.00014215
14180.0 0.00021378
14190.0 0.0001905 
14200.0 0.00017219
14210.0 0.00011613
14220.0 0.00011758
14230.0 0.00013525
14240.0 0.0001753 
14250.0 0.00022314
14260.0 0.00018157
14270.0 0.00011386
14280.0 0.00016676
14290.0 0.00018217
14300.0 0.00020631
14310.0 0.00011635
14320.0 0.00018307
14330.0 0.0001303 
14340.0 0.00017443
14350.0 0.00021293
14360.0 0.0001439 
14370.0 0.00019544
14380.0 0.00018934
14390.0 0.00014222
14400.0 0.00020874
14410.0 0.00014916
14420.0 0.00013778
14430.0 0.0001492 
14440.0 0.00022752
14450.0 0.00017397
14460.0 0.00018411
14470.0 0.00015416
14480.0 0.00016081
14490.0 0.00021319
14500.0 0.00017405
14510.0 0.00015766
14520.0 0.00021221
14530.0 0.00017745
14540.0 0.00019832
14550.0 0.0001291 
14560.0 0.0002031 
14570.0 0.00019474
14580.0 0.00017435
14590.0 0.0001697 
14600.0 0.00022034
14610.0 0.00018925
14620.0 0.00015373
14630.0 0.00024839
14640.0 0.0001768 
14650.0 0.00018438
14660.0 0.00015466
14670.0 0.00021278
14680.0 0.00014245
14690.0 0.00022778
14700.0 0.00017947
14710.0 0.00014978
14720.0 0.0001698 
14730.0 0.00014168
14740.0 0.00018335
14750.0 0.00019495
14760.0 0.00019518
14770.0 0.00020209
14780.0 0.00016708
14790.0 0.00021495
14800.0 0.00017006
14810.0 0.00012456
14820.0 0.00017516
14830.0 0.00018212
14840.0 0.00014096
14850.0 0.00015767
14860.0 0.00018686
14870.0 0.00022012
14880.0 0.00014105
14890.0 0.00019523
14900.0 9.0875e-05
14910.0 0.0001287 
14920.0 0.00013274
14930.0 0.00019128
14940.0 0.00011118
14950.0 0.00016838
14960.0 0.00012519
14970.0 0.00014448
14980.0 0.0001877 
14990.0 0.00017775
15000.0 0.00019284
15010.0 0.00012545
15020.0 0.00015905
15030.0 0.00018404
15040.0 9.4117e-05
15050.0 0.0001549 
15060.0 0.0001732 
15070.0 0.00015391
15080.0 0.00010399
15090.0 0.0001951 
15100.0 0.00011673
15110.0 0.0001333 
15120.0 0.0001167 
15130.0 0.00012424
15140.0 0.00014113
15150.0 0.00015394
15160.0 0.000191  
15170.0 0.00016656
15180.0 0.0002285 
15190.0 0.00016256
15200.0 0.00014485
15210.0 0.00015131
15220.0 0.00015067
15230.0 0.00014137
15240.0 0.00011029
15250.0 0.00014865
15260.0 0.00020051
15270.0 0.00012083
15280.0 0.00012392
15290.0 0.0001462 
15300.0 0.00013639
15310.0 0.00013365
15320.0 0.00014565
15330.0 0.00012529
15340.0 0.000162  
15350.0 0.00013769
15360.0 0.00011174
15370.0 0.00012475
15380.0 7.9196e-05
15390.0 0.00012079
15400.0 0.00015413
15410.0 0.00010403
15420.0 0.00013742
15430.0 0.00017961
15440.0 0.00014153
15450.0 0.00011697
15460.0 0.00012848
15470.0 9.8704e-05
15480.0 0.00011713
15490.0 0.00016524
15500.0 0.00015172
15510.0 0.00017312
15520.0 0.00011592
15530.0 0.00016717
15540.0 0.00012047
15550.0 0.00018688
15560.0 0.0001572 
15570.0 0.00016736
15580.0 0.00015757
15590.0 0.00020856
15600.0 0.00014156
15610.0 0.00017971
15620.0 0.00010406
15630.0 0.00016255
15640.0 8.2903e-05
15650.0 0.00016252
15660.0 0.00014608
15670.0 0.00014156
15680.0 0.00013351
15690.0 0.00018776
15700.0 0.00015107
15710.0 0.00013878
15720.0 0.00011637
15730.0 7.4599e-05
15740.0 0.00017726
15750.0 0.00010048
15760.0 0.00011435
15770.0 0.00017708
15780.0 0.00013661
15790.0 0.00014222
15800.0 7.4937e-05
15810.0 0.00015905
15820.0 0.00016608
15830.0 0.00012548
15840.0 0.00014173
15850.0 0.00011628
15860.0 0.00016248
15870.0 0.00016756
15880.0 0.0001708 
15890.0 0.00013375
15900.0 0.00012783
15910.0 0.00011282
15920.0 0.0001375 
15930.0 0.00012351
15940.0 0.00014618
15950.0 0.00017267
15960.0 9.3901e-05
15970.0 0.00018686
15980.0 0.00011242
15990.0 0.00015619
16000.0 0.00012598
16010.0 0.00012181
16020.0 0.00014009
16030.0 0.00016416
16040.0 0.00016952
16050.0 0.00012111
16060.0 0.00018762
16070.0 0.00015929
16080.0 0.00018276
16090.0 0.00020908
16100.0 0.00012467
16110.0 0.00017567
16120.0 0.00016282
16130.0 0.00013347
16140.0 0.00016235
16150.0 0.00016208
16160.0 5.3751e-05
16170.0 0.00018911
16180.0 0.00011896
16190.0 0.00013867
16200.0 0.00015513
16210.0 0.0001067 
16220.0 0.00011078
16230.0 0.00013273
16240.0 0.00018698
16250.0 9.5151e-05
16260.0 0.00016773
16270.0 0.00014943
16280.0 0.00014591
16290.0 0.00012121
16300.0 0.00015019
16310.0 0.00020386
16320.0 0.00010017
16330.0 0.00012127
16340.0 0.00016257
16350.0 0.0001296 
16360.0 8.2405e-05
16370.0 0.00015472
16380.0 0.00014576
16390.0 0.0001896 
16400.0 9.2268e-05
16410.0 0.0001951 
16420.0 0.00018771
16430.0 0.00020967
16440.0 0.00021152
16450.0 0.0001417 
16460.0 0.00017749
16470.0 0.00014666
16480.0 0.00017103
16490.0 0.00017485
16500.0 0.00018358
16510.0 0.00020126
16520.0 0.00015427
16530.0 9.9322e-05
16540.0 0.0001412 
16550.0 0.00017968
16560.0 0.00017521
16570.0 0.00011651
16580.0 0.00015006
16590.0 0.00012134
16600.0 0.00014698
16610.0 0.00013175
16620.0 0.00012282
16630.0 9.597e-05 
16640.0 0.00023246
16650.0 0.00013644
16660.0 0.00010508
16670.0 0.00014132
16680.0 0.00010807
16690.0 0.00016743
16700.0 0.00013853
16710.0 0.00017036
16720.0 0.00015005
16730.0 0.0001588 
16740.0 0.00017542
16750.0 0.00022971
16760.0 0.00015841
16770.0 0.00016728
16780.0 0.00017899
16790.0 0.00018397
16800.0 0.0001777 
16810.0 0.00011436
16820.0 0.00015257
16830.0 0.00016374
16840.0 0.00014471
16850.0 0.00012933
16860.0 0.00013939
16870.0 0.00018318
16880.0 0.00013291
16890.0 0.00013426
16900.0 0.00014558
16910.0 0.00014062
16920.0 0.00015943
16930.0 0.00012869
16940.0 0.00017498
16950.0 0.00017602
16960.0 0.00012505
16970.0 0.0001416 
16980.0 0.00017825
16990.0 0.00013427
17000.0 0.0001192 
17010.0 0.00012825
17020.0 0.00018823
17030.0 0.00016651
17040.0 0.00018149
17050.0 0.00011258
17060.0 0.00012852
17070.0 0.00012083
17080.0 0.00012118
17090.0 0.00013386
17100.0 0.00014115
17110.0 0.00020952
17120.0 0.00014141
17130.0 0.00016615
17140.0 0.00015814
17150.0 0.00013845
17160.0 0.00013334
17170.0 0.00013297
17180.0 0.00018743
17190.0 0.00011758
17200.0 0.00014174
17210.0 0.00017087
17220.0 0.00017833
17230.0 0.00015008
17240.0 0.00011522
17250.0 0.0001611 
17260.0 0.0001308 
17270.0 0.00010714
17280.0 0.00014905
17290.0 0.00016401
17300.0 9.0765e-05
17310.0 0.000163  
17320.0 0.00019372
17330.0 0.00014643
17340.0 0.00018265
17350.0 0.00011639
17360.0 0.0001161 
17370.0 0.00012954
17380.0 0.00010406
17390.0 0.00011688
17400.0 0.00015412
17410.0 0.00011242
17420.0 0.00012434
17430.0 0.00018323
17440.0 9.5911e-05
17450.0 0.00014433
17460.0 0.00011273
17470.0 0.00012023
17480.0 0.00013498
17490.0 0.00016507
17500.0 0.0001433 
17510.0 0.00015374
17520.0 0.00018782
17530.0 0.00018848
17540.0 0.00012631
17550.0 0.00016575
17560.0 0.00011606
17570.0 0.00011657
17580.0 0.00015711
17590.0 0.0001544 
17600.0 0.00010461
17610.0 0.00014923
17620.0 0.00011612
17630.0 0.00012952
17640.0 0.00016217
17650.0 0.00014589
17660.0 0.00014861
17670.0 0.00014989
17680.0 0.00012565
17690.0 0.00011892
17700.0 0.00015376
17710.0 0.00016302
17720.0 0.00018182
17730.0 0.00010806
17740.0 0.00017744
17750.0 0.00019049
17760.0 0.00013359
17770.0 0.00013366
17780.0 0.0001695 
17790.0 0.00017099
17800.0 0.00015742
17810.0 0.00018203
17820.0 0.00016621
17830.0 0.00017457
17840.0 0.00016987
17850.0 0.00012457
17860.0 0.0001164 
17870.0 0.00014161
17880.0 4.9538e-05
17890.0 0.00013299
17900.0 0.00017848
17910.0 0.00016697
17920.0 0.000124  
17930.0 0.00013495
17940.0 0.00014717
17950.0 0.00017419
17960.0 0.0001879 
17970.0 0.00017941
17980.0 0.00011455
17990.0 0.00016181
18000.0 0.00020259
18010.0 0.00018233
18020.0 0.00011257
18030.0 0.00015297
18040.0 0.00016093
18050.0 0.00016954
18060.0 0.00014955
18070.0 0.0001786 
18080.0 0.00021537
18090.0 0.00014571
18100.0 0.00013701
18110.0 0.00013803
18120.0 0.00012433
18130.0 9.0875e-05
18140.0 6.0229e-05
18150.0 0.00022074
18160.0 0.00012972
18170.0 0.00014436
18180.0 0.00012882
18190.0 0.00017508
18200.0 7.8818e-05
18210.0 0.00014083
18220.0 0.00012472
18230.0 0.00013577
18240.0 9.8514e-05
18250.0 0.00011703
18260.0 0.00017056
18270.0 0.00017404
18280.0 0.00019037
18290.0 0.00011999
18300.0 0.00017771
18310.0 0.00012089
18320.0 0.0001293 
18330.0 8.7248e-05
18340.0 0.0001276 
18350.0 0.00018374
18360.0 0.00014585
18370.0 0.00013639
18380.0 0.00018028
18390.0 0.00011796
18400.0 0.00017394
18410.0 0.00014624
18420.0 0.00016913
18430.0 0.00023252
18440.0 0.00017545
18450.0 0.00015073
18460.0 0.00013004
18470.0 0.00020126
18480.0 0.00010214
18490.0 0.00012642
18500.0 0.00010213
18510.0 0.00011257
18520.0 0.00014772
18530.0 0.00018932
18540.0 9.2336e-05
18550.0 0.00011185
18560.0 0.00019952
18570.0 0.0001317 
18580.0 9.3692e-05
18590.0 0.00013507
18600.0 0.00016296
18610.0 0.00014532
18620.0 7.4901e-05
18630.0 0.00012344
18640.0 0.00014337
18650.0 0.00016554
18660.0 0.000164  
18670.0 0.00013811
18680.0 0.00012127
18690.0 0.00019738
18700.0 9.3354e-05
18710.0 0.0001723 
18720.0 0.00016222
18730.0 0.00014732
18740.0 0.00016751
18750.0 0.00013647
18760.0 0.00015795
18770.0 0.00013441
18780.0 0.00013329
18790.0 0.00011579
18800.0 0.00016012
18810.0 0.00017693
18820.0 0.00014182
18830.0 0.00019546
18840.0 0.00013268
18850.0 0.00016288
18860.0 0.00010432
18870.0 0.0001512 
18880.0 0.00011813
18890.0 0.00018761
18900.0 0.00017702
18910.0 0.00013139
18920.0 0.00012931
18930.0 0.00016404
18940.0 6.6694e-05
18950.0 7.4007e-05
18960.0 0.00015282
18970.0 0.00013657
18980.0 0.00013379
18990.0 0.00017518
19000.0 0.00012559
19010.0 0.00012453
19020.0 0.00016233
19030.0 6.9355e-05
19040.0 0.00018516
19050.0 0.00010285
19060.0 0.00014164
19070.0 0.00017463
19080.0 0.000133  
19090.0 0.00019729
19100.0 0.00018584
19110.0 0.00016637
19120.0 0.00016601
19130.0 0.00014842
19140.0 0.00017776
19150.0 0.00017938
19160.0 0.00017376
19170.0 0.00013316
19180.0 0.0001287 
19190.0 0.00014058
19200.0 0.00013373
19210.0 0.00012406
19220.0 0.00017555
19230.0 0.00015253
19240.0 0.00017697
19250.0 9.0493e-05
19260.0 0.00014396
19270.0 0.00014749
19280.0 0.00013935
19290.0 0.00011953
19300.0 0.00014501
19310.0 7.8626e-05
19320.0 0.00017307
19330.0 0.00018942
19340.0 0.00010674
19350.0 0.0001435 
19360.0 0.00018025
19370.0 0.00013997
19380.0 0.0001149 
19390.0 0.00016842
19400.0 0.00011963
19410.0 0.00020195
19420.0 0.0001562 
19430.0 0.00011428
19440.0 0.00012747
19450.0 0.00016094
19460.0 0.00018844
19470.0 0.00013157
19480.0 9.4319e-05
19490.0 0.00011504
19500.0 0.00012327
19510.0 0.00014878
19520.0 0.00012912
19530.0 0.000194  
19540.0 0.00016672
19550.0 0.00014572
19560.0 0.00015411
19570.0 0.00012289
19580.0 0.0001457 
19590.0 0.00015952
19600.0 0.00015343
19610.0 0.00010956
19620.0 0.00020879
19630.0 0.00012724
19640.0 0.0001815 
19650.0 0.00013893
19660.0 0.00012721
19670.0 0.0002016 
19680.0 0.00010688
19690.0 0.00014273
19700.0 0.00018817
19710.0 0.00012342
19720.0 0.00010646
19730.0 0.00013968
19740.0 0.00013972
19750.0 8.9919e-05
19760.0 0.00013963
19770.0 0.00016394
19780.0 0.00012285
19790.0 0.00018506
19800.0 0.00011394
19810.0 8.0729e-05
19820.0 0.00017609
19830.0 0.0001684 
19840.0 0.0001024 
19850.0 0.00012411
19860.0 0.00013808
19870.0 0.00016828
19880.0 0.00018443
19890.0 0.00012326
19900.0 0.00014767
19910.0 9.8339e-05
19920.0 0.00017976
19930.0 0.00018074
19940.0 0.0001349 
19950.0 0.00010215
19960.0 0.00013005
19970.0 0.00015753
19980.0 0.00016633
19990.0 0.00016041
20000.0 0.00015106
20010.0 0.00018545
20020.0 0.00011529
20030.0 0.00012726
20040.0 0.00017637
20050.0 0.00017654
20060.0 0.00013131
20070.0 0.00013184
20080.0 0.00010273
20090.0 0.00018875
20100.0 0.00018078
20110.0 0.00014024
20120.0 0.00015569
20130.0 0.00010251
20140.0 0.00016017
20150.0 0.00016465
20160.0 0.00010231
20170.0 0.00017266
20180.0 9.911e-05 
20190.0 0.00011917
20200.0 0.00013961
20210.0 0.00015126
20220.0 0.00016811
20230.0 0.00010912
20240.0 0.00014765
20250.0 0.00010278
20260.0 0.00011778
20270.0 0.00015344
20280.0 9.7316e-05
20290.0 0.00016562
20300.0 0.00010117
20310.0 0.00016767
20320.0 8.4274e-05
20330.0 0.00011096
20340.0 0.00015981
20350.0 0.00015665
20360.0 0.00015024
20370.0 0.00013431
20380.0 0.00013537
20390.0 0.00015678
20400.0 0.00018024
20410.0 0.00013208
20420.0 0.00013893
20430.0 0.00011917
20440.0 0.00014289
20450.0 0.00018879
20460.0 0.00011929
20470.0 0.00018115
20480.0 0.00016775
20490.0 0.00014751
20500.0 0.00013524
20510.0 0.0001471 
20520.0 0.00013131
20530.0 0.00018707
20540.0 0.00016034
20550.0 9.2597e-05
20560.0 0.0001442 
20570.0 0.00012728
20580.0 0.00015328
20590.0 0.00012961
20600.0 0.00015294
20610.0 0.00015129
20620.0 9.7609e-05
20630.0 0.00015774
20640.0 0.0001313 
20650.0 0.0001226 
20660.0 0.00014856
20670.0 0.00016322
20680.0 0.00013096
20690.0 0.00014665
20700.0 0.00013536
20710.0 0.00017597
20720.0 0.00014028
20730.0 0.00012634
20740.0 0.00016317
20750.0 0.00012709
20760.0 0.00017649
20770.0 0.00013489
20780.0 0.00015975
20790.0 0.00018872
20800.0 0.0001806 
20810.0 0.00017263
20820.0 0.00015509
20830.0 0.00023326
20840.0 0.00011435
20850.0 0.00015557
20860.0 0.00012686
20870.0 0.00012305
20880.0 0.00016265
20890.0 0.00014306
20900.0 0.00015133
20910.0 0.00011068
20920.0 0.00017174
20930.0 0.00016271
20940.0 0.00014717
20950.0 0.00011996
20960.0 0.00019095
20970.0 0.00013316
20980.0 0.00017847
20990.0 0.00017024
21000.0 0.00018368
21010.0 0.00015622
21020.0 0.00014324
21030.0 0.000218  
21040.0 0.00013217
21050.0 6.4998e-05
21060.0 0.00013067
21070.0 0.00011431
21080.0 0.00016802
21090.0 0.00011002
21100.0 0.00015636
21110.0 0.00012666
21120.0 0.00011374
21130.0 0.00011876
21140.0 0.00015986
21150.0 0.00011823
21160.0 0.0001472 
21170.0 0.00020068
21180.0 0.00015983
21190.0 0.00014356
21200.0 0.00015515
21210.0 0.00016364
21220.0 0.00016305
21230.0 0.00012227
21240.0 0.00016337
21250.0 0.00016373
21260.0 0.00017122
21270.0 0.00020211
21280.0 0.00011858
21290.0 0.000139  
21300.0 0.00016719
21310.0 0.0001391 
21320.0 0.00013784
21330.0 0.000134  
21340.0 0.00012636
21350.0 0.00010638
21360.0 0.00014635
21370.0 0.0001044 
21380.0 0.00013182
21390.0 0.00014793
21400.0 0.0001526 
21410.0 0.00018049
21420.0 9.506e-05 
21430.0 0.00014798
21440.0 0.00011984
21450.0 7.7119e-05
21460.0 0.00013028
21470.0 0.00013912
21480.0 0.00012571
21490.0 0.00010619
21500.0 0.00016267
21510.0 0.00013927
21520.0 0.00017896
21530.0 0.00015537
21540.0 0.0001225 
21550.0 0.00015464
21560.0 0.00014727
21570.0 0.00013923
21580.0 9.3673e-05
21590.0 0.00013055
21600.0 0.00015489
21610.0 0.00013476
21620.0 0.0001349 
21630.0 0.00011034
21640.0 0.00013412
21650.0 0.00013126
21660.0 0.00015881
21670.0 0.0001428 
21680.0 0.0001063 
21690.0 0.00013849
21700.0 0.00011878
21710.0 0.00013426
21720.0 0.0001268 
21730.0 0.00015563
21740.0 0.00010755
21750.0 0.00012693
21760.0 0.00011949
21770.0 0.000156  
21780.0 0.00012636
21790.0 0.00017827
21800.0 0.00014163
21810.0 0.00014764
21820.0 0.00011057
21830.0 0.00017446
21840.0 0.00016354
21850.0 0.00016401
21860.0 0.00010285
21870.0 0.000127  
21880.0 9.4851e-05
21890.0 0.00016501
21900.0 0.00011568
21910.0 0.00014688
21920.0 0.00012404
21930.0 8.169e-05 
21940.0 8.0574e-05
21950.0 0.00014673
21960.0 0.00018678
21970.0 0.00011712
21980.0 0.00011306
21990.0 0.00017781
22000.0 0.00015762
22010.0 0.00015959
22020.0 0.00013253
22030.0 0.00013575
22040.0 0.0001523 
22050.0 0.00012163
22060.0 0.00016966
22070.0 0.00015031
22080.0 0.00016031
22090.0 0.00015542
22100.0 0.00012485
22110.0 9.236e-05 
22120.0 0.00016531
22130.0 0.00010146
22140.0 0.00019508
22150.0 0.00015944
22160.0 0.00016952
22170.0 0.00012496
22180.0 0.00012597
22190.0 7.722e-05 
22200.0 0.00013318
22210.0 0.00015837
22220.0 0.00013994
22230.0 0.00010193
22240.0 0.00016144
22250.0 0.00016193
22260.0 9.75e-05  
22270.0 0.00014075
22280.0 0.00018184
22290.0 0.00015079
22300.0 0.00017169
22310.0 0.00015481
22320.0 0.00012134
22330.0 0.0001417 
22340.0 0.00010941
22350.0 0.00012651
22360.0 0.0001614 
22370.0 0.00017162
22380.0 9.3085e-05
22390.0 0.00013377
22400.0 0.00015714
22410.0 0.00012577
22420.0 0.00012563
22430.0 0.00013859
22440.0 0.00010423
22450.0 0.00014735
22460.0 0.00016613
22470.0 0.00020221
22480.0 0.00012504
22490.0 0.00015904
22500.0 0.00011306
22510.0 0.00011282
22520.0 0.00018912
22530.0 0.0001384 
22540.0 0.00010018
22550.0 0.0001452 
22560.0 0.000144  
22570.0 0.00016263
22580.0 0.00014565
22590.0 0.00017365
22600.0 0.00014503
22610.0 0.00012332
22620.0 0.00014842
22630.0 0.00011429
22640.0 0.00011089
22650.0 0.00012571
22660.0 0.00013357
22670.0 0.00013776
22680.0 0.00018267
22690.0 0.00012137
22700.0 0.00015092
22710.0 0.00019645
22720.0 0.00010398
22730.0 0.00023808
22740.0 7.8794e-05
22750.0 0.00010301
22760.0 0.00011969
22770.0 0.00015311
22780.0 0.00014561
22790.0 0.00013303
22800.0 0.00013831
22810.0 0.00011684
22820.0 0.00012714
22830.0 0.00012866
22840.0 0.00011433
22850.0 0.00016626
22860.0 0.00010948
22870.0 0.00012431
22880.0 0.00018973
22890.0 0.00018867
22900.0 0.00013079
22910.0 0.00015183
22920.0 0.00018152
22930.0 0.00018125
22940.0 0.00016683
22950.0 0.00016577
22960.0 0.00013991
22970.0 0.00019355
22980.0 0.00020334
22990.0 0.0001503 
23000.0 0.00014486
23010.0 9.9645e-05
23020.0 0.00019359
23030.0 0.00017122
23040.0 0.00016082
23050.0 0.00012561
23060.0 0.00011141
23070.0 0.00012895
23080.0 0.00017531
23090.0 0.0001386 
23100.0 0.00015507
23110.0 0.00011286
23120.0 0.00013598
23130.0 0.00010664
23140.0 0.00020401
23150.0 0.00014739
23160.0 0.00015421
23170.0 0.0001453 
23180.0 0.00013775
23190.0 0.00011683
23200.0 0.00012583
23210.0 0.00012501
23220.0 0.00012619
23230.0 0.00012091
23240.0 0.00019897
23250.0 0.00015002
23260.0 0.00014995
23270.0 0.00014628
23280.0 0.00019675
23290.0 9.2423e-05
23300.0 0.0001502 
23310.0 0.0001151 
23320.0 0.00010584
23330.0 0.00013539
23340.0 0.00018442
23350.0 0.0001625 
23360.0 0.000134  
23370.0 0.00016151
23380.0 0.00014111
23390.0 0.0001007 
23400.0 0.00019755
23410.0 0.00014468
23420.0 0.00014057
23430.0 0.00016615
23440.0 9.8262e-05
23450.0 8.42e-05  
23460.0 0.00011654
23470.0 0.00012086
23480.0 0.00012554
23490.0 0.00016505
23500.0 0.00010475
23510.0 0.00016256
23520.0 0.00014166
23530.0 0.00014923
23540.0 0.0002134 
23550.0 9.8058e-05
23560.0 0.00014504
23570.0 0.00015017
23580.0 0.00020347
23590.0 0.00012005
23600.0 0.00014791
23610.0 0.00016014
23620.0 0.00016146
23630.0 0.00014696
23640.0 0.00011207
23650.0 0.00017484
23660.0 0.00010546
23670.0 0.00015165
23680.0 0.00014207
23690.0 0.00016222
23700.0 0.00015842
23710.0 0.000154  
23720.0 0.0001331 
23730.0 0.00011778
23740.0 0.0001098 
23750.0 0.0001671 
23760.0 0.00011722
23770.0 0.0001421 
23780.0 0.00014875
23790.0 0.00017993
23800.0 0.00016676
23810.0 0.00012116
23820.0 0.00012883
23830.0 0.0001586 
23840.0 0.00010096
23850.0 0.00014556
23860.0 0.00015737
23870.0 0.0001381 
23880.0 0.00011727
23890.0 0.00013023
23900.0 0.00011781
23910.0 0.00012088
23920.0 8.8347e-05
23930.0 0.00010731
23940.0 0.00011519
23950.0 0.0001227 
23960.0 0.00012922
23970.0 0.00015865
23980.0 0.00010621
23990.0 0.00014642
24000.0 0.00016254
24010.0 0.00017561
24020.0 0.00014814
24030.0 0.00015406
24040.0 0.00012043
24050.0 0.00016369
24060.0 0.00017828
24070.0 0.00017832
24080.0 0.00016305
24090.0 9.7786e-05
24100.0 0.00014123
24110.0 0.00014367
24120.0 0.0001505 
24130.0 0.00010156
24140.0 0.0001663 
24150.0 0.00011831
24160.0 0.00019866
24170.0 0.00017922
24180.0 0.00016559
24190.0 0.00014344
24200.0 0.00013934
24210.0 0.00021168
24220.0 0.00016652
24230.0 0.00014229
24240.0 0.00013755
24250.0 0.00013877
24260.0 0.00018819
24270.0 0.0001217 
24280.0 0.00015685
24290.0 8.9738e-05
24300.0 0.00011379
24310.0 0.00015426
24320.0 0.00018634
24330.0 0.00015639
24340.0 0.00010372
24350.0 0.00016844
24360.0 0.00011304
24370.0 0.00015143
24380.0 0.00011327
24390.0 0.0001634 
24400.0 7.2637e-05
24410.0 0.00012601
24420.0 9.6128e-05
24430.0 0.00020252
24440.0 0.00010442
24450.0 0.00012236
24460.0 0.00012585
24470.0 0.00015216
24480.0 0.0002116 
24490.0 0.00012353
24500.0 0.00016447
24510.0 0.00014628
24520.0 0.00015962
24530.0 0.00013107
24540.0 0.00010992
24550.0 0.00016774
24560.0 0.00016765
24570.0 8.4076e-05
24580.0 9.0507e-05
24590.0 0.00012321
24600.0 0.00014468
24610.0 0.00015428
24620.0 0.00012279
24630.0 0.00015553
24640.0 0.00013589
24650.0 0.00016326
24660.0 0.00010687
24670.0 0.00014004
24680.0 0.00016368
24690.0 0.00012734
24700.0 0.00012048
24710.0 0.00014387
24720.0 0.00011134
24730.0 0.0001981 
24740.0 0.00010183
24750.0 0.00015152
24760.0 0.00016047
24770.0 0.00013542
24780.0 0.00011911
24790.0 0.00011025
24800.0 0.00013827
24810.0 0.00013517
24820.0 0.00015127
24830.0 0.00011844
24840.0 0.0001352 
24850.0 0.00021778
24860.0 8.7348e-05
24870.0 0.00015486
24880.0 0.00012811
24890.0 0.00017252
24900.0 0.00011818
24910.0 0.00019639
24920.0 9.6959e-05
24930.0 0.00010792
24940.0 0.00013696
24950.0 0.00011131
24960.0 0.00018105
24970.0 0.00011185
24980.0 8.8628e-05
24990.0 0.0001352 
25000.0 0.0001385 
25010.0 0.00017224
25020.0 0.00011429
25030.0 0.00012421
25040.0 0.00016329
25050.0 0.0001289 
25060.0 0.00010586
25070.0 0.00014459
25080.0 0.00019933
25090.0 0.00012347
25100.0 8.6465e-05
25110.0 0.00013445
25120.0 0.00013934
25130.0 0.00010658
25140.0 0.00012542
25150.0 0.00014465
25160.0 0.00017977
25170.0 0.00016041
25180.0 6.4843e-05
25190.0 0.0001197 
25200.0 0.00013969
25210.0 0.00013592
25220.0 9.4644e-05
25230.0 0.00015951
25240.0 0.00015138
25250.0 0.00013558
25260.0 0.00013942
25270.0 0.00011526
25280.0 0.00010925
25290.0 0.00017515
25300.0 7.1487e-05
25310.0 0.00017   
25320.0 7.467e-05 
25330.0 0.00010372
25340.0 0.00014544
25350.0 0.00010895
25360.0 0.00014275
25370.0 0.00015341
25380.0 0.00015883
25390.0 0.00019206
25400.0 0.00012143
25410.0 0.000139  
25420.0 0.00016069
25430.0 6.1233e-05
25440.0 0.00010603
25450.0 0.00010947
25460.0 0.00011139
25470.0 0.00011769
25480.0 0.00017381
25490.0 0.00011253
25500.0 0.00013727
25510.0 0.00013021
25520.0 0.00018422
25530.0 0.00015167
25540.0 9.9346e-05
25550.0 0.00016688
25560.0 0.0001246 
25570.0 0.0002141 
25580.0 0.00012517
25590.0 0.00014255
25600.0 0.00011107
25610.0 0.00012634
25620.0 0.00014888
25630.0 0.00010362
25640.0 0.0002117 
25650.0 0.00013534
25660.0 0.00021771
25670.0 9.4579e-05
25680.0 0.00012272
25690.0 0.00017807
25700.0 0.00015445
25710.0 0.00012609
25720.0 0.00016136
25730.0 9.5296e-05
25740.0 9.8693e-05
25750.0 0.00013202
25760.0 0.00015164
25770.0 0.00023475
25780.0 9.3684e-05
25790.0 0.00010455
25800.0 0.00015257
25810.0 0.00013431
25820.0 0.00014488
25830.0 0.00016068
25840.0 0.00018574
25850.0 0.00016532
25860.0 0.00012752
25870.0 0.0001287 
25880.0 0.00011417
25890.0 0.000128  
25900.0 0.0001591 
25910.0 0.00012744
25920.0 0.00015405
25930.0 0.00016593
25940.0 0.00019072
25950.0 0.00016056
25960.0 0.00018412
25970.0 0.00013063
25980.0 0.00017177
25990.0 0.00017775
26000.0 0.0001221 
26010.0 0.00016064
26020.0 0.00013568
26030.0 9.6832e-05
26040.0 0.00011409
26050.0 0.00016171
26060.0 0.00017548
26070.0 0.00017724
26080.0 0.00014293
26090.0 0.00013351
26100.0 0.00010867
26110.0 0.00010946
26120.0 0.00016247
26130.0 0.00015345
26140.0 0.00015342
26150.0 0.00014751
26160.0 0.00015782
26170.0 0.0001435 
26180.0 0.00011729
26190.0 0.00013636
26200.0 0.00017684
26210.0 0.0001419 
26220.0 0.00016881
26230.0 0.00014785
26240.0 0.00011262
26250.0 0.00017065
26260.0 0.00019089
26270.0 0.00015567
26280.0 8.6393e-05
26290.0 0.00013047
26300.0 0.00010846
26310.0 0.00010631
26320.0 0.00011157
26330.0 0.00015716
26340.0 0.00017201
26350.0 0.00011482
26360.0 0.00015294
26370.0 0.00018246
26380.0 0.00013565
26390.0 0.00013475
26400.0 0.00016881
26410.0 0.00011904
26420.0 0.00012177
26430.0 0.00012996
26440.0 0.0001012 
26450.0 9.0378e-05
26460.0 0.00011198
26470.0 0.00014009
26480.0 0.00015946
26490.0 0.00014795
26500.0 0.00014322
26510.0 0.000113  
26520.0 0.00012241
26530.0 9.4753e-05
26540.0 0.00015136
26550.0 0.00013869
26560.0 0.00015001
26570.0 0.00010531
26580.0 0.00010219
26590.0 0.00011634
26600.0 0.00012734
26610.0 0.00015318
26620.0 0.00014933
26630.0 0.00013966
26640.0 0.00011931
26650.0 0.00015287
26660.0 0.00014824
26670.0 0.00012782
26680.0 0.00011672
26690.0 0.00014739
26700.0 0.00012314
26710.0 0.0001432 
26720.0 9.9206e-05
26730.0 0.00014779
26740.0 0.00010653
26750.0 0.00011071
26760.0 0.00011919
26770.0 0.00021001
26780.0 0.00014315
26790.0 0.00017635
26800.0 0.00018615
26810.0 0.00013873
26820.0 0.00016983
26830.0 0.00013689
26840.0 8.8105e-05
26850.0 8.7065e-05
26860.0 0.00017013
26870.0 0.00010849
26880.0 0.00019689
26890.0 0.00011688
26900.0 0.00012693
26910.0 0.00011456
26920.0 9.1792e-05
26930.0 9.488e-05 
26940.0 0.00016023
26950.0 0.00014052
26960.0 0.00017318
26970.0 0.00016591
26980.0 0.00014003
26990.0 0.00011479
27000.0 0.00014668
27010.0 0.00010704
27020.0 0.00015268
27030.0 0.00019849
27040.0 0.0001344 
27050.0 0.00013438
27060.0 0.0001255 
27070.0 0.00010302
27080.0 0.00011864
27090.0 0.00013556
27100.0 0.00011475
27110.0 0.00017133
27120.0 0.00016399
27130.0 0.00015762
27140.0 0.00015554
27150.0 0.00015596
27160.0 0.00012537
27170.0 0.00019684
27180.0 0.00011185
27190.0 0.00012112
27200.0 0.00013039
27210.0 0.00012889
27220.0 0.00016534
27230.0 0.00012829
27240.0 0.00014875
27250.0 0.00016203
27260.0 0.00018067
27270.0 0.00011572
27280.0 0.00012124
27290.0 0.00015099
27300.0 0.00014284
27310.0 0.00012173
27320.0 0.00011667
27330.0 0.00010121
27340.0 0.00015457
27350.0 0.00018989
27360.0 0.00013332
27370.0 0.00018078
27380.0 0.00013108
27390.0 8.6133e-05
27400.0 0.00012515
27410.0 0.00017083
27420.0 0.00017778
27430.0 0.00019508
27440.0 0.00012206
27450.0 0.00012977
27460.0 0.00017501
27470.0 0.00021277
27480.0 0.00016825
27490.0 0.00017341
27500.0 0.0001064 
27510.0 0.00012788
27520.0 0.00016223
27530.0 0.00019831
27540.0 0.00017503
27550.0 0.00016089
27560.0 0.00016934
27570.0 0.00015998
27580.0 0.00017317
27590.0 0.0001091 
27600.0 0.00014857
27610.0 0.00015054
27620.0 0.00020149
27630.0 0.00013903
27640.0 0.00017675
27650.0 0.00013502
27660.0 0.00014209
27670.0 0.00018077
27680.0 0.00013747
27690.0 0.00016361
27700.0 0.00018257
27710.0 0.00012121
27720.0 0.00010483
27730.0 0.00010053
27740.0 0.00019574
27750.0 0.00014177
27760.0 0.00012889
27770.0 0.00014067
27780.0 0.00011442
27790.0 7.1278e-05
27800.0 0.00012737
27810.0 0.00019734
27820.0 0.00013552
27830.0 0.00011994
27840.0 0.00017665
27850.0 9.064e-05 
27860.0 0.00016075
27870.0 0.00014464
27880.0 0.00011567
27890.0 0.00020454
27900.0 0.00016225
27910.0 0.0001137 
27920.0 0.00022849
27930.0 0.00015019
27940.0 0.00018842
27950.0 0.00014513
27960.0 0.00018361
27970.0 0.00014961
27980.0 0.00016253
27990.0 0.00020831
28000.0 0.00017458
28010.0 0.0001294 
28020.0 0.00014619
28030.0 0.00021138
28040.0 7.4973e-05
28050.0 0.00014894
28060.0 0.00010992
28070.0 0.00013713
28080.0 0.00016431
28090.0 0.00012792
28100.0 0.00017364
28110.0 0.00011946
28120.0 0.00013322
28130.0 0.00012516
28140.0 0.00011524
28150.0 0.00012575
28160.0 0.00011236
28170.0 0.00015726
28180.0 0.00015295
28190.0 0.00020451
28200.0 0.00018433
28210.0 0.00015617
28220.0 0.00018882
28230.0 0.00012706
28240.0 0.00019285
28250.0 0.00017758
28260.0 0.00015171
28270.0 0.00016361
28280.0 0.00015394
28290.0 0.00021159
28300.0 0.00017593
28310.0 0.00015196
28320.0 0.00018381
28330.0 0.00012849
28340.0 0.00015306
28350.0 0.00015339
28360.0 0.00016013
28370.0 0.00021322
28380.0 0.00018164
28390.0 0.00017283
28400.0 0.00015338
28410.0 0.00023879
28420.0 0.00014632
28430.0 0.00021429
28440.0 0.00013978
28450.0 0.00023018
28460.0 0.00019074
28470.0 0.00016096
28480.0 0.00021678
28490.0 0.00019204
28500.0 0.00016673
28510.0 0.00025784
28520.0 0.00019303
28530.0 0.0001039 
28540.0 0.00016847
28550.0 0.00012963
28560.0 0.00027284
28570.0 0.00014443
28580.0 0.00021241
28590.0 0.0002025 
28600.0 0.00026614
28610.0 0.00025028
28620.0 0.00022738
28630.0 0.00026141
28640.0 0.00023185
28650.0 0.00025359
28660.0 0.00020388
28670.0 0.00029815
28680.0 0.0002809 
28690.0 0.00029069
28700.0 0.00023219
28710.0 0.0002208 
28720.0 0.00029945
28730.0 0.00025378
28740.0 0.00029837
28750.0 0.00021559
28760.0 0.00018173
28770.0 0.00031463
28780.0 0.00019283
28790.0 0.00021662
28800.0 0.00028583
28810.0 0.0001605 
28820.0 0.00019217
28830.0 0.00024031
28840.0 0.0002966 
28850.0 0.00037034
28860.0 0.00027875
28870.0 0.00026534
28880.0 0.00025216
28890.0 0.00034412
28900.0 0.00018273
28910.0 0.00031778
28920.0 0.00021998
28930.0 0.00035778
28940.0 0.00027547
28950.0 0.00034691
28960.0 0.00028948
28970.0 0.00031872
28980.0 0.00029457
28990.0 0.00028819
29000.0 0.00035372
29010.0 0.0003655 
29020.0 0.00037729
29030.0 0.00038877
29040.0 0.00038267
29050.0 0.00029176
29060.0 0.00040612
29070.0 0.00037122
29080.0 0.00037333
29090.0 0.00032765
29100.0 0.00032038
29110.0 0.00046766
29120.0 0.00038291
29130.0 0.00035573
29140.0 0.00034749
29150.0 0.00042846
29160.0 0.00036156
29170.0 0.00048378
29180.0 0.00027455
29190.0 0.00034734
29200.0 0.00040032
29210.0 0.00030087
29220.0 0.0002609 
29230.0 0.00026216
29240.0 0.00038887
29250.0 0.00037993
29260.0 0.00045514
29270.0 0.00035167
29280.0 0.00044878
29290.0 0.00046213
29300.0 0.00041032
29310.0 0.00036951
29320.0 0.00038288
29330.0 0.00038396
29340.0 0.00016713
29350.0 0.00036664
29360.0 0.00044594
29370.0 0.00031496
29380.0 0.00042837
29390.0 0.00038537
29400.0 0.00044489
29410.0 0.00051565
29420.0 0.00036983
29430.0 0.00034927
29440.0 0.00049069
29450.0 0.00044672
29460.0 0.00042582
29470.0 0.0005457 
29480.0 0.00035947
29490.0 0.00033724
29500.0 0.00044694
29510.0 0.00043684
29520.0 0.00051241
29530.0 0.00042948
29540.0 0.0003221 
29550.0 0.00047118
29560.0 0.00028895
29570.0 0.000501  
29580.0 0.00041654
29590.0 0.00034379
29600.0 0.00044662
29610.0 0.00048762
29620.0 0.00040152
29630.0 0.00039058
29640.0 0.00038028
29650.0 0.00053942
29660.0 0.00024085
29670.0 0.00052035
29680.0 0.00052394
29690.0 0.00040686
29700.0 0.00035578
29710.0 0.00026256
29720.0 0.0005106 
29730.0 0.00044436
29740.0 0.00039249
29750.0 0.0005331 
29760.0 0.0005644 
29770.0 0.00048372
29780.0 0.00051428
29790.0 0.00040366
29800.0 0.00040627
29810.0 0.00046626
29820.0 0.00048377
29830.0 0.00064654
29840.0 0.00051832
29850.0 0.00055068
29860.0 0.00048005
29870.0 0.0008264 
29880.0 0.00039613
29890.0 0.00059476
29900.0 0.00055334
29910.0 0.00081766
29920.0 0.00039115
29930.0 0.00050233
29940.0 0.00063226
29950.0 0.00062026
29960.0 0.00049702
29970.0 0.00054927
29980.0 0.00050405
29990.0 0.00052415
30000.0 0.00064255
30010.0 0.00072814
30020.0 0.00071639
30030.0 0.0006213 
30040.0 0.00060941
30050.0 0.0005627 
30060.0 0.00065143
30070.0 0.00062251
30080.0 0.00057468
30090.0 0.00059567
30100.0 0.00032058
30110.0 0.00074431
30120.0 0.00064336
30130.0 0.00057717
30140.0 0.00050869
30150.0 0.00076514
30160.0 0.00058921
30170.0 0.00066693
30180.0 0.00069076
30190.0 0.00084491
30200.0 0.00060708
30210.0 0.00051643
30220.0 0.00063421
30230.0 0.00073539
30240.0 0.00048967
30250.0 0.00088176
30260.0 0.00081061
30270.0 0.00089421
30280.0 0.0010799 
30290.0 0.0005879 
30300.0 0.00067237
30310.0 0.00071824
30320.0 0.00086725
30330.0 0.00099688
30340.0 0.00061066
30350.0 0.00063564
30360.0 0.00095756
30370.0 0.00089938
30380.0 0.00090794
30390.0 0.00084941
30400.0 0.00081379
30410.0 0.0008852 
30420.0 0.001024  
30430.0 0.00078777
30440.0 0.00099586
30450.0 0.00080108
30460.0 0.00083006
30470.0 0.00042302
30480.0 0.00077352
30490.0 0.00084997
30500.0 0.001068  
30510.0 0.00072097
30520.0 0.00094073
30530.0 0.0010709 
30540.0 0.0008593 
30550.0 0.00089088
30560.0 0.0011448 
30570.0 0.00097981
30580.0 0.00086196
30590.0 0.0012494 
30600.0 0.00090284
30610.0 0.00062644
30620.0 0.0014097 
30630.0 0.00071624
30640.0 0.001038  
30650.0 0.0010992 
30660.0 0.0013237 
30670.0 0.00076785
30680.0 0.00069316
30690.0 0.0010564 
30700.0 0.00112   
30710.0 0.00070969
30720.0 0.00074479
30730.0 0.00063681
30740.0 0.00092968
30750.0 0.00073638
30760.0 0.00080126
30770.0 0.00098552
30780.0 0.0010537 
30790.0 0.001182  
30800.0 0.0010412 
30810.0 0.0010805 
30820.0 0.0010586 
30830.0 0.0014736 
30840.0 0.0012023 
30850.0 0.0010565 
30860.0 0.0014151 
30870.0 0.0010734 
30880.0 0.00098624
30890.0 0.0010934 
30900.0 0.00096997
30910.0 0.0015111 
30920.0 0.001257  
30930.0 0.0010985 
30940.0 0.0013135 
30950.0 0.0014285 
30960.0 0.0015093 
30970.0 0.0012453 
30980.0 0.0017143 
30990.0 0.0011585 
31000.0 0.001567  
31010.0 0.00099821
31020.0 0.0014124 
31030.0 0.0016124 
31040.0 0.0010274 
31050.0 0.00134   
31060.0 0.0016202 
31070.0 0.0012098 
31080.0 0.0011433 
31090.0 0.0017815 
31100.0 0.0016    
31110.0 0.0015722 
31120.0 0.0020301 
31130.0 0.0016015 
31140.0 0.001289  
31150.0 0.0015066 
31160.0 0.0014354 
31170.0 0.0013231 
31180.0 0.0018896 
31190.0 0.0010443 
31200.0 0.0017008 
31210.0 0.0012364 
31220.0 0.0015553 
31230.0 0.001613  
31240.0 0.0012692 
31250.0 0.0014147 
31260.0 0.0018791 
31270.0 0.0012566 
31280.0 0.0013119 
31290.0 0.0017869 
31300.0 0.00096074
31310.0 0.0018647 
31320.0 0.0020688 
31330.0 0.0016526 
31340.0 0.001959  
31350.0 0.0014846 
31360.0 0.0022836 
31370.0 0.0011139 
31380.0 0.0014195 
31390.0 0.0020345 
31400.0 0.0020551 
31410.0 0.0020137 
31420.0 0.0019226 
31430.0 0.0013172 
31440.0 0.0017482 
31450.0 0.0012874 
31460.0 0.0015561 
31470.0 0.001625  
31480.0 0.0020646 
31490.0 0.002241  
31500.0 0.0026393 
31510.0 0.0021651 
31520.0 0.0025112 
31530.0 0.0023024 
31540.0 0.0014276 
31550.0 0.0027331 
31560.0 0.0019056 
31570.0 0.002773  
31580.0 0.0018688 
31590.0 0.002695  
31600.0 0.002419  
31610.0 0.0018514 
31620.0 0.0024557 
31630.0 0.0019386 
31640.0 0.0020693 
31650.0 0.0029931 
31660.0 0.0017329 
31670.0 0.0021724 
31680.0 0.0013906 
31690.0 0.0022682 
31700.0 0.0021567 
31710.0 0.0026133 
31720.0 0.0024988 
31730.0 0.0021399 
31740.0 0.0025993 
31750.0 0.0024218 
31760.0 0.0019189 
31770.0 0.0025934 
31780.0 0.0016207 
31790.0 0.0023674 
31800.0 0.0028543 
31810.0 0.0021306 
31820.0 0.0022193 
31830.0 0.0028512 
31840.0 0.0027433 
31850.0 0.0029082 
31860.0 0.0031425 
31870.0 0.0023905 
31880.0 0.0024839 
31890.0 0.0019267 
31900.0 0.0033434 
31910.0 0.0024922 
31920.0 0.0028096 
31930.0 0.0027656 
31940.0 0.0021827 
31950.0 0.002909  
31960.0 0.0013698 
31970.0 0.0026526 
31980.0 0.0041149 
31990.0 0.0031891 
32000.0 0.0023258 
32010.0 0.0029214 
32020.0 0.0026181 
32030.0 0.0030689 
32040.0 0.0030055 
32050.0 0.0024405 
32060.0 0.0014238 
32070.0 0.0042273 
32080.0 0.0031328 
32090.0 0.0026228 
32100.0 0.0025705 
32110.0 0.0030485 
32120.0 0.0022521 
32130.0 0.0038509 
32140.0 0.0029631 
32150.0 0.0031878 
32160.0 0.0025554 
32170.0 0.0028781 
32180.0 0.0016306 
32190.0 0.0044394 
32200.0 0.0032819 
32210.0 0.0041387 
32220.0 0.0032793 
32230.0 0.0035141 
32240.0 0.0038795 
32250.0 0.0027406 
32260.0 0.0037497 
32270.0 0.0044477 
32280.0 0.0053751 
32290.0 0.0043274 
32300.0 0.0043583 
32310.0 0.0043055 
32320.0 0.0041099 
32330.0 0.0033416 
32340.0 0.0034828 
32350.0 0.0050859 
32360.0 0.0039167 
32370.0 0.0045746 
32380.0 0.0058344 
32390.0 0.0047926 
32400.0 0.0023526 
32410.0 0.0046733 
32420.0 0.0039761 
32430.0 0.0036368 
32440.0 0.0052634 
32450.0 0.0044052 
32460.0 0.0048901 
32470.0 0.0048491 
32480.0 0.006638  
32490.0 0.0051658 
32500.0 0.0039342 
32510.0 0.0035557 
32520.0 0.006219  
32530.0 0.0057486 
32540.0 0.005348  
32550.0 0.0054655 
32560.0 0.0047417 
32570.0 0.0056834 
32580.0 0.0054534 
32590.0 0.0071002 
32600.0 0.0067343 
32610.0 0.007047  
32620.0 0.0080754 
32630.0 0.0053997 
32640.0 0.0087145 
32650.0 0.0063701 
32660.0 0.0066672 
32670.0 0.0065356 
32680.0 0.0084748 
32690.0 0.0049124 
32700.0 0.0078862 
32710.0 0.0075697 
32720.0 0.0055256 
32730.0 0.0071766 
32740.0 0.0099094 
32750.0 0.0089178 
32760.0 0.0078859 
32770.0 0.0094638 
32780.0 0.0091535 
32790.0 0.0054526 
32800.0 0.0087904 
32810.0 0.0091907 
32820.0 0.009404  
32830.0 0.0088064 
32840.0 0.010069  
32850.0 0.0097754 
32860.0 0.0094619 
32870.0 0.006571  
32880.0 0.009348  
32890.0 0.012125  
32900.0 0.010315  
32910.0 0.012803  
32920.0 0.013023  
32930.0 0.013522  
32940.0 0.0098269 
32950.0 0.011143  
32960.0 0.0082921 
32970.0 0.014635  
32980.0 0.012295  
32990.0 0.0075745 
33000.0 0.014007  
