#H	G0203
#scanned warm
#Wavelength (Ang) Transmission
8000.0  0.0001766 
8010.0  0.00014067
8020.0  0.00016821
8030.0  0.0001984 
8040.0  0.00018791
8050.0  0.0001755 
8060.0  0.00018483
8070.0  0.00012731
8080.0  0.0002008 
8090.0  0.00017391
8100.0  0.00018852
8110.0  0.0001502 
8120.0  0.00011234
8130.0  0.00017687
8140.0  0.00013707
8150.0  0.00012386
8160.0  9.3747e-05
8170.0  0.00018735
8180.0  0.0001278 
8190.0  0.00016387
8200.0  0.00010443
8210.0  0.00015263
8220.0  0.00017974
8230.0  0.00011021
8240.0  0.00021403
8250.0  0.00012767
8260.0  0.00017986
8270.0  0.00014614
8280.0  0.00015674
8290.0  0.00016409
8300.0  0.00017087
8310.0  0.00010762
8320.0  0.00020682
8330.0  0.00011155
8340.0  0.00015029
8350.0  0.0001616 
8360.0  0.00012847
8370.0  0.00017376
8380.0  0.00019465
8390.0  0.00014013
8400.0  0.0001595 
8410.0  0.00016447
8420.0  0.00015745
8430.0  0.00015928
8440.0  0.00017758
8450.0  0.00011447
8460.0  0.00020017
8470.0  7.5778e-05
8480.0  0.00014271
8490.0  0.00012756
8500.0  0.00017262
8510.0  0.00016842
8520.0  0.00013235
8530.0  0.00019317
8540.0  0.0001083 
8550.0  0.00011437
8560.0  0.00014939
8570.0  0.00021008
8580.0  0.00014716
8590.0  0.00018344
8600.0  0.00022996
8610.0  0.0001195 
8620.0  0.00012208
8630.0  0.00019727
8640.0  0.0001697 
8650.0  0.00017523
8660.0  0.00014391
8670.0  0.00023051
8680.0  0.00014597
8690.0  0.00013586
8700.0  0.00019931
8710.0  0.00023132
8720.0  0.00018305
8730.0  0.0001886 
8740.0  0.00021114
8750.0  0.00012847
8760.0  0.00010465
8770.0  0.00023095
8780.0  0.00020525
8790.0  0.00024071
8800.0  0.00014115
8810.0  0.00013515
8820.0  0.00016443
8830.0  0.00019764
8840.0  9.1386e-05
8850.0  0.00017961
8860.0  0.00014568
8870.0  0.00015457
8880.0  0.00014401
8890.0  0.0002177 
8900.0  0.00022222
8910.0  0.00012439
8920.0  0.00015331
8930.0  0.00020275
8940.0  0.00014373
8950.0  0.00014042
8960.0  0.00015689
8970.0  0.0001399 
8980.0  0.0001972 
8990.0  0.00014238
9000.0  0.00019134
9010.0  0.00012786
9020.0  0.00010935
9030.0  0.00018468
9040.0  0.00014856
9050.0  0.00011067
9060.0  0.00013042
9070.0  0.00012836
9080.0  0.00018525
9090.0  0.00012936
9100.0  0.0001858 
9110.0  0.00019028
9120.0  0.00014854
9130.0  0.00015084
9140.0  0.00017287
9150.0  0.00011125
9160.0  0.00020808
9170.0  0.00018061
9180.0  0.00013805
9190.0  0.00021357
9200.0  0.00012061
9210.0  0.00022693
9220.0  0.00014253
9230.0  0.00016653
9240.0  0.00012485
9250.0  0.00019589
9260.0  0.0001505 
9270.0  0.00012893
9280.0  0.00014964
9290.0  0.00017977
9300.0  0.00011558
9310.0  0.00021345
9320.0  0.00015204
9330.0  0.00018118
9340.0  0.00013937
9350.0  0.00012208
9360.0  0.00013291
9370.0  0.00013649
9380.0  0.00018983
9390.0  0.00018237
9400.0  0.00016336
9410.0  0.00016623
9420.0  0.00016674
9430.0  0.00015707
9440.0  0.00011621
9450.0  0.00013528
9460.0  0.00010775
9470.0  0.00017439
9480.0  0.00020222
9490.0  0.00015732
9500.0  0.00013755
9510.0  0.00013933
9520.0  0.00015017
9530.0  0.0001883 
9540.0  0.00014233
9550.0  0.0001524 
9560.0  0.00016711
9570.0  0.00012728
9580.0  0.00019245
9590.0  0.00018215
9600.0  0.0001501 
9610.0  0.00018383
9620.0  0.00017547
9630.0  0.00017472
9640.0  9.3908e-05
9650.0  0.00022224
9660.0  0.00019257
9670.0  0.00015158
9680.0  0.00014734
9690.0  0.0001429 
9700.0  0.0001796 
9710.0  0.00013946
9720.0  0.00017031
9730.0  0.00010114
9740.0  0.0001233 
9750.0  0.00014409
9760.0  0.00016146
9770.0  0.00015764
9780.0  0.00018095
9790.0  0.00014331
9800.0  0.00012886
9810.0  0.00013485
9820.0  0.00013971
9830.0  0.00010166
9840.0  0.00011464
9850.0  0.00021878
9860.0  0.00014685
9870.0  0.0001124 
9880.0  0.00017019
9890.0  0.00018684
9900.0  0.0001485 
9910.0  0.00013562
9920.0  0.00016978
9930.0  0.00014104
9940.0  0.00018922
9950.0  0.00011781
9960.0  0.00011852
9970.0  0.00011506
9980.0  0.00016473
9990.0  0.00016889
10000.0 0.00013986
10010.0 0.00014245
10020.0 0.00016134
10030.0 0.00012589
10040.0 0.00015611
10050.0 0.00014835
10060.0 9.6842e-05
10070.0 0.00020609
10080.0 0.00018146
10090.0 0.00017537
10100.0 0.00015327
10110.0 0.00017154
10120.0 0.00013736
10130.0 0.00015289
10140.0 0.00010631
10150.0 0.00015107
10160.0 0.00012719
10170.0 0.00015063
10180.0 0.00015068
10190.0 0.00021596
10200.0 0.00011088
10210.0 0.00018481
10220.0 0.00011946
10230.0 0.00024011
10240.0 9.7208e-05
10250.0 0.00022364
10260.0 0.00015168
10270.0 0.00017153
10280.0 0.00015602
10290.0 0.0001762 
10300.0 0.00014324
10310.0 0.00018103
10320.0 0.00016982
10330.0 0.00016041
10340.0 0.00022755
10350.0 0.00014305
10360.0 0.00015088
10370.0 0.0001631 
10380.0 0.0001434 
10390.0 0.00012114
10400.0 0.00014006
10410.0 0.00019523
10420.0 0.00011884
10430.0 0.00018089
10440.0 0.00012967
10450.0 0.00013301
10460.0 0.000123  
10470.0 0.00015437
10480.0 0.0002023 
10490.0 0.00013852
10500.0 0.00010118
10510.0 0.00016776
10520.0 0.00017307
10530.0 0.00013867
10540.0 0.00010575
10550.0 0.00016212
10560.0 0.00014025
10570.0 0.0001284 
10580.0 0.00012342
10590.0 0.00015544
10600.0 0.00016625
10610.0 0.00014575
10620.0 0.00019878
10630.0 0.00016224
10640.0 0.00011884
10650.0 0.00019809
10660.0 0.00015961
10670.0 0.0001799 
10680.0 0.00014741
10690.0 0.00015527
10700.0 0.00018106
10710.0 0.0001009 
10720.0 0.00021045
10730.0 0.00017537
10740.0 0.00016986
10750.0 0.0001598 
10760.0 0.00013286
10770.0 0.00015017
10780.0 0.00015747
10790.0 0.00010517
10800.0 0.00016585
10810.0 0.00017967
10820.0 9.3209e-05
10830.0 0.00018778
10840.0 9.7739e-05
10850.0 0.00014247
10860.0 0.0001013 
10870.0 0.00013395
10880.0 0.00016466
10890.0 0.00015213
10900.0 0.00014288
10910.0 7.4872e-05
10920.0 0.00019419
10930.0 0.00013033
10940.0 0.00012653
10950.0 0.00020219
10960.0 0.00011409
10970.0 0.0001419 
10980.0 0.00014477
10990.0 0.0001924 
11000.0 0.00017758
11010.0 0.00011456
11020.0 0.00017104
11030.0 0.00020691
11040.0 0.00013444
11050.0 0.00014669
11060.0 0.00016067
11070.0 0.00014868
11080.0 0.00014414
11090.0 0.0001325 
11100.0 0.00023463
11110.0 8.7989e-05
11120.0 0.00022438
11130.0 0.00012982
11140.0 0.00013936
11150.0 0.00020923
11160.0 0.00015652
11170.0 0.000203  
11180.0 0.00015181
11190.0 0.00011916
11200.0 0.000175  
11210.0 0.00016349
11220.0 0.0001483 
11230.0 0.00014319
11240.0 0.00012301
11250.0 0.00016827
11260.0 0.00013958
11270.0 0.00017724
11280.0 0.00016064
11290.0 0.00016869
11300.0 8.4824e-05
11310.0 0.0001479 
11320.0 0.00018923
11330.0 0.00011386
11340.0 0.00015605
11350.0 0.0001574 
11360.0 0.00015607
11370.0 0.00017262
11380.0 0.00012319
11390.0 0.00010528
11400.0 0.00013789
11410.0 0.00013994
11420.0 0.00012686
11430.0 0.00019842
11440.0 0.00016917
11450.0 0.00013956
11460.0 0.00011768
11470.0 0.00023591
11480.0 0.00018562
11490.0 0.00017761
11500.0 0.00016098
11510.0 0.00011824
11520.0 0.00015147
11530.0 0.000126  
11540.0 0.00014769
11550.0 0.00016098
11560.0 0.00013541
11570.0 0.0002029 
11580.0 0.00016064
11590.0 0.00014816
11600.0 0.00018976
11610.0 0.00017764
11620.0 0.00013046
11630.0 0.00011435
11640.0 0.00016845
11650.0 0.00011424
11660.0 0.00015586
11670.0 0.00015219
11680.0 0.00013037
11690.0 0.00018163
11700.0 0.00016002
11710.0 0.00016069
11720.0 0.00016003
11730.0 0.00019019
11740.0 0.00013058
11750.0 0.00015601
11760.0 0.00016515
11770.0 0.00010112
11780.0 0.00014795
11790.0 0.00025755
11800.0 0.00018207
11810.0 0.00013425
11820.0 0.00013106
11830.0 0.00017279
11840.0 0.00013481
11850.0 0.00019805
11860.0 0.00016857
11870.0 0.00011387
11880.0 0.00013087
11890.0 0.00016039
11900.0 0.00017687
11910.0 0.00016013
11920.0 0.00012218
11930.0 0.00013912
11940.0 0.00014758
11950.0 0.0001558 
11960.0 0.00013039
11970.0 0.00016499
11980.0 0.00014596
11990.0 0.00013109
12000.0 0.00017277
12010.0 0.00018467
12020.0 0.00013114
12030.0 0.00013581
12040.0 0.00011405
12050.0 0.00013081
12060.0 0.00015641
12070.0 6.7636e-05
12080.0 0.00015629
12090.0 0.00019428
12100.0 0.00013921
12110.0 0.00015608
12120.0 0.0001898 
12130.0 0.00013069
12140.0 0.000177  
12150.0 0.00015168
12160.0 0.00013899
12170.0 0.00017692
12180.0 0.00020633
12190.0 0.00015156
12200.0 0.00015572
12210.0 0.00015568
12220.0 0.00015148
12230.0 0.00013457
12240.0 0.00015566
12250.0 0.00015138
12260.0 0.00013455
12270.0 0.00018507
12280.0 0.00020611
12290.0 0.00013031
12300.0 0.00015554
12310.0 0.00015136
12320.0 0.00014293
12330.0 0.0001724 
12340.0 0.00012189
12350.0 0.00014718
12360.0 0.00019757
12370.0 0.00013462
12380.0 0.00017667
12390.0 0.00013883
12400.0 0.00014304
12410.0 0.00018507
12420.0 0.00014725
12430.0 0.00017648
12440.0 0.00016795
12450.0 0.00017223
12460.0 0.00015931
12470.0 0.00011341
12480.0 0.00016803
12490.0 9.2483e-05
12500.0 0.00014706
12510.0 0.00018095
12520.0 0.00017643
12530.0 0.00016756
12540.0 0.00011331
12550.0 0.00015532
12560.0 0.00013005
12570.0 0.00010057
12580.0 0.00012156
12590.0 0.00016773
12600.0 0.00013007
12610.0 0.00017632
12620.0 0.0001595 
12630.0 9.9573e-05
12640.0 0.00013452
12650.0 0.0001497 
12660.0 0.00017657
12670.0 0.00019179
12680.0 0.00022278
12690.0 0.00013823
12700.0 0.00014603
12710.0 0.00012603
12720.0 0.0001675 
12730.0 0.00021369
12740.0 0.00013411
12750.0 0.000176  
12760.0 0.00016752
12770.0 0.00014971
12780.0 0.00023057
12790.0 0.00018411
12800.0 0.00012411
12810.0 0.00017491
12820.0 0.00020146
12830.0 0.00013477
12840.0 0.00016345
12850.0 0.00014547
12860.0 0.00015561
12870.0 0.00021711
12880.0 9.8394e-05
12890.0 0.00018227
12900.0 0.00020909
12910.0 0.00014207
12920.0 0.00018678
12930.0 0.00015763
12940.0 0.00010893
12950.0 0.00011748
12960.0 0.00016274
12970.0 0.00017968
12980.0 0.00017931
12990.0 0.00012185
13000.0 0.00015019
13010.0 9.9503e-05
13020.0 0.00013034
13030.0 0.00012838
13040.0 0.0001718 
13050.0 0.00012446
13060.0 0.00013413
13070.0 0.00016279
13080.0 0.00017647
13090.0 0.00014703
13100.0 0.00011069
13110.0 0.00016271
13120.0 0.00019201
13130.0 0.00013373
13140.0 0.00018811
13150.0 0.00016643
13160.0 0.00015834
13170.0 9.1234e-05
13180.0 0.00015954
13190.0 0.0001665 
13200.0 0.00020325
13210.0 0.00017956
13220.0 0.00018353
13230.0 0.0001503 
13240.0 0.00020827
13250.0 0.00011649
13260.0 0.00015824
13270.0 0.00017908
13280.0 0.00019162
13290.0 0.00012896
13300.0 8.2904e-05
13310.0 0.00010347
13320.0 0.00018716
13330.0 0.00015889
13340.0 0.00012474
13350.0 0.00017016
13360.0 0.00011218
13370.0 0.00014527
13380.0 0.00019551
13390.0 0.00012433
13400.0 0.00014149
13410.0 0.00017946
13420.0 0.00015705
13430.0 0.00016035
13440.0 0.00015044
13450.0 0.00018675
13460.0 0.00016556
13470.0 0.00010986
13480.0 0.00016328
13490.0 0.00017406
13500.0 0.00016051
13510.0 0.00015814
13520.0 0.00017171
13530.0 0.0002047 
13540.0 0.00014628
13550.0 0.00013434
13560.0 0.0001414 
13570.0 0.00013246
13580.0 0.00015654
13590.0 0.00018557
13600.0 7.9457e-05
13610.0 0.00015297
13620.0 0.00014694
13630.0 0.00019656
13640.0 0.00015319
13650.0 0.00011395
13660.0 0.00016576
13670.0 0.00015744
13680.0 0.00013937
13690.0 0.00015676
13700.0 0.0001788 
13710.0 0.00015172
13720.0 0.00016314
13730.0 0.00019084
13740.0 0.00027022
13750.0 0.00011509
13760.0 0.00021325
13770.0 0.00012916
13780.0 0.00015057
13790.0 0.00016199
13800.0 0.00016847
13810.0 0.00021082
13820.0 0.00019958
13830.0 0.00011983
13840.0 0.00018233
13850.0 0.00011619
13860.0 0.0001807 
13870.0 0.00012883
13880.0 0.00019779
13890.0 0.00015033
13900.0 0.0001752 
13910.0 0.00015642
13920.0 0.00016294
13930.0 0.00014542
13940.0 0.00012936
13950.0 0.00019486
13960.0 0.00016812
13970.0 0.00012103
13980.0 0.00015851
13990.0 0.00016439
14000.0 0.00020357
14010.0 0.00022721
14020.0 0.00018492
14030.0 0.00024767
14040.0 0.00015815
14050.0 0.00021476
14060.0 0.00018439
14070.0 0.00019875
14080.0 0.00017585
14090.0 0.00022558
14100.0 0.00018663
14110.0 0.00023597
14120.0 0.00019778
14130.0 0.00018934
14140.0 0.00018936
14150.0 0.00020697
14160.0 0.00026401
14170.0 0.00018704
14180.0 0.00022248
14190.0 0.00020704
14200.0 0.0002097 
14210.0 0.00026101
14220.0 0.00022443
14230.0 0.00026682
14240.0 0.00029604
14250.0 0.00036485
14260.0 0.00035451
14270.0 0.00038964
14280.0 0.00037503
14290.0 0.00040573
14300.0 0.00041948
14310.0 0.00045963
14320.0 0.00050531
14330.0 0.00057046
14340.0 0.00056351
14350.0 0.00057487
14360.0 0.00059729
14370.0 0.00065955
14380.0 0.00071257
14390.0 0.00076782
14400.0 0.00080904
14410.0 0.00086344
14420.0 0.00084225
14430.0 0.00091494
14440.0 0.00096561
14450.0 0.00095268
14460.0 0.0011211 
14470.0 0.0011631 
14480.0 0.0012041 
14490.0 0.0012682 
14500.0 0.0014001 
14510.0 0.0014791 
14520.0 0.0015848 
14530.0 0.0017083 
14540.0 0.0018051 
14550.0 0.0019692 
14560.0 0.0021409 
14570.0 0.0022721 
14580.0 0.0024257 
14590.0 0.0026597 
14600.0 0.0029231 
14610.0 0.0032354 
14620.0 0.0035263 
14630.0 0.0039165 
14640.0 0.0042356 
14650.0 0.0047115 
14660.0 0.0052464 
14670.0 0.0058445 
14680.0 0.0064635 
14690.0 0.0073264 
14700.0 0.008161  
14710.0 0.0092378 
14720.0 0.010458  
14730.0 0.011776  
14740.0 0.013398  
14750.0 0.015226  
14760.0 0.017303  
14770.0 0.019729  
14780.0 0.02253   
14790.0 0.02581   
14800.0 0.029527  
14810.0 0.033896  
14820.0 0.038919  
14830.0 0.044458  
14840.0 0.051081  
14850.0 0.058341  
14860.0 0.0669    
14870.0 0.076482  
14880.0 0.087216  
14890.0 0.099081  
14900.0 0.11228   
14910.0 0.12705   
14920.0 0.14339   
14930.0 0.16167   
14940.0 0.18082   
14950.0 0.20223   
14960.0 0.225     
14970.0 0.24979   
14980.0 0.27651   
14990.0 0.30444   
15000.0 0.33534   
15010.0 0.36659   
15020.0 0.39956   
15030.0 0.4346    
15040.0 0.46935   
15050.0 0.50552   
15060.0 0.54276   
15070.0 0.57896   
15080.0 0.61413   
15090.0 0.64858   
15100.0 0.68045   
15110.0 0.71036   
15120.0 0.73735   
15130.0 0.76108   
15140.0 0.78127   
15150.0 0.79744   
15160.0 0.81038   
15170.0 0.82024   
15180.0 0.82669   
15190.0 0.83074   
15200.0 0.8327    
15210.0 0.83259   
15220.0 0.83159   
15230.0 0.82957   
15240.0 0.82675   
15250.0 0.82384   
15260.0 0.82082   
15270.0 0.81803   
15280.0 0.81547   
15290.0 0.81328   
15300.0 0.81197   
15310.0 0.811     
15320.0 0.81051   
15330.0 0.81095   
15340.0 0.81178   
15350.0 0.81279   
15360.0 0.81444   
15370.0 0.81656   
15380.0 0.81899   
15390.0 0.82142   
15400.0 0.82416   
15410.0 0.82697   
15420.0 0.82976   
15430.0 0.83233   
15440.0 0.83502   
15450.0 0.83717   
15460.0 0.83917   
15470.0 0.84105   
15480.0 0.84219   
15490.0 0.84335   
15500.0 0.84403   
15510.0 0.84414   
15520.0 0.84461   
15530.0 0.84455   
15540.0 0.8439    
15550.0 0.84374   
15560.0 0.84294   
15570.0 0.84224   
15580.0 0.84141   
15590.0 0.84087   
15600.0 0.83996   
15610.0 0.83961   
15620.0 0.83954   
15630.0 0.83857   
15640.0 0.83892   
15650.0 0.83916   
15660.0 0.83914   
15670.0 0.83971   
15680.0 0.84086   
15690.0 0.84166   
15700.0 0.84269   
15710.0 0.84415   
15720.0 0.84556   
15730.0 0.8468    
15740.0 0.84862   
15750.0 0.85055   
15760.0 0.85226   
15770.0 0.85393   
15780.0 0.85596   
15790.0 0.85792   
15800.0 0.85949   
15810.0 0.86126   
15820.0 0.86304   
15830.0 0.86468   
15840.0 0.8661    
15850.0 0.86717   
15860.0 0.8688    
15870.0 0.86963   
15880.0 0.8702    
15890.0 0.87129   
15900.0 0.8717    
15910.0 0.87187   
15920.0 0.87234   
15930.0 0.87248   
15940.0 0.87263   
15950.0 0.87254   
15960.0 0.87257   
15970.0 0.87247   
15980.0 0.87209   
15990.0 0.872     
16000.0 0.87165   
16010.0 0.87136   
16020.0 0.87134   
16030.0 0.87134   
16040.0 0.87139   
16050.0 0.87111   
16060.0 0.87152   
16070.0 0.87189   
16080.0 0.87199   
16090.0 0.87252   
16100.0 0.87298   
16110.0 0.87354   
16120.0 0.8742    
16130.0 0.87492   
16140.0 0.87591   
16150.0 0.87651   
16160.0 0.87751   
16170.0 0.8783    
16180.0 0.87916   
16190.0 0.88      
16200.0 0.88061   
16210.0 0.88166   
16220.0 0.88186   
16230.0 0.88242   
16240.0 0.88266   
16250.0 0.88304   
16260.0 0.88288   
16270.0 0.88269   
16280.0 0.88223   
16290.0 0.88155   
16300.0 0.8806    
16310.0 0.8793    
16320.0 0.87788   
16330.0 0.87637   
16340.0 0.87467   
16350.0 0.87261   
16360.0 0.87042   
16370.0 0.86795   
16380.0 0.86556   
16390.0 0.86283   
16400.0 0.85989   
16410.0 0.85721   
16420.0 0.85432   
16430.0 0.85146   
16440.0 0.84861   
16450.0 0.84567   
16460.0 0.84316   
16470.0 0.84027   
16480.0 0.83777   
16490.0 0.83557   
16500.0 0.8333    
16510.0 0.83107   
16520.0 0.82951   
16530.0 0.82806   
16540.0 0.82651   
16550.0 0.82541   
16560.0 0.8248    
16570.0 0.8241    
16580.0 0.82379   
16590.0 0.82357   
16600.0 0.8239    
16610.0 0.82451   
16620.0 0.82523   
16630.0 0.82632   
16640.0 0.8277    
16650.0 0.82913   
16660.0 0.83086   
16670.0 0.83299   
16680.0 0.8348    
16690.0 0.83715   
16700.0 0.83939   
16710.0 0.84192   
16720.0 0.84441   
16730.0 0.84702   
16740.0 0.84944   
16750.0 0.85206   
16760.0 0.85446   
16770.0 0.85722   
16780.0 0.85935   
16790.0 0.86147   
16800.0 0.86366   
16810.0 0.86567   
16820.0 0.86755   
16830.0 0.86909   
16840.0 0.87071   
16850.0 0.87198   
16860.0 0.87272   
16870.0 0.87336   
16880.0 0.87376   
16890.0 0.87408   
16900.0 0.87417   
16910.0 0.87397   
16920.0 0.87366   
16930.0 0.87326   
16940.0 0.87254   
16950.0 0.87164   
16960.0 0.87064   
16970.0 0.86939   
16980.0 0.86835   
16990.0 0.86709   
17000.0 0.86578   
17010.0 0.8645    
17020.0 0.86349   
17030.0 0.86226   
17040.0 0.86126   
17050.0 0.86034   
17060.0 0.85959   
17070.0 0.85864   
17080.0 0.85826   
17090.0 0.85786   
17100.0 0.85762   
17110.0 0.85764   
17120.0 0.85773   
17130.0 0.85811   
17140.0 0.85832   
17150.0 0.85863   
17160.0 0.85922   
17170.0 0.85972   
17180.0 0.86016   
17190.0 0.86062   
17200.0 0.86121   
17210.0 0.86155   
17220.0 0.86172   
17230.0 0.86199   
17240.0 0.86185   
17250.0 0.86159   
17260.0 0.86103   
17270.0 0.86029   
17280.0 0.85904   
17290.0 0.85755   
17300.0 0.85593   
17310.0 0.85386   
17320.0 0.8513    
17330.0 0.84867   
17340.0 0.84546   
17350.0 0.84178   
17360.0 0.83815   
17370.0 0.83426   
17380.0 0.83      
17390.0 0.82564   
17400.0 0.82112   
17410.0 0.81667   
17420.0 0.81204   
17430.0 0.80755   
17440.0 0.80337   
17450.0 0.79892   
17460.0 0.79473   
17470.0 0.79098   
17480.0 0.78745   
17490.0 0.78416   
17500.0 0.78127   
17510.0 0.77881   
17520.0 0.7767    
17530.0 0.77519   
17540.0 0.77386   
17550.0 0.77322   
17560.0 0.7729    
17570.0 0.77311   
17580.0 0.77383   
17590.0 0.77488   
17600.0 0.77643   
17610.0 0.77838   
17620.0 0.7809    
17630.0 0.78316   
17640.0 0.78605   
17650.0 0.78949   
17660.0 0.79246   
17670.0 0.7955    
17680.0 0.79883   
17690.0 0.80191   
17700.0 0.8047    
17710.0 0.80705   
17720.0 0.80897   
17730.0 0.81036   
17740.0 0.81081   
17750.0 0.81037   
17760.0 0.809     
17770.0 0.80632   
17780.0 0.80213   
17790.0 0.79684   
17800.0 0.78967   
17810.0 0.78051   
17820.0 0.76955   
17830.0 0.75647   
17840.0 0.74057   
17850.0 0.72271   
17860.0 0.70219   
17870.0 0.67912   
17880.0 0.65281   
17890.0 0.62467   
17900.0 0.5935    
17910.0 0.55988   
17920.0 0.52517   
17930.0 0.48917   
17940.0 0.45194   
17950.0 0.4142    
17960.0 0.37787   
17970.0 0.34086   
17980.0 0.30664   
17990.0 0.2744    
18000.0 0.24344   
18010.0 0.21545   
18020.0 0.18944   
18030.0 0.16621   
18040.0 0.14556   
18050.0 0.12722   
18060.0 0.1107    
18070.0 0.096262  
18080.0 0.083656  
18090.0 0.072785  
18100.0 0.063056  
18110.0 0.054764  
18120.0 0.04758   
18130.0 0.041271  
18140.0 0.035932  
18150.0 0.031422  
18160.0 0.027167  
18170.0 0.023724  
18180.0 0.020907  
18190.0 0.018327  
18200.0 0.016048  
18210.0 0.014027  
18220.0 0.012191  
18230.0 0.01079   
18240.0 0.0095817 
18250.0 0.0085675 
18260.0 0.0075555 
18270.0 0.006701  
18280.0 0.0059922 
18290.0 0.0053234 
18300.0 0.0047756 
18310.0 0.0042173 
18320.0 0.0037658 
18330.0 0.0034211 
18340.0 0.0031209 
18350.0 0.0028288 
18360.0 0.0025369 
18370.0 0.0022919 
18380.0 0.0021165 
18390.0 0.0019448 
18400.0 0.0017656 
18410.0 0.0015962 
18420.0 0.0014365 
18430.0 0.0013539 
18440.0 0.001266  
18450.0 0.0012255 
18460.0 0.00106   
18470.0 0.0010202 
18480.0 0.00086757
18490.0 0.00081087
18500.0 0.00076607
18510.0 0.00077941
18520.0 0.00070724
18530.0 0.00062408
18540.0 0.00059941
18550.0 0.00055075
18560.0 0.00058638
18570.0 0.00046693
18580.0 0.00049489
18590.0 0.00043708
18600.0 0.00045056
18610.0 0.0004508 
18620.0 0.00029527
18630.0 0.00041423
18640.0 0.00040226
18650.0 0.00035572
18660.0 0.00037097
18670.0 0.00031276
18680.0 0.00034323
18690.0 0.00033734
18700.0 0.00024631
18710.0 0.00028332
18720.0 0.00030764
18730.0 0.00028688
18740.0 0.00031323
18750.0 0.00026136
18760.0 0.00019178
18770.0 0.00028608
18780.0 0.00022068
18790.0 0.00030374
18800.0 0.00025788
18810.0 0.00021832
18820.0 0.0002235 
18830.0 0.00027675
18840.0 0.00015748
18850.0 0.00026631
18860.0 0.00020516
18870.0 0.00019583
18880.0 0.00020324
18890.0 0.00024341
18900.0 0.00024952
18910.0 0.00017157
18920.0 0.00019478
18930.0 0.00019409
18940.0 0.00013749
18950.0 0.0001819 
18960.0 0.0001919 
18970.0 0.00021022
18980.0 0.00020992
18990.0 0.00019144
19000.0 0.00017598
19010.0 0.00018691
19020.0 0.00021946
19030.0 9.76e-05  
19040.0 0.00019314
19050.0 0.00013201
19060.0 0.00023392
19070.0 0.00021239
19080.0 0.00012901
19090.0 0.00029223
19100.0 0.00022558
19110.0 0.00018687
19120.0 0.00016178
19130.0 0.00018091
19140.0 0.00018789
19150.0 0.00016663
19160.0 0.00016132
19170.0 0.00019005
19180.0 0.00012064
19190.0 0.00018836
19200.0 0.00016278
19210.0 0.00014521
19220.0 0.00019197
19230.0 0.00015673
19240.0 0.00023855
19250.0 0.00013999
19260.0 0.00010651
19270.0 0.00015251
19280.0 0.00019278
19290.0 0.00015634
19300.0 0.00014089
19310.0 0.00013602
19320.0 0.00018532
19330.0 0.00021416
19340.0 0.00013565
19350.0 0.00013913
19360.0 0.00018027
19370.0 0.0001401 
19380.0 0.00017227
19390.0 0.00018474
19400.0 0.00013629
19410.0 0.0001937 
19420.0 0.00018496
19430.0 9.7953e-05
19440.0 0.00011107
19450.0 0.00014865
19460.0 0.00017187
19470.0 0.00016041
19480.0 0.00011084
19490.0 0.00013138
19500.0 0.00014385
19510.0 0.00017757
19520.0 0.00011301
19530.0 0.00015759
19540.0 0.00019966
19550.0 0.00012521
19560.0 0.00020701
19570.0 0.00014736
19580.0 0.00013345
19590.0 0.00015216
19600.0 0.00015183
19610.0 0.00011434
19620.0 0.00019232
19630.0 0.00016015
19640.0 0.00017746
19650.0 0.00016387
19660.0 0.00013931
19670.0 0.00016431
19680.0 0.0001561 
19690.0 0.00017564
19700.0 0.00014735
19710.0 0.00011497
19720.0 0.00015203
19730.0 0.00012305
19740.0 0.00012729
19750.0 0.00011872
19760.0 0.00013148
19770.0 0.00017611
19780.0 0.00017206
19790.0 0.00014812
19800.0 0.00011797
19810.0 0.00011317
19820.0 0.00014339
19830.0 0.00018485
19840.0 0.00017201
19850.0 0.00014445
19860.0 9.2975e-05
19870.0 0.00018882
19880.0 0.00018445
19890.0 0.00013968
19900.0 0.00010685
19910.0 0.00017608
19920.0 0.00018825
19930.0 0.00016431
19940.0 0.0001879 
19950.0 9.7968e-05
19960.0 0.00017523
19970.0 0.00014607
19980.0 0.00014461
19990.0 0.00016373
20000.0 0.0001487 
20010.0 0.00017659
20020.0 0.00019677
20030.0 0.000144  
20040.0 0.0001765 
20050.0 0.00016016
20060.0 0.00018077
20070.0 6.6107e-05
20080.0 9.0496e-05
20090.0 0.00017641
20100.0 0.00017264
20110.0 0.000173  
20120.0 0.00017211
20130.0 0.00012306
20140.0 0.00013975
20150.0 0.00013197
20160.0 8.5624e-05
20170.0 0.00018902
20180.0 0.00016013
20190.0 0.00020136
20200.0 0.00014785
20210.0 0.00012662
20220.0 0.00018036
20230.0 0.00010427
20240.0 0.00014885
20250.0 0.00012375
20260.0 0.00015607
20270.0 0.00011593
20280.0 0.00014118
20290.0 0.00018346
20300.0 0.00015057
20310.0 0.00018432
20320.0 0.00013994
20330.0 0.00011951
20340.0 0.00019139
20350.0 0.00016898
20360.0 0.00012568
20370.0 0.00018363
20380.0 0.00018024
20390.0 0.00017316
20400.0 0.00017618
20410.0 0.00014033
20420.0 0.00014376
20430.0 0.00015952
20440.0 0.00018052
20450.0 0.0001557 
20460.0 0.00020513
20470.0 0.00018089
20480.0 0.00020062
20490.0 0.00021293
20500.0 0.00018043
20510.0 0.00018009
20520.0 0.00016801
20530.0 0.00012561
20540.0 0.00011123
20550.0 0.00014211
20560.0 0.00011923
20570.0 0.00012327
20580.0 0.00014507
20590.0 0.00014552
20600.0 0.00018296
20610.0 0.00014837
20620.0 0.00013559
20630.0 0.00014   
20640.0 0.00018282
20650.0 0.0001397 
20660.0 0.00014585
20670.0 0.00017242
20680.0 0.00014335
20690.0 0.00015173
20700.0 0.00021177
20710.0 0.0001888 
20720.0 0.00016032
20730.0 0.0001223 
20740.0 0.00017141
20750.0 0.00018026
20760.0 0.00012715
20770.0 0.00010641
20780.0 0.00017209
20790.0 0.0002051 
20800.0 0.00018473
20810.0 0.00017677
20820.0 0.00017554
20830.0 0.00017622
20840.0 0.0001389 
20850.0 0.0002004 
20860.0 0.00015939
20870.0 0.00015178
20880.0 0.00016685
20890.0 0.00017173
20900.0 0.00014702
20910.0 0.00013487
20920.0 0.00017994
20930.0 0.00016327
20940.0 0.00014179
20950.0 0.00016561
20960.0 0.00014956
20970.0 0.00016738
20980.0 0.00016608
20990.0 0.00013862
21000.0 0.00017555
21010.0 0.00020158
21020.0 0.00016517
21030.0 0.00020177
21040.0 0.00013875
21050.0 8.8638e-05
21060.0 8.7959e-05
21070.0 0.00011884
21080.0 0.0001621 
21090.0 0.00016479
21100.0 0.00016262
21110.0 0.00014726
21120.0 0.00012695
21130.0 0.0001636 
21140.0 0.00018437
21150.0 0.00010181
21160.0 0.0001799 
21170.0 0.00016793
21180.0 0.00021303
21190.0 0.00015574
21200.0 0.00017576
21210.0 0.00014736
21220.0 0.00016308
21230.0 0.00014713
21240.0 0.00017142
21250.0 0.00016758
21260.0 0.00018763
21270.0 0.00017339
21280.0 0.00018401
21290.0 0.00012556
21300.0 0.00016457
21310.0 0.00014403
21320.0 0.00014436
21330.0 0.00012037
21340.0 0.00012908
21350.0 0.00013544
21360.0 0.00012726
21370.0 0.0001688 
21380.0 0.0001425 
21390.0 0.00013214
21400.0 0.00015402
21410.0 0.00013916
21420.0 0.0001062 
21430.0 0.00013213
21440.0 0.00015411
21450.0 0.00011058
21460.0 0.00013036
21470.0 0.00015131
21480.0 0.00016656
21490.0 0.00016711
21500.0 0.00016384
21510.0 0.00018763
21520.0 0.00018357
21530.0 0.00016315
21540.0 0.0001632 
21550.0 0.00016285
21560.0 0.00016364
21570.0 0.00015613
21580.0 0.00012586
21590.0 0.00015931
21600.0 0.00017123
21610.0 0.00017541
21620.0 0.00011859
21630.0 0.00017978
21640.0 0.00011355
21650.0 0.00011883
21660.0 0.00013441
21670.0 0.00017961
21680.0 0.00015136
21690.0 0.00018758
21700.0 0.00011476
21710.0 0.0001425 
21720.0 0.00015963
21730.0 0.00015563
21740.0 0.00013213
21750.0 0.00013503
21760.0 0.00014023
21770.0 0.00015185
21780.0 0.00014283
21790.0 0.0001742 
21800.0 0.00014577
21810.0 0.00017594
21820.0 0.00016132
21830.0 0.00014967
21840.0 0.00016769
21850.0 0.00013114
21860.0 0.00011928
21870.0 0.00014738
21880.0 0.00016026
21890.0 0.00015687
21900.0 0.0001319 
21910.0 0.00017517
21920.0 0.0001322 
21930.0 0.00011421
21940.0 0.00012097
21950.0 0.00013054
21960.0 0.00015866
21970.0 0.00019856
21980.0 0.00013379
21990.0 0.00016147
22000.0 0.00017739
22010.0 0.00013281
22020.0 0.00011262
22030.0 0.0001589 
22040.0 0.00012109
22050.0 0.00012916
22060.0 0.00018188
22070.0 0.00011795
22080.0 0.00019748
22090.0 0.00015867
22100.0 0.00014498
22110.0 0.00017017
22120.0 0.00015662
22130.0 0.00012189
22140.0 0.0002195 
22150.0 0.00017127
22160.0 0.00018979
22170.0 0.00016177
22180.0 0.00015013
22190.0 0.00010567
22200.0 0.00014117
22210.0 0.00015486
22220.0 0.00015605
22230.0 0.00015855
22240.0 0.00014542
22250.0 0.00016198
22260.0 8.5455e-05
22270.0 0.0002057 
22280.0 0.0001253 
22290.0 0.00019559
22300.0 0.00016368
22310.0 9.7884e-05
22320.0 0.00016565
22330.0 0.00016614
22340.0 0.00020254
22350.0 0.00016298
22360.0 0.00011702
22370.0 0.00015533
22380.0 0.00012522
22390.0 0.0001295 
22400.0 0.00016586
22410.0 0.00017842
22420.0 0.00013375
22430.0 0.00014683
22440.0 0.00017236
22450.0 0.00016378
22460.0 0.00012563
22470.0 0.00018207
22480.0 0.00011296
22490.0 0.00018772
22500.0 0.00013311
22510.0 0.00010885
22520.0 0.00018092
22530.0 0.00016724
22540.0 0.0001759 
22550.0 0.00015371
22560.0 0.00014401
22570.0 0.00018307
22580.0 0.00015366
22590.0 0.00015338
22600.0 0.00015699
22610.0 0.0001772 
22620.0 0.00014262
22630.0 0.00013952
22640.0 0.00013513
22650.0 0.00013384
22660.0 0.00014996
22670.0 0.00015017
22680.0 0.00019591
22690.0 0.00013677
22700.0 0.00018908
22710.0 0.00017571
22720.0 0.0001465 
22730.0 0.00019655
22740.0 0.0001468 
22750.0 0.00014865
22760.0 0.00014936
22770.0 0.0001904 
22780.0 0.00015401
22790.0 0.0001788 
22800.0 0.00016791
22810.0 0.00015285
22820.0 0.00014262
22830.0 0.00013175
22840.0 0.00019869
22850.0 0.00017048
22860.0 0.0001599 
22870.0 0.00016628
22880.0 0.00016869
22890.0 0.00017223
22900.0 0.0001601 
22910.0 0.00014352
22920.0 0.00020268
22930.0 0.00015258
22940.0 0.00018766
22950.0 0.00023585
22960.0 0.00015637
22970.0 0.00019768
22980.0 0.00018259
22990.0 0.00016253
23000.0 0.00015318
23010.0 0.00014866
23020.0 0.00015196
23030.0 0.00015491
23040.0 0.00017735
23050.0 0.00013789
23060.0 0.00015657
23070.0 0.00016239
23080.0 0.00013821
23090.0 0.00015733
23100.0 0.00012901
23110.0 0.00014875
23120.0 0.00013605
23130.0 0.00010661
23140.0 0.00014717
23150.0 0.00015151
23160.0 0.00017857
23170.0 0.00016963
23180.0 0.00013373
23190.0 0.00012503
23200.0 0.00014978
23210.0 0.00019069
23220.0 0.00013019
23230.0 0.00016153
23240.0 0.00021932
23250.0 0.0001663 
23260.0 0.00017028
23270.0 0.00016259
23280.0 0.00020116
23290.0 5.9229e-05
23300.0 0.00015137
23310.0 0.00015129
23320.0 0.00016643
23330.0 0.00017188
23340.0 0.00019245
23350.0 0.0001463 
23360.0 0.00016213
23370.0 0.00017773
23380.0 0.00014108
23390.0 0.00016568
23400.0 0.00020929
23410.0 0.00018869
23420.0 0.00020117
23430.0 0.0001499 
23440.0 0.00017427
23450.0 9.2315e-05
23460.0 0.00016486
23470.0 0.0001532 
23480.0 0.00013357
23490.0 0.00017315
23500.0 0.00010086
23510.0 0.00019886
23520.0 0.00010553
23530.0 0.00015328
23540.0 0.00021338
23550.0 0.00015083
23560.0 0.00014102
23570.0 0.00017055
23580.0 0.00017145
23590.0 0.00012812
23600.0 0.00019638
23610.0 0.00019256
23620.0 0.00013732
23630.0 0.00018353
23640.0 0.00012008
23650.0 0.00023135
23660.0 0.00011296
23670.0 0.00017173
23680.0 0.00013003
23690.0 0.00014998
23700.0 0.00017847
23710.0 0.00020264
23720.0 0.00019368
23730.0 0.0001017 
23740.0 0.00013782
23750.0 0.00015888
23760.0 0.00014924
23770.0 0.00012987
23780.0 0.00019313
23790.0 0.00017183
23800.0 0.00017482
23810.0 0.00020649
23820.0 0.00016894
23830.0 0.00012577
23840.0 0.00012529
23850.0 0.00016187
23860.0 0.00014163
23870.0 0.00018706
23880.0 0.00011955
23890.0 0.00014704
23900.0 0.00011778
23910.0 0.00010865
23920.0 0.00010054
23930.0 0.00014491
23940.0 0.00013038
23950.0 0.0001029 
23960.0 0.00017391
23970.0 0.0001749 
23980.0 0.0001466 
23990.0 0.00016257
24000.0 0.00017864
24010.0 0.00019604
24020.0 0.00018447
24030.0 0.00013768
24040.0 0.00013258
24050.0 0.00016777
24060.0 0.0001583 
24070.0 0.00020681
24080.0 0.00016298
24090.0 0.00010591
24100.0 0.00016137
24110.0 0.00017639
24120.0 0.00019105
24130.0 0.00013406
24140.0 0.00015818
24150.0 0.00015868
24160.0 0.00015053
24170.0 0.0001955 
24180.0 0.00018567
24190.0 0.00020463
24200.0 0.00011504
24210.0 0.00019526
24220.0 0.00019905
24230.0 0.00015411
24240.0 0.0001821 
24250.0 0.0001479 
24260.0 0.00016639
24270.0 0.00014252
24280.0 0.00021786
24290.0 9.7691e-05
24300.0 0.00013057
24310.0 9.7241e-05
24320.0 0.00015788
24330.0 0.00018838
24340.0 0.00010515
24350.0 0.00019624
24360.0 9.387e-05 
24370.0 0.00016312
24380.0 0.00010572
24390.0 0.00017136
24400.0 9.7267e-05
24410.0 0.0001147 
24420.0 0.0001726 
24430.0 0.00016815
24440.0 0.00011755
24450.0 0.00015495
24460.0 9.7362e-05
24470.0 0.00014011
24480.0 0.0002166 
24490.0 0.00019719
24500.0 0.0002236 
24510.0 0.0001964 
24520.0 0.00015918
24530.0 0.00017214
24540.0 0.00015057
24550.0 0.00015555
24560.0 0.00015891
24570.0 0.00014369
24580.0 0.00016643
24590.0 0.00016254
24600.0 0.00013682
24610.0 0.00012507
24620.0 0.00017958
24630.0 0.00015252
24640.0 0.00016067
24650.0 0.00020445
24660.0 9.0198e-05
24670.0 0.00017644
24680.0 0.00016444
24690.0 0.00013183
24700.0 0.00013231
24710.0 0.00016883
24720.0 0.00016032
24730.0 0.00014035
24740.0 0.00011811
24750.0 0.00016812
24760.0 0.00012795
24770.0 0.00020513
24780.0 0.000168  
24790.0 0.00013492
24800.0 0.00015065
24810.0 0.00015603
24820.0 0.00014265
24830.0 0.00011075
24840.0 0.00014324
24850.0 0.00018501
24860.0 0.00012705
24870.0 0.00018427
24880.0 0.00014814
24890.0 0.00020137
24900.0 0.00015489
24910.0 0.00016752
24920.0 0.00010587
24930.0 0.00010415
24940.0 0.00020191
24950.0 0.0001602 
24960.0 0.00019707
24970.0 0.00017012
24980.0 0.00015791
24990.0 0.00016442
25000.0 0.00015952
25010.0 0.00019258
25020.0 0.00015093
25030.0 0.00012009
25040.0 0.00017963
25050.0 0.00017286
25060.0 0.00015986
25070.0 0.00011943
25080.0 0.00015871
25090.0 0.0001233 
25100.0 0.00011088
25110.0 0.00016758
25120.0 0.00013103
25130.0 0.00012336
25140.0 0.00012124
25150.0 0.00015262
25160.0 0.00016721
25170.0 0.00022625
25180.0 8.9266e-05
25190.0 0.00014408
25200.0 0.00013707
25210.0 0.00015141
25220.0 0.00011921
25230.0 0.00018414
25240.0 0.00016363
25250.0 0.00016809
25260.0 0.00013587
25270.0 0.00015641
25280.0 0.00017799
25290.0 0.00013825
25300.0 6.7066e-05
25310.0 0.00019712
25320.0 0.0001346 
25330.0 0.00013979
25340.0 0.00013783
25350.0 0.00012525
25360.0 0.00014264
25370.0 0.00014506
25380.0 0.00013849
25390.0 0.000151  
25400.0 0.00013765
25410.0 0.00013488
25420.0 0.00012086
25430.0 2.8241e-05
25440.0 0.00015105
25450.0 0.00020362
25460.0 0.00014774
25470.0 0.0001422 
25480.0 0.00018189
25490.0 0.00016301
25500.0 0.00017001
25510.0 0.00017526
25520.0 0.00019718
25530.0 0.0001681 
25540.0 9.9109e-05
25550.0 0.00017528
25560.0 0.00013592
25570.0 0.0001898 
25580.0 0.00014474
25590.0 0.00013899
25600.0 0.00011528
25610.0 0.00015108
25620.0 0.00016908
25630.0 0.00013555
25640.0 0.00019596
25650.0 0.00015597
25660.0 0.0001547 
25670.0 0.00011511
25680.0 0.00017196
25690.0 0.00016089
25700.0 0.00016786
25710.0 9.2548e-05
25720.0 0.00017354
25730.0 0.00016539
25740.0 0.00013159
25750.0 0.00014845
25760.0 9.867e-05 
25770.0 0.00022232
25780.0 0.00013414
25790.0 0.00013695
25800.0 0.00017264
25810.0 0.00013   
25820.0 0.00017694
25830.0 0.00016485
25840.0 0.00016498
25850.0 0.00017357
25860.0 0.00017257
25870.0 0.00018177
25880.0 0.00013564
25890.0 0.00018615
25900.0 0.00014606
25910.0 0.00018114
25920.0 0.00016601
25930.0 0.00015788
25940.0 0.00018227
25950.0 0.00017319
25960.0 0.00015036
25970.0 0.00015967
25980.0 0.00015089
25990.0 0.00022334
26000.0 0.00013832
26010.0 0.00014011
26020.0 0.0001516 
26030.0 0.00015477
26040.0 0.00012617
26050.0 0.00017336
26060.0 0.0001674 
26070.0 0.00018164
26080.0 0.00019334
26090.0 0.00011282
26100.0 0.00011709
26110.0 0.00011355
26120.0 0.00013412
26130.0 0.00016561
26140.0 0.00016543
26150.0 0.00020407
26160.0 0.00019088
26170.0 0.00018901
26180.0 0.00016342
26190.0 0.00014904
26200.0 0.00015427
26210.0 0.0001714 
26220.0 0.00017718
26230.0 0.00012683
26240.0 0.00014093
26250.0 0.00017874
26260.0 0.00021487
26270.0 0.00015967
26280.0 0.00010635
26290.0 0.00011417
26300.0 9.5787e-05
26310.0 0.00016922
26320.0 0.00012855
26330.0 0.00019961
26340.0 0.00012444
26350.0 0.00013588
26360.0 0.00014885
26370.0 0.00014094
26380.0 0.0001357 
26390.0 0.00019174
26400.0 0.000177  
26410.0 0.00013913
26420.0 0.00018345
26430.0 0.00014217
26440.0 8.4814e-05
26450.0 9.8442e-05
26460.0 0.00012441
26470.0 0.00010704
26480.0 0.00015537
26490.0 0.00018536
26500.0 0.00014989
26510.0 0.00016686
26520.0 0.00013479
26530.0 0.00010306
26540.0 0.00015512
26550.0 0.00016271
26560.0 0.00017888
26570.0 0.00010514
26580.0 0.00016591
26590.0 0.000116  
26600.0 0.0001392 
26610.0 0.00020933
26620.0 0.00018879
26630.0 0.00019595
26640.0 0.00011083
26650.0 0.00018955
26660.0 0.00013203
26670.0 0.00017713
26680.0 0.0001367 
26690.0 0.00017144
26700.0 0.00016093
26710.0 0.00018082
26720.0 0.00012386
26730.0 0.00021821
26740.0 0.00013939
26750.0 0.00020275
26760.0 0.00014646
26770.0 0.00021882
26780.0 0.00019768
26790.0 0.00014265
26800.0 0.00020381
26810.0 0.00017191
26820.0 0.00017826
26830.0 0.00016591
26840.0 0.00017234
26850.0 0.0001374 
26860.0 0.00019524
26870.0 0.00012494
26880.0 0.00020489
26890.0 0.00017527
26900.0 0.00016791
26910.0 0.00011451
26920.0 0.00012781
26930.0 0.00010714
26940.0 0.00015187
26950.0 0.00019419
26960.0 0.00019368
26970.0 0.00012022
26980.0 0.00015232
26990.0 0.00014735
27000.0 0.00015934
27010.0 0.00013175
27020.0 0.00017305
27030.0 0.00019844
27040.0 0.00015054
27050.0 0.00019128
27060.0 8.4971e-05
27070.0 0.00015247
27080.0 0.00011868
27090.0 0.00017648
27100.0 0.0001229 
27110.0 0.00016298
27120.0 0.00015972
27130.0 0.00016165
27140.0 0.00019228
27150.0 0.00016418
27160.0 0.00011328
27170.0 0.00017963
27180.0 0.00013691
27190.0 0.00019631
27200.0 0.0001148 
27210.0 0.00013284
27220.0 0.00018623
27230.0 0.00016616
27240.0 0.00017823
27250.0 0.00020371
27260.0 0.00015993
27270.0 0.00017453
27280.0 0.00015476
27290.0 0.00014666
27300.0 0.000155  
27310.0 0.00013024
27320.0 0.00016497
27330.0 0.00015067
27340.0 0.00017844
27350.0 0.00019408
27360.0 0.0001819 
27370.0 0.00013176
27380.0 0.00016385
27390.0 9.5124e-05
27400.0 0.00016084
27410.0 0.00016821
27420.0 0.00021508
27430.0 0.00017198
27440.0 0.00011966
27450.0 0.00021303
27460.0 0.00017089
27470.0 0.00018792
27480.0 0.00017657
27490.0 0.00013233
27500.0 0.00014693
27510.0 0.00010347
27520.0 0.00015766
27530.0 0.0001899 
27540.0 0.00015913
27550.0 0.00015227
27560.0 0.00019829
27570.0 0.00017268
27580.0 0.00013209
27590.0 9.2435e-05
27600.0 0.00021506
27610.0 0.00014646
27620.0 0.00015966
27630.0 0.00011834
27640.0 0.00019326
27650.0 0.00017279
27660.0 0.0001463 
27670.0 0.00013883
27680.0 0.0001125 
27690.0 0.00021423
27700.0 0.00014946
27710.0 0.00016307
27720.0 0.00013841
27730.0 0.00017184
27740.0 0.00018748
27750.0 0.00017125
27760.0 0.00010853
27770.0 0.00016066
27780.0 0.00012846
27790.0 0.00015648
27800.0 0.00014748
27810.0 0.00019374
27820.0 0.0001819 
27830.0 0.00015739
27840.0 0.00018589
27850.0 0.00017959
27860.0 0.00012942
27870.0 0.00015895
27880.0 0.00011373
27890.0 0.0001795 
27900.0 0.00021689
27910.0 0.00016964
27920.0 0.00021145
27930.0 0.00019296
27940.0 0.00017139
27950.0 0.00017503
27960.0 0.0001793 
27970.0 0.00017116
27980.0 0.0001454 
27990.0 0.00020399
28000.0 0.00018299
28010.0 0.00015495
28020.0 0.00012585
28030.0 0.00015826
28040.0 0.00011932
28050.0 0.00013567
28060.0 0.00012298
28070.0 0.00014595
28080.0 0.00016875
28090.0 0.00014231
28100.0 0.00013168
28110.0 0.00020918
28120.0 0.00016521
28130.0 0.00013862
28140.0 0.00010187
28150.0 0.00014381
28160.0 0.00011237
28170.0 0.0001347 
28180.0 0.00018901
28190.0 0.00018191
28200.0 0.00014808
28210.0 0.00022032
28220.0 0.00012979
28230.0 0.00013169
28240.0 0.00017909
28250.0 0.0001359 
28260.0 0.00012862
28270.0 0.00014958
28280.0 0.00020997
28290.0 0.00017865
28300.0 0.00021827
28310.0 0.00018064
28320.0 0.00017906
28330.0 0.00019524
28340.0 0.00013394
28350.0 0.00015337
28360.0 0.00019387
28370.0 0.00023277
28380.0 0.00020606
28390.0 0.00022233
28400.0 0.00017304
28410.0 0.00022882
28420.0 0.0001313 
28430.0 0.0002143 
28440.0 0.0001449 
28450.0 0.00020938
28460.0 0.00023287
28470.0 0.00011301
28480.0 0.00019524
28490.0 0.00022477
28500.0 0.00018333
28510.0 0.00025789
28520.0 0.00027197
28530.0 0.00015529
28540.0 0.00022613
28550.0 0.00021711
28560.0 0.00029056
28570.0 0.00019813
28580.0 0.00012816
28590.0 0.00023916
28600.0 0.00024775
28610.0 0.00028762
28620.0 0.00018358
28630.0 0.0002931 
28640.0 0.0002638 
28650.0 0.0003826 
28660.0 0.00026255
28670.0 0.0002061 
28680.0 0.00018792
28690.0 0.00029744
28700.0 0.00023225
28710.0 0.00022768
28720.0 0.00028567
28730.0 0.00032363
28740.0 0.00022094
28750.0 0.00020143
28760.0 0.00023927
28770.0 0.0003292 
28780.0 0.00024422
28790.0 0.00027585
28800.0 0.00026358
28810.0 0.00026608
28820.0 0.00021509
28830.0 0.00030944
28840.0 0.00023489
28850.0 0.00042516
28860.0 0.00030259
28870.0 0.00024968
28880.0 0.0003489 
28890.0 0.00029574
28900.0 0.00013391
28910.0 0.00040088
28920.0 0.000237  
28930.0 0.00042553
28940.0 0.00038647
28950.0 0.00028703
28960.0 0.00031582
28970.0 0.00039791
28980.0 0.00033912
28990.0 0.00018167
29000.0 0.0004438 
29010.0 0.00030248
29020.0 0.00035935
29030.0 0.0003064 
29040.0 0.00036443
29050.0 0.00036645
29060.0 0.00029411
29070.0 0.00035261
29080.0 0.00035463
29090.0 0.00031839
29100.0 0.00027272
29110.0 0.00045827
29120.0 0.00042209
29130.0 0.00048292
29140.0 0.00034783
29150.0 0.00033991
29160.0 0.0004612 
29170.0 0.00054398
29180.0 0.00021468
29190.0 0.0002671 
29200.0 0.00047172
29210.0 0.00047495
29220.0 0.0004256 
29230.0 0.00035546
29240.0 0.00049301
29250.0 0.00042196
29260.0 0.00034027
29270.0 0.00037313
29280.0 0.00037502
29290.0 0.00043064
29300.0 0.00039995
29310.0 0.00038052
29320.0 0.00042645
29330.0 0.00035176
29340.0 0.00023304
29350.0 0.00038893
29360.0 0.00043531
29370.0 0.00041517
29380.0 0.00042873
29390.0 0.00025122
29400.0 0.00051298
29410.0 0.00042523
29420.0 0.0003246 
29430.0 0.00044158
29440.0 0.0005719 
29450.0 0.00042393
29460.0 0.00054305
29470.0 0.00058134
29480.0 0.00043077
29490.0 0.00043258
29500.0 0.00061432
29510.0 0.00031748
29520.0 0.00054892
29530.0 0.00055097
29540.0 0.00032282
29550.0 0.00047169
29560.0 0.00032655
29570.0 0.00042729
29580.0 0.00054142
29590.0 0.00030672
29600.0 0.00042188
29610.0 0.00053864
29620.0 0.00064415
29630.0 0.00035257
29640.0 0.00038083
29650.0 0.00048788
29660.0 0.00026758
29670.0 0.0005208 
29680.0 0.00068348
29690.0 0.00042069
29700.0 0.00054434
29710.0 0.00038472
29720.0 0.0005791 
29730.0 0.00056805
29740.0 0.00058603
29750.0 0.00057511
29760.0 0.00045325
29770.0 0.00059652
29780.0 0.00043005
29790.0 0.00039013
29800.0 0.00047828
29810.0 0.00055305
29820.0 0.00058552
29830.0 0.00064715
29840.0 0.00075267
29850.0 0.00038955
29860.0 0.00052502
29870.0 0.00072259
29880.0 0.00056163
29890.0 0.00056511
29900.0 0.00059952
29910.0 0.00061957
29920.0 0.00045325
29930.0 0.0005339 
29940.0 0.00086671
29950.0 0.00055807
29960.0 0.00045014
29970.0 0.00059743
29980.0 0.00060069
29990.0 0.00058909
30000.0 0.00077296
30010.0 0.00054859
30020.0 0.00068391
30030.0 0.00037319
30040.0 0.00050982
30050.0 0.00069764
30060.0 0.00061821
30070.0 0.00072537
30080.0 0.00074684
30090.0 0.00063089
30100.0 0.00056501
30110.0 0.00058723
30120.0 0.00073232
30130.0 0.00064903
30140.0 0.00068844
30150.0 0.00069354
30160.0 0.00044451
30170.0 0.00075919
30180.0 0.00093093
30190.0 0.0007712 
30200.0 0.0010001 
30210.0 0.00068652
30220.0 0.00057791
30230.0 0.00069785
30240.0 0.00074017
30250.0 0.00092098
30260.0 0.00083056
30270.0 0.00069802
30280.0 0.0010407 
30290.0 0.00078799
30300.0 0.00085382
30310.0 0.00055659
30320.0 0.00068401
30330.0 0.0010792 
30340.0 0.00061119
30350.0 0.0006569 
30360.0 0.00099971
30370.0 0.00075155
30380.0 0.00099376
30390.0 0.00069938
30400.0 0.00068425
30410.0 0.00084229
30420.0 0.00089248
30430.0 0.00063285
30440.0 0.0010413 
30450.0 0.0008245 
30460.0 0.0010126 
30470.0 0.0004469 
30480.0 0.00084364
30490.0 0.0010373 
30500.0 0.00066965
30510.0 0.00069836
30520.0 0.00086999
30530.0 0.0011684 
30540.0 0.00078739
30550.0 0.00084317
30560.0 0.00097322
30570.0 0.00090601
30580.0 0.0008628 
30590.0 0.0013259 
30600.0 0.0011324 
30610.0 0.0010884 
30620.0 0.0012292 
30630.0 0.00069086
30640.0 0.0012221 
30650.0 0.0010732 
30660.0 0.0013241 
30670.0 0.00084937
30680.0 0.0013187 
30690.0 0.0015227 
30700.0 0.0014247 
30710.0 0.0012683 
30720.0 0.00080162
30730.0 0.0011203 
30740.0 0.0007592 
30750.0 0.00096833
30760.0 0.00077309
30770.0 0.0012803 
30780.0 0.0014698 
30790.0 0.0012727 
30800.0 0.001344  
30810.0 0.0010206 
30820.0 0.0011822 
30830.0 0.0010721 
30840.0 0.0013284 
30850.0 0.0013096 
30860.0 0.0014162 
30870.0 0.00097852
30880.0 0.0010196 
30890.0 0.0015182 
30900.0 0.0010697 
30910.0 0.0014451 
30920.0 0.0014255 
30930.0 0.0012682 
30940.0 0.0014173 
30950.0 0.0012573 
30960.0 0.0011982 
30970.0 0.0015965 
30980.0 0.0016801 
30990.0 0.001302  
31000.0 0.0018196 
31010.0 0.0014708 
31020.0 0.0015603 
31030.0 0.001724  
31040.0 0.0010658 
31050.0 0.0013038 
31060.0 0.0020014 
31070.0 0.0015178 
31080.0 0.0011451 
31090.0 0.0017042 
31100.0 0.0018765 
31110.0 0.0016527 
31120.0 0.0017908 
31130.0 0.0014003 
31140.0 0.0014138 
31150.0 0.00093168
31160.0 0.0011459 
31170.0 0.0017016 
31180.0 0.0023133 
31190.0 0.0014719 
31200.0 0.0015731 
31210.0 0.0012814 
31220.0 0.001513  
31230.0 0.0014821 
31240.0 0.0014929 
31250.0 0.001731  
31260.0 0.0011126 
31270.0 0.001531  
31280.0 0.0016815 
31290.0 0.001789  
31300.0 0.0013822 
31310.0 0.0022899 
31320.0 0.0019277 
31330.0 0.0012245 
31340.0 0.0023456 
31350.0 0.0013893 
31360.0 0.0024803 
31370.0 0.0012644 
31380.0 0.0018191 
31390.0 0.0020356 
31400.0 0.0022573 
31410.0 0.0022693 
31420.0 0.0014627 
31430.0 0.0012158 
31440.0 0.0026849 
31450.0 0.0019171 
31460.0 0.0019253 
31470.0 0.0025821 
31480.0 0.0018524 
31490.0 0.0021357 
31500.0 0.0024778 
31510.0 0.0020023 
31520.0 0.0027878 
31530.0 0.0021387 
31540.0 0.0022653 
31550.0 0.0030152 
31560.0 0.0024146 
31570.0 0.0024907 
31580.0 0.0019287 
31590.0 0.0026384 
31600.0 0.0017804 
31610.0 0.0026144 
31620.0 0.0019248 
31630.0 0.0025331 
31640.0 0.0018919 
31650.0 0.0025136 
31660.0 0.0021599 
31670.0 0.0021759 
31680.0 0.0016399 
31690.0 0.0019606 
31700.0 0.0024078 
31710.0 0.0022392 
31720.0 0.0018713 
31730.0 0.0032214 
31740.0 0.0026016 
31750.0 0.002682  
31760.0 0.0023102 
31770.0 0.0026615 
31780.0 0.0020838 
31790.0 0.0027674 
31800.0 0.0031923 
31810.0 0.0020664 
31820.0 0.0023588 
31830.0 0.0025782 
31840.0 0.0031591 
31850.0 0.003679  
31860.0 0.0027913 
31870.0 0.0024627 
31880.0 0.0028448 
31890.0 0.0020716 
31900.0 0.0034187 
31910.0 0.0035264 
31920.0 0.0028111 
31930.0 0.0014119 
31940.0 0.0027184 
31950.0 0.0026817 
31960.0 0.0027718 
31970.0 0.0027343 
31980.0 0.0034042 
31990.0 0.0033525 
32000.0 0.0031395 
32010.0 0.0033375 
32020.0 0.0026217 
32030.0 0.0034037 
32040.0 0.0033482 
32050.0 0.0021887 
32060.0 0.0017712 
32070.0 0.0035365 
32080.0 0.00305   
32090.0 0.0030678 
32100.0 0.0031086 
32110.0 0.0034153 
32120.0 0.002808  
32130.0 0.0034841 
32140.0 0.0034334 
32150.0 0.0037571 
32160.0 0.0031331 
32170.0 0.0029783 
32180.0 0.0025157 
32190.0 0.0029558 
32200.0 0.0028848 
32210.0 0.0046515 
32220.0 0.0035894 
32230.0 0.0034121 
32240.0 0.0043025 
32250.0 0.0030635 
32260.0 0.002893  
32270.0 0.0042326 
32280.0 0.0035048 
32290.0 0.0046649 
32300.0 0.0048086 
32310.0 0.0049969 
32320.0 0.0045745 
32330.0 0.0035786 
32340.0 0.00454   
32350.0 0.0044997 
32360.0 0.0041657 
32370.0 0.004945  
32380.0 0.004741  
32390.0 0.003933  
32400.0 0.0044821 
32410.0 0.005189  
32420.0 0.0052673 
32430.0 0.005596  
32440.0 0.00395   
32450.0 0.0042767 
32460.0 0.0037967 
32470.0 0.0049876 
32480.0 0.0065026 
32490.0 0.0058962 
32500.0 0.005996  
32510.0 0.0052056 
32520.0 0.005621  
32530.0 0.0074527 
32540.0 0.0069366 
32550.0 0.0051516 
32560.0 0.0055814 
32570.0 0.0068396 
32580.0 0.0061388 
32590.0 0.0076286 
32600.0 0.0072581 
32610.0 0.0075894 
32620.0 0.0077188 
32630.0 0.0053984 
32640.0 0.0070172 
32650.0 0.0082876 
32660.0 0.0082502 
32670.0 0.0053368 
32680.0 0.0080932 
32690.0 0.0071557 
32700.0 0.0068533 
32710.0 0.0080025 
32720.0 0.0068242 
32730.0 0.010183  
32740.0 0.012088  
32750.0 0.0064899 
32760.0 0.0067826 
32770.0 0.0097088 
32780.0 0.0075275 
32790.0 0.0068898 
32800.0 0.0078196 
32810.0 0.0079642 
32820.0 0.012943  
32830.0 0.0093173 
32840.0 0.011665  
32850.0 0.011391  
32860.0 0.0097626 
32870.0 0.0076727 
32880.0 0.013704  
32890.0 0.010359  
32900.0 0.010026  
32910.0 0.015281  
32920.0 0.013936  
32930.0 0.016403  
32940.0 0.011446  
32950.0 0.011843  
32960.0 0.0089858 
32970.0 0.014371  
32980.0 0.011371  
32990.0 0.010187  
33000.0 0.015002  
