# http://www.eso.org/sci/facilities/paranal/instruments/fors/inst/Filters/curves.html
# Wavelength in Angtroms, filter transmission (no atomsphere, optical or ccd efficiency included)
3400.0  0.47519651
3500.0  0.60492477
3600.0  0.61960567
3700.0  0.56581288
3800.0  0.32039097
3900.0  0.080922027
4000.0  0.001238406
4100.0  0.00041040077
4200.0  0.00020542688
4300.0  0.00016050379
4400.0  0.00025857457
4500.0  0.00010107559
4600.0  3.7968631e-05
4700.0  8.7574558e-05
4800.0  7.4352967e-05
4900.0  5.1915177e-05
5000.0  1.1602336e-05
5100.0  4.9261447e-05
5200.0  6.4521196e-05
5300.0  3.6063423e-05
5400.0  9.7916057e-06
5500.0  2.7175449e-05
5600.0  5.5552743e-05
5700.0  2.0507134e-05
5800.0  3.8630473e-06
5900.0  2.6998466e-05
6000.0  2.5074753e-05
6100.0  2.295035e-05
6200.0  1.0944021e-06
6300.0  5.7498101e-06
6400.0  3.4911737e-06
6500.0  2.775322e-05
6600.0  2.4387522e-05
6700.0  8.8502983e-06
6800.0  4.5968634e-06
6900.0  2.1670118e-05
7000.0  7.2223445e-05
7100.0  3.5187387e-05
7200.0  4.3001884e-06
7300.0  1.6073003e-06
7400.0  1.2935871e-05
7500.0  1.448375e-05
7600.0  2.9237983e-05
7700.0  2.928269e-05
7800.0  4.9240427e-05
7900.0  1.491924e-05
8000.0  9.1185849e-06
8100.0  3.1905254e-05
8200.0  3.110093e-05
8300.0  3.5640394e-05
8400.0  9.4774195e-06
8500.0  1.6810188e-05
8600.0  3.6484391e-05
8700.0  2.7611082e-05
8800.0  2.0291121e-05
8900.0  1.2801243e-05
9000.0  2.7656587e-05
9100.0  3.2814629e-05
9200.0  2.0271412e-05
9300.0  1.1836144e-05
9400.0  3.559768e-05
9500.0  1.7650073e-05
9600.0  3.3323911e-05
9700.0  8.2559373e-06
9800.0  2.1199413e-06
9900.0  1.5763927e-05
10000.0 2.876856e-06
10100.0 4.2667174e-06
10200.0 2.7319988e-05
10300.0 2.4143405e-05
10400.0 4.520027e-05
10500.0 2.3222399e-05
10600.0 2.2879946e-05
10700.0 0.00011006847
10800.0 6.9320296e-05
10900.0 0.00011132673
11000.0 1.3460273e-05
11100.0 0.00022283932
11200.0 0.00018372358
11300.0 0.00049739807
11400.0 0.00055848433
11500.0 0.0010294419
11600.0 0.00025966428
11700.0 0.0018824949
11800.0 0.0046791174
11900.0 0.022498473
12000.0 0.029429954
