# http://www.eso.org/sci/facilities/paranal/instruments/fors/inst/Filters/curves.html
# Wavelength in Angtroms, filter transmission (no atomsphere, optical or ccd efficiency included)
3000  -4.220609e-05
3020  6.264204e-05 
3040  -7.956868e-05
3060  -8.72406e-05 
3080  -5.828338e-05
3100  -4.73773e-05 
3120  -4.60523e-06 
3140  8.74e-07     
3160  -5.12731e-06 
3180  5.27852e-05  
3200  3.171029e-05 
3220  -9.55493e-06 
3240  1.628202e-05 
3260  5.631482e-05 
3280  2.560993e-05 
3300  4.011794e-05 
3320  3.434628e-05 
3340  4.231049e-05 
3360  3.346226e-05 
3380  6.221864e-05 
3400  4.165351e-05 
3420  7.37698e-06  
3440  2.42075e-05  
3460  2.206145e-05 
3480  1.890568e-05 
3500  4.603572e-05 
3520  4.969162e-05 
3540  4.965106e-05 
3560  5.063212e-05 
3580  4.194201e-05 
3600  4.320747e-05 
3620  5.199389e-05 
3640  4.287413e-05 
3660  4.380886e-05 
3680  5.112696e-05 
3700  3.902191e-05 
3720  7.072536e-05 
3740  0.00022303814
3760  0.00182108089
3780  0.0116660285 
3800  0.04782892704
3820  0.1311197281 
3840  0.2609954262 
3860  0.3998603058 
3880  0.5120400238 
3900  0.5872000504 
3920  0.640794754  
3940  0.6825828552 
3960  0.7116851044 
3980  0.7260163116 
4000  0.7344567108 
4020  0.7459301758 
4040  0.7648627472 
4060  0.7842373657 
4080  0.7953266907 
4100  0.7973179626 
4120  0.7969132996 
4140  0.8026334381 
4160  0.8159295654 
4180  0.8317182159 
4200  0.843809967  
4220  0.8509420013 
4240  0.8536858368 
4260  0.8564450073 
4280  0.8603277588 
4300  0.8629688263 
4320  0.8642819214 
4340  0.8664590454 
4360  0.8713056183 
4380  0.8798786163 
4400  0.8877919006 
4420  0.8895504761 
4440  0.885473938  
4460  0.8773529816 
4480  0.8720181274 
4500  0.8726643372 
4520  0.8805725861 
4540  0.8926016998 
4560  0.9034109497 
4580  0.9104626465 
4600  0.9114614105 
4620  0.9117463684 
4640  0.9124549866 
4660  0.9135360718 
4680  0.9126695251 
4700  0.9072737122 
4720  0.8972982788 
4740  0.8873472595 
4760  0.8817822266 
4780  0.883686142  
4800  0.8941883087 
4820  0.9094200134 
4840  0.923817749  
4860  0.9313441467 
4880  0.9302386475 
4900  0.9215106964 
4920  0.9108937073 
4940  0.9031174469 
4960  0.9009612274 
4980  0.9042120361 
5000  0.912035675  
5020  0.9214069366 
5040  0.9301309204 
5060  0.935480957  
5080  0.9365995789 
5100  0.9328762054 
5120  0.9252872467 
5140  0.9171456146 
5160  0.9107905579 
5180  0.9090245819 
5200  0.9132565308 
5220  0.9200140381 
5240  0.9221309662 
5260  0.9151475525 
5280  0.8991894531 
5300  0.8830674744 
5320  0.8767674255 
5340  0.8851241302 
5360  0.903021698  
5380  0.9130470276 
5400  0.9013215637 
5420  0.8809954834 
5440  0.869675827  
5460  0.7656602478 
5480  0.4219165039 
5500  0.1446202374 
5520  0.04545732498
5540  0.01583328247
5560  0.00619135022
5580  0.00275625646
5600  0.00130693004
5620  0.00068151593
5640  0.00035839468
5660  0.00021019651
5680  0.00012004413
5700  7.701237e-05 
5720  5.346566e-05 
5740  3.02202e-05  
5760  1.926012e-05 
5780  1.600543e-05 
5800  1.730521e-05 
5820  6.84155e-06  
5840  1.7407e-06   
5860  2.42882e-06  
5880  -9.63355e-06 
5900  1.98894e-06  
5920  5.86254e-06  
5940  1.8e-07      
5960  3.42864e-06  
5980  7.84225e-06  
6000  7.17973e-06  
6020  9.02408e-06  
6040  -4.87814e-06 
6060  8.3e-07      
6080  8.32874e-06  
6100  1.93081e-06  
6120  -4.44031e-06 
6140  2.5354e-06   
6160  3.16537e-06  
6180  5.38e-07     
6200  2.48135e-06  
6220  -8.88192e-06 
6240  -4.59024e-06 
6260  8.97153e-06  
6280  1.96781e-06  
6300  6.46197e-06  
6320  -2.45534e-06 
6340  2.0917e-06   
6360  8.51566e-06  
6380  8.97e-07     
6400  3.42049e-06  
6420  7.33037e-06  
6440  3.55767e-06  
6460  -3.58294e-06 
6480  2.23677e-06  
6500  8.65508e-06  
6520  -4.83302e-06 
6540  6.74088e-06  
6560  -2.85236e-06 
6580  8.05469e-06  
6600  1.121718e-05 
6620  7.37046e-06  
6640  2.82e-07     
6660  3.55798e-06  
6680  -9.38017e-06 
6700  -6.76683e-06 
6720  1.57836e-06  
6740  -1.6598e-06  
6760  1.55589e-06  
6780  9.14e-07     
6800  -4.5e-07     
6820  6.70736e-06  
6840  9.35177e-06  
6860  2.47e-07     
6880  6.7421e-06   
6900  2.18075e-06  
6920  -3.34e-07    
6940  -1.7008e-06  
6960  8.69e-07     
6980  1.128295e-05 
7000  7.39791e-06  
7020  2.16439e-06  
7040  -6.29674e-06 
7060  -6.40332e-06 
7080  9.24e-07     
7100  6.12281e-06  
7120  -3.05921e-06 
7140  -1.7451e-06  
7160  -1.73789e-06 
7180  5.44837e-06  
7200  8.08184e-06  
7220  8.75515e-06  
7240  6.13845e-06  
7260  4.17152e-06  
7280  -3.65287e-06 
7300  -4.37803e-06 
7320  -6.33359e-06 
7340  8.76727e-06  
7360  7.45807e-06  
7380  8.09e-07     
7400  -6.29936e-06 
7420  8.17013e-06  
7440  2.89029e-06  
7460  2.87815e-06  
7480  1.017612e-05 
7500  1.149182e-05 
7520  -4.73e-07    
7540  -3.76e-07    
7560  1.084648e-05 
7580  3.56869e-06  
7600  8.85762e-06  
7620  1.949348e-05 
7640  2.016367e-05 
7660  4.480076e-05 
7680  4.547264e-05 
7700  4.695663e-05 
7720  4.286503e-05 
7740  3.75074e-05  
7760  2.952193e-05 
7780  1.688872e-05 
7800  1.822614e-05 
7820  1.689684e-05 
7840  2.17488e-06  
7860  1.623058e-05 
7880  6.23018e-06  
7900  7.55842e-06  
7920  1.024676e-05 
7940  8.26204e-06  
7960  2.024716e-05 
7980  1.159012e-05 
8000  2.165959e-05 
8020  1.425727e-05 
8040  1.424939e-05 
8060  1.760307e-05 
8080  8.20433e-06  
8100  9.54679e-06  
8120  1.286302e-05 
8140  -3.21509e-06 
8160  1.537042e-05 
8180  -4.32e-07    
8200  1.509542e-05 
8220  3.27329e-06  
8240  -2.20769e-06 
8260  6.72968e-06  
8280  1.617112e-05 
8300  1.386251e-05 
8320  3.202423e-05 
8340  3.392105e-05 
8360  4.32647e-05  
8380  -4.163934e-05
8400  -4.945754e-05
8420  5.211907e-05 
8440  2.882585e-05 
8460  1.419591e-05 
8480  -5.749454e-05
8500  3.175015e-05 
8520  -1.402791e-05
8540  -3.75137e-06 
8560  5.02423e-05  
8580  -1.308856e-05
8600  -1.551262e-05
8620  -1.142817e-05
8640  1.143551e-05 
8660  -3.095191e-05
8680  -7.53027e-06 
8700  -7.9556e-06  
8720  2.883609e-05 
8740  3.64576e-05  
8760  -1.630881e-05
8780  7.40712e-05  
8800  -5.1433e-06  
8820  1.412597e-05 
8840  -1.211875e-05
8860  -1.834274e-05
8880  3.21695e-05  
8900  3.45039e-05  
8920  -4.759274e-05
8940  3.036598e-05 
8960  -3.853706e-05
8980  1.209982e-05 
9000  7.36869e-05  
9020  -1.36186e-06 
9040  -3.35881e-05 
9060  8.597074e-05 
9080  1.192341e-05 
9100  3.419182e-05 
9120  4.159978e-05 
9140  3.562346e-05 
9160  -3.341231e-05
9180  1.74148e-05  
9200  5.15637e-06  
9220  -1.685317e-05
9240  8.005268e-05 
9260  6.412375e-05 
9280  -1.08134e-05 
9300  1.241652e-05 
9320  -4.71022e-05 
9340  3.641696e-05 
9360  2.64306e-06  
9380  4.287035e-05 
9400  2.831965e-05 
9420  -3.263755e-05
9440  3.99e-08     
9460  7.261433e-05 
9480  -3.27734e-05 
9500  3.635113e-05 
9520  -7.25479e-06 
9540  1.904062e-05 
9560  -2.014089e-05
9580  2.896972e-05 
9600  5.179033e-05 
9620  1.215391e-05 
9640  1.340837e-05 
9660  2.32894e-05  
9680  3.388391e-05 
9700  -8.56026e-06 
9720  -7.11915e-06 
9740  3.019719e-05 
9760  7.344947e-05 
9780  -1.93144e-06 
9800  1.72452e-06  
9820  1.232708e-05 
9840  2.36498e-05  
9860  4.713589e-05 
9880  4.188474e-05 
9900  -7.506827e-05
9920  1.948939e-05 
9940  4.56343e-06  
9960  1.919145e-05 
9980  1.53399e-06  
10000 4.509855e-05 
10020 2.55357e-05  
10040 4.240203e-05 
10060 -1.177153e-05
10080 -5.95943e-06 
10100 5.847474e-05 
10120 3.837909e-05 
10140 5.367022e-05 
10160 4.306528e-05 
10180 3.88051e-05  
10200 7.698428e-05 
10220 4.39604e-05  
10240 5.570603e-05 
10260 -2.497677e-05
10280 5.791805e-05 
10300 7.18497e-06  
10320 7.455327e-05 
10340 3.439272e-05 
10360 4.003321e-05 
10380 5.375986e-05 
10400 5.159532e-05 
10420 6.491802e-05 
10440 6.900569e-05 
10460 9.689665e-05 
10480 6.569611e-05 
10500 8.020709e-05 
10520 9.911238e-05 
10540 9.165732e-05 
10560 0.00010916452
10580 0.00010245743
10600 5.953401e-05 
10620 0.00010474968
10640 8.421888e-05 
10660 0.00010298261
10680 0.00011825636
10700 0.00010494061
10720 0.0001263866 
10740 0.00010007514
10760 9.272493e-05 
10780 7.178338e-05 
10800 8.423121e-05 
10820 0.00010690088
10840 0.00012017502
10860 0.00018718949
10880 0.00011260031
10900 0.00018321304
10920 0.00017989596
10940 0.00015408533
10960 0.00016069759
10980 0.00017578611
11000 0.00014494675
11020 0.00015293121
11040 0.00018166814
11060 0.00021419548
11080 0.00021418016
11100 0.00023541106
11120 0.00026023626
11140 0.0002429988 
11160 0.00025840089
11180 0.00029886011
11200 0.00030599551
11220 0.00027008023
11240 0.00029677112
11260 0.00025693409
11280 0.00049024589
11300 0.0003966365 
11320 0.0004121783 
11340 0.0004191361 
11360 0.00043255135
11380 0.00046771385
11400 0.00047005363
11420 0.0005035986 
11440 0.00056692258
11460 0.00059684727
11480 0.00060018275
11500 0.00063728735
11520 0.00059892144
11540 0.00066789575
11560 0.00070310064
11580 0.00069167241
11600 0.00074671529
11620 0.00074170701
11640 0.00081372701
11660 0.00080667563
11680 0.00087346628
11700 0.00085419372
11720 0.00088701338
11740 0.00086931974
11760 0.00095394827
11780 0.00100184567
11800 0.00100859106
11820 0.00106444374
11840 0.00108842403
11860 0.0011086832 
11880 0.00115157269
11900 0.0012397667 
11920 0.00126982778
11940 0.00126555905
11960 0.00139541179
11980 0.00147888452
12000 0.00142756388
12020 0.00153691307
12040 0.001601547  
12060 0.00169772208
12080 0.00173897371
12100 0.00182363913
12120 0.00191886947
12140 0.00200989917
12160 0.00205364212
12180 0.00226920441
12200 0.00231806561
12220 0.00240627632
12240 0.00255337417
12260 0.00264519721
12280 0.00276200324
12300 0.00291953921
12320 0.0031539464 
12340 0.00323033065
12360 0.00341239393
12380 0.00352117598
12400 0.00372883588
12420 0.00390309453
12440 0.0040499574 
12460 0.00426262677
12480 0.00443252325
12500 0.00459597647
12520 0.00483210564
12540 0.00503673136
12560 0.00521483064
12580 0.00542269945
12600 0.00561767519
12620 0.00575936198
12640 0.00600768328
12660 0.00625400245
12680 0.00640537143
12700 0.00656427085
12720 0.0067901814 
12740 0.00697851062
12760 0.00716198564
12780 0.00742879689
12800 0.00757115006
12820 0.00782013297
12840 0.00801594853
12860 0.00824688375
12880 0.00844589829
12900 0.00865462959
12920 0.00887656331
12940 0.0091978538 
12960 0.00936763823
12980 0.00964678049
13000 0.00984718204
13020 0.01011401534
13040 0.01040980101
13060 0.01070985794
13080 0.01097201824
13100 0.0112716198 
13120 0.01171652436
13140 0.01194417357
13160 0.01230312586
13180 0.01266689301
13200 0.01311117053
13220 0.01354797482
13240 0.01392801046
13260 0.01435507417
13280 0.01484717011
13300 0.01540761352
13320 0.01587612867
13340 0.01642598152
13360 0.01698390245
13380 0.01757009149
13400 0.01818194747
13420 0.01877041936
13440 0.01947361231
13460 0.02018061876
13480 0.02085020542
13500 0.02161550522
13520 0.02241444826
13540 0.02314380169
13560 0.02408533812
13580 0.0248643136 
13600 0.0257277894 
13620 0.02678799868
13640 0.02762219906
13660 0.0285503602 
13680 0.02956703186
13700 0.0304925561 
13720 0.03159658194
13740 0.03254723549
13760 0.03354629993
13780 0.03462767601
13800 0.03564060211
13820 0.0367586422 
13840 0.03780413389
13860 0.03883271217
13880 0.03981516838
13900 0.04063670635
13920 0.04165500641
13940 0.04258677483
13960 0.04366878986
13980 0.04448232174
14000 0.04547602177
14020 0.04648417473
14040 0.04744561195
14060 0.04841834545
14080 0.04940083981
14100 0.05050474167
14120 0.05144278526
14140 0.0525675869 
14160 0.05351597786
14180 0.05455384731
14200 0.05554094315
14220 0.05647668362
14240 0.05743434429
14260 0.05837300301
14280 0.05934292793
14300 0.06032445431
14320 0.06123514652
14340 0.06224143505
14360 0.06318237782
14380 0.06418494225
14400 0.06515458107
14420 0.06618313313
14440 0.06717453957
14460 0.06822002888
14480 0.06926214695
14500 0.0703118515 
14520 0.07133125305
14540 0.07245919704
14560 0.0736247921 
14580 0.07474006653
14600 0.07591765404
14620 0.07727514744
14640 0.07848750114
14660 0.07981142521
14680 0.08120223045
14700 0.08260047913
14720 0.08399046898
14740 0.08542428017
14760 0.08694754601
14780 0.08847316742
14800 0.09009647369
14820 0.09177448273
14840 0.093519907  
14860 0.09529173851
14880 0.09713535309
14900 0.09904396057
14920 0.1008850288 
14940 0.1029219818 
14960 0.104994936  
14980 0.1071259785 
15000 0.1093847084 
