# http://www.eso.org/sci/facilities/paranal/instruments/fors/inst/Filters/curves.html
# Wavelength in Angtroms, filter transmission (no atomsphere, optical or ccd efficiency included)
5002.669373 7.38e-06   
5005.999451 1.38e-05   
5009.329529 1e-06      
5012.659302 -2.77e-07  
5015.98938  1.38e-05   
5019.319458 1e-06      
5022.649536 1.38e-05   
5025.979309 6.11e-06   
5029.309387 8.66e-06   
5032.639465 9.94e-06   
5035.969238 7.39e-06   
5039.299316 9.94e-06   
5042.629395 1.63e-05   
5045.959473 9.94e-06   
5049.289246 7.39e-06   
5052.619324 7.39e-06   
5055.949402 7.39e-06   
5059.27948  7.4e-06    
5062.609253 1.51e-05   
5065.939331 8.67e-06   
5069.269409 1.12e-05   
5072.599487 1.51e-05   
5075.92926  7.39e-06   
5079.259338 9.95e-06   
5082.589417 9.95e-06   
5085.919495 7.39e-06   
5089.249268 7.39e-06   
5092.579346 1.38e-05   
5095.909424 4.84e-06   
5099.239502 4.84e-06   
5102.569275 1.38e-05   
5105.899353 3.56e-06   
5109.229431 2.27e-06   
5112.559509 1.12e-05   
5115.889282 -6.69e-06  
5119.21936  9.94e-06   
5122.549438 2.26e-06   
5125.879517 1.25e-05   
5129.209595 9.95e-06   
5132.539673 -3.07e-07  
5135.869141 -3.11e-07  
5139.199219 7.38e-06   
5142.529297 -4.17e-06  
5145.859375 -3.23e-07  
5149.189453 1.89e-05   
5152.519531 9.5e-07    
5155.849609 7.37e-06   
5159.179688 4.8e-06    
5162.509155 1.76e-05   
5165.839233 -1.64e-06  
5169.169312 1.38e-05   
5172.49939  -2.94e-06  
5175.829468 9.92e-06   
5179.159546 3.49e-06   
5182.489624 6.06e-06   
5185.819092 1.12e-05   
5189.14917  1.89e-05   
5192.479248 1.25e-05   
5195.809326 2.17e-06   
5199.139404 1.38e-05   
5202.469482 7.33e-06   
5205.799561 1.64e-05   
5209.129639 2.41e-05   
5212.459106 9.9e-06    
5215.789185 7.31e-06   
5219.119263 6.01e-06   
5222.449341 8.25e-07   
5225.779419 2.11e-06   
5229.109497 1.9e-05    
5232.439575 1.25e-05   
5235.769653 1.12e-05   
5239.099121 3.38e-06   
5242.429199 8.57e-06   
5245.759277 4.67e-06   
5249.089355 2.06e-06   
5252.419434 1.51e-05   
5255.749512 3.34e-06   
5259.07959  -5.78e-07  
5262.409668 1.77e-05   
5265.739136 3.32e-06   
5269.069214 9.84e-06   
5272.399292 3.3e-06    
5275.72937  1.77e-05   
5279.059448 1.11e-05   
5282.389526 -6.61e-07  
5285.719604 1.51e-05   
5289.049683 -3.31e-06  
5292.37915  -2.01e-06  
5295.709229 4.54e-06   
5299.039307 4.54e-06   
5302.369385 1.11e-05   
5305.699463 8.47e-06   
5309.029541 1.86e-06   
5312.359619 1.37e-05   
5315.689087 2.17e-05   
5319.019165 5.79e-06   
5322.349243 1.11e-05   
5325.679321 -6.16e-06  
5329.009399 5.76e-06   
5332.339478 7.08e-06   
5335.669556 1.24e-05   
5338.999634 7.06e-06   
5342.329102 9.71e-06   
5345.65918  1.1e-05    
5348.989258 1.68e-06   
5352.319336 3e-06      
5355.649414 5.66e-06   
5358.979492 8.33e-06   
5362.30957  8.32e-06   
5365.639648 4.27e-06   
5368.969116 9.64e-06   
5372.299194 1.64e-05   
5375.629272 1.64e-07   
5378.959351 2.84e-06   
5382.289429 2.82e-06   
5385.619507 2.04e-05   
5388.949585 1.36e-05   
5392.279663 6.84e-06   
5395.609131 -4.63e-09  
5398.939209 6.8e-06    
5402.269287 1.36e-05   
5405.599365 1.27e-06   
5408.929443 -1.51e-06  
5412.259521 1.5e-05    
5415.5896   8.07e-06   
5418.919678 9.43e-06   
5422.249146 -3.11e-07  
5425.579224 6.6e-06    
5428.909302 6.57e-06   
5432.23938  1.07e-05   
5435.569458 1.77e-05   
5438.899536 1.21e-05   
5442.229614 4.98e-06   
5445.559692 -6.44e-06  
5448.88916  6.33e-06   
5452.219238 1.63e-05   
5455.549316 1.2e-05    
5458.879395 1.34e-05   
5462.209473 3.41e-06   
5465.539551 1.35e-05   
5468.869629 4.85e-06   
5472.199097 1.06e-05   
5475.529175 3.43e-06   
5478.859253 1.2e-05    
5482.189331 1.06e-05   
5485.519409 1.06e-05   
5488.849487 7.75e-06   
5492.179565 2.63e-05   
5495.509644 1.49e-05   
5498.839111 2.49e-05   
5502.169189 6.35e-06   
5505.499268 1.92e-05   
5508.829346 9.21e-06   
5512.159424 9.22e-06   
5515.489502 3.34e-05   
5518.81958  2.77e-05   
5522.149658 4.19e-05   
5525.479126 4.34e-05   
5528.809204 7.6e-05    
5532.139282 9.3e-05    
5535.46936  0.000122817
5538.799438 0.00015398 
5542.129517 0.000206406
5545.459595 0.000254625
5548.789673 0.000357845
5552.119141 0.000483723
5555.449219 0.000615344
5558.779297 0.00082177 
5562.109375 0.001085991
5565.439453 0.00139938 
5568.769531 0.001829894
5572.099609 0.002378371
5575.429688 0.003074583
5578.759155 0.003913286
5582.089233 0.004963614
5585.419312 0.006259819
5588.74939  0.007862157
5592.079468 0.009730577
5595.409546 0.012021846
5598.739624 0.014730937
5602.069092 0.018022007
5605.39917  0.02173965 
5608.729248 0.026065202
5612.059326 0.031308374
5615.389404 0.037203286
5618.719482 0.043702784
5622.049561 0.050871768
5625.379639 0.059103041
5628.709106 0.068105617
5632.039185 0.077821569
5635.369263 0.088536625
5638.699341 0.100244894
5642.029419 0.112845602
5645.359497 0.126181107
5648.689575 0.1405935  
5652.019653 0.156070128
5655.349121 0.172226391
5658.679199 0.188618431
5662.009277 0.205802097
5665.339355 0.223583527
5668.669434 0.241796913
5671.999512 0.260235634
5675.32959  0.279394894
5678.659668 0.29829258 
5681.989136 0.317776566
5685.319214 0.337025986
5688.649292 0.35670826 
5691.97937  0.376535034
5695.309448 0.396145325
5698.639526 0.414697838
5701.969604 0.43347023 
5705.299683 0.45228611 
5708.62915  0.469935646
5711.959229 0.487712936
5715.289307 0.504902954
5718.619385 0.52211483 
5721.949463 0.538549118
5725.279541 0.554349442
5728.609619 0.570122109
5731.939697 0.585536614
5735.269165 0.599630432
5738.599243 0.613311157
5741.929321 0.626847763
5745.259399 0.639497337
5748.589478 0.651915894
5751.919556 0.663579483
5755.249634 0.674805908
5758.579102 0.685454102
5761.90918  0.695794373
5765.239258 0.7054245  
5768.569336 0.715042419
5771.899414 0.724230499
5775.229492 0.732725601
5778.55957  0.741042099
5781.889648 0.748672943
5785.219116 0.755895462
5788.549194 0.762878723
5791.879272 0.769920425
5795.209351 0.776138687
5798.539429 0.782141266
5801.869507 0.788110046
5805.199585 0.793805924
5808.529663 0.799178772
5811.859131 0.804207687
5815.189209 0.809003372
5818.519287 0.814008179
5821.849365 0.818652954
5825.179443 0.822947464
5828.509521 0.827118301
5831.8396   0.831110153
5835.169678 0.835232163
5838.499146 0.838726425
5841.829224 0.842630768
5845.159302 0.846009674
5848.48938  0.849722748
5851.819458 0.853099976
5855.149536 0.856337204
5858.479614 0.859557419
5861.809692 0.86275856 
5865.13916  0.865861969
5868.469238 0.868816071
5871.799316 0.871981659
5875.129395 0.874826355
5878.459473 0.877499847
5881.789551 0.880169601
5885.119629 0.88314064 
5888.449097 0.885941773
5891.779175 0.888451691
5895.109253 0.891290283
5898.439331 0.893653793
5901.769409 0.896200562
5905.099487 0.898600388
5908.429565 0.901074219
5911.759644 0.903382874
5915.089111 0.905417938
5918.419189 0.907431107
5921.749268 0.909823914
5925.079346 0.911631165
5928.409424 0.913372421
5931.739502 0.9157547  
5935.06958  0.917299728
5938.399658 0.919413376
5941.729126 0.921146393
5945.059204 0.923019714
5948.389282 0.924317932
5951.71936  0.925736771
5955.049438 0.926888199
5958.379517 0.928410492
5961.709595 0.929793091
5965.039673 0.930954895
5968.369141 0.932056351
5971.699219 0.932810288
5975.029297 0.934073181
5978.359375 0.934802246
5981.689453 0.935610733
5985.019531 0.936041489
5988.349609 0.936450501
5991.679688 0.937420425
5995.009155 0.937533112
5998.339233 0.937838593
6001.669312 0.938081589
6004.99939  0.938313751
6008.329468 0.938427887
6011.659546 0.938581619
6014.989624 0.93843811 
6018.319702 0.938318024
6021.64917  0.938016892
6024.979248 0.937733002
6028.309326 0.937502594
6031.639404 0.937138825
6034.969482 0.937115097
6038.299561 0.936665344
6041.629639 0.936263886
6044.959106 0.935653229
6048.289185 0.93538971 
6051.619263 0.934743729
6054.949341 0.934093781
6058.279419 0.933439407
6061.609497 0.933011322
6064.939575 0.932379761
6068.269653 0.931377335
6071.599121 0.930848236
6074.929199 0.930407867
6078.259277 0.929755249
6081.589355 0.929080582
6084.919434 0.9285466  
6088.249512 0.928301926
6091.57959  0.92754631 
6094.909668 0.926910324
6098.239136 0.926667328
6101.569214 0.926100464
6104.899292 0.925697784
6108.22937  0.925326157
6111.559448 0.92494133 
6114.889526 0.924938049
6118.219604 0.924441528
6121.549683 0.924214554
6124.87915  0.924226837
6128.209229 0.923980408
6131.539307 0.924145813
6134.869385 0.923958588
6138.199463 0.924375763
6141.529541 0.924191055
6144.859619 0.924445953
6148.189697 0.924531632
6151.519165 0.92466217 
6154.849243 0.925316849
6158.179321 0.925546494
6161.509399 0.925809174
6164.839478 0.926297302
6168.169556 0.926806107
6171.499634 0.927183991
6174.829102 0.927884445
6178.15918  0.928379974
6181.489258 0.929114151
6184.819336 0.929912872
6188.149414 0.930680389
6191.479492 0.931229324
6194.80957  0.931765976
6198.139648 0.932699738
6201.469116 0.933431778
6204.799194 0.934310303
6208.129272 0.935272827
6211.459351 0.936195221
6214.789429 0.936764603
6218.119507 0.937555695
6221.449585 0.938587189
6224.779663 0.939482956
6228.109131 0.940486221
6231.439209 0.941167679
6234.769287 0.941958923
6238.099365 0.942730103
6241.429443 0.943594589
6244.759521 0.944465256
6248.0896   0.945060577
6251.419678 0.945857239
6254.749146 0.946566162
6258.079224 0.947276535
6261.409302 0.947890549
6264.73938  0.948632736
6268.069458 0.948678589
6271.399536 0.949449844
6274.729614 0.950021591
6278.059692 0.950331955
6281.38916  0.950830689
6284.719238 0.950904465
6288.049316 0.95124527 
6291.379395 0.951461411
6294.709473 0.951620026
6298.039551 0.951782837
6301.369629 0.951905823
6304.699707 0.952142792
6308.029175 0.952142105
6311.359253 0.951794205
6314.689331 0.951755295
6318.019409 0.951905212
6321.349487 0.951486511
6324.679565 0.951488266
6328.009644 0.951120606
6331.339111 0.950677795
6334.669189 0.950248261
6337.999268 0.949682312
6341.329346 0.949442062
6344.659424 0.949027176
6347.989502 0.948486862
6351.31958  0.947726593
6354.649658 0.94710495 
6357.979126 0.946422958
6361.309204 0.946114807
6364.639282 0.94535614 
6367.96936  0.944558334
6371.299438 0.943904343
6374.629517 0.943226166
6377.959595 0.942721939
6381.289673 0.941912613
6384.619141 0.941290894
6387.949219 0.940314636
6391.279297 0.940003891
6394.609375 0.939062042
6397.939453 0.938494873
6401.269531 0.93789978 
6404.599609 0.937005005
6407.929688 0.936690674
6411.259155 0.935958328
6414.589233 0.935194244
6417.919312 0.934857407
6421.24939  0.934521561
6424.579468 0.93431282 
6427.909546 0.933385925
6431.239624 0.933074646
6434.569702 0.932756348
6437.89917  0.932244797
6441.229248 0.931595993
6444.559326 0.931702042
6447.889404 0.931704178
6451.219482 0.931424103
6454.549561 0.931021347
6457.879639 0.931164703
6461.209106 0.930827942
6464.539185 0.930708313
6467.869263 0.930881729
6471.199341 0.930849533
6474.529419 0.930748596
6477.859497 0.930875855
6481.189575 0.931239243
6484.519653 0.93159462 
6487.849121 0.93174057 
6491.179199 0.931769867
6494.509277 0.932471085
6497.839355 0.932590332
6501.169434 0.93287468 
6504.499512 0.933505173
6507.82959  0.933673325
6511.159668 0.934204254
6514.489136 0.934974136
6517.819214 0.935058212
6521.149292 0.935816345
6524.47937  0.936741943
6527.809448 0.93681572 
6531.139526 0.937442398
6534.469604 0.938197861
6537.799683 0.938713455
6541.12915  0.939766388
6544.459229 0.940061951
6547.789307 0.940656281
6551.119385 0.941438294
6554.449463 0.942019882
6557.779541 0.942688217
6561.109619 0.943421631
6564.439697 0.943982697
6567.769165 0.94438118 
6571.099243 0.94501648 
6574.429321 0.94570961 
6577.759399 0.946035614
6581.089478 0.946607361
6584.419556 0.947031632
6587.749634 0.947294617
6591.079102 0.947969284
6594.40918  0.948036728
6597.739258 0.948267822
6601.069336 0.948629532
6604.399414 0.948934784
6607.729492 0.949016495
6611.05957  0.949319458
6614.389648 0.949566422
6617.719116 0.949548264
6621.049194 0.949516907
6624.379272 0.949506683
6627.709351 0.949196854
6631.039429 0.949193268
6634.369507 0.949002686
6637.699585 0.948730316
6641.029663 0.948100586
6644.359131 0.948190613
6647.689209 0.947606888
6651.019287 0.947347641
6654.349365 0.94652977 
6657.679443 0.945905914
6661.009521 0.945787125
6664.3396   0.944932938
6667.669678 0.944208221
6670.999146 0.943641205
6674.329224 0.942863236
6677.659302 0.941810226
6680.98938  0.941429062
6684.319458 0.940269623
6687.649536 0.939285431
6690.979614 0.938698731
6694.309692 0.93792572 
6697.63916  0.936735764
6700.969238 0.935822067
6704.299316 0.934827423
6707.629395 0.933578339
6710.959473 0.932630768
6714.289551 0.931597138
6717.619629 0.930398331
6720.949707 0.929454193
6724.279175 0.928362961
6727.609253 0.927359772
6730.939331 0.92653244 
6734.269409 0.925244904
6737.599487 0.924408035
6740.929565 0.923600082
6744.259644 0.922540665
6747.589111 0.921609955
6750.919189 0.920854721
6754.249268 0.919930649
6757.579346 0.918916702
6760.909424 0.918189316
6764.239502 0.917529984
6767.56958  0.916634293
6770.899658 0.915764999
6774.229126 0.915242157
6777.559204 0.914445725
6780.889282 0.913967285
6784.21936  0.913446045
6787.549438 0.91302124 
6790.879517 0.912629547
6794.209595 0.912400742
6797.539673 0.911828613
6800.869141 0.911450653
6804.199219 0.911472244
6807.529297 0.911030045
6810.859375 0.911283341
6814.189453 0.911218491
6817.519531 0.911266403
6820.849609 0.911235123
6824.179688 0.91162529 
6827.509155 0.911679459
6830.839233 0.91180954 
6834.169312 0.912063446
6837.49939  0.912478714
6840.829468 0.91278717 
6844.159546 0.913373261
6847.489624 0.913855896
6850.819702 0.914594193
6854.14917  0.915312805
6857.479248 0.915881348
6860.809326 0.916488571
6864.139404 0.917255478
6867.469482 0.918211823
6870.799561 0.91904129 
6874.129639 0.920200577
6877.459106 0.920850754
6880.789185 0.921814346
6884.119263 0.922970047
6887.449341 0.924172287
6890.779419 0.925115967
6894.109497 0.926091461
6897.439575 0.927447891
6900.769653 0.928560104
6904.099121 0.929587631
6907.429199 0.930894165
6910.759277 0.931845932
6914.089355 0.932796936
6917.419434 0.934305191
6920.749512 0.935399399
6924.07959  0.936474533
6927.409668 0.937650375
6930.739136 0.93881134 
6934.069214 0.9399617  
6937.399292 0.940955658
6940.72937  0.942298508
6944.059448 0.943228455
6947.389526 0.944528046
6950.719604 0.944829941
6954.049683 0.946026001
6957.37915  0.947095261
6960.709229 0.947651596
6964.039307 0.948748779
6967.369385 0.949456101
6970.699463 0.950151825
6974.029541 0.95090126 
6977.359619 0.951511383
6980.689697 0.95182869 
6984.019165 0.952234268
6987.349243 0.952761002
6990.679321 0.952897873
6994.009399 0.953404388
6997.339478 0.953437195
7000.669556 0.953583374
7003.999634 0.953664246
7007.329712 0.953854981
7010.65918  0.953466263
7013.989258 0.953463898
7017.319336 0.953221054
7020.649414 0.95255455 
7023.979492 0.952499771
7027.30957  0.951760025
7030.639648 0.951480179
7033.969116 0.950822983
7037.299194 0.950032272
7040.629272 0.949355774
7043.959351 0.948497086
7047.289429 0.947464066
7050.619507 0.946638718
7053.949585 0.945410309
7057.279663 0.944616089
7060.609131 0.943273315
7063.939209 0.942540054
7067.269287 0.940868454
7070.599365 0.939732971
7073.929443 0.938381043
7077.259521 0.936895294
7080.5896   0.935920181
7083.919678 0.93415535 
7087.249146 0.932999039
7090.579224 0.931359558
7093.909302 0.929767838
7097.23938  0.928196335
7100.569458 0.92680809 
7103.899536 0.925396347
7107.229614 0.923877869
7110.559692 0.922516022
7113.88916  0.920423355
7117.219238 0.918641815
7120.549316 0.917718124
7123.879395 0.915974503
7127.209473 0.914151382
7130.539551 0.912972565
7133.869629 0.911039276
7137.199707 0.909449081
7140.529175 0.907957764
7143.859253 0.906633682
7147.189331 0.904731827
7150.519409 0.903191605
7153.849487 0.901825562
7157.179565 0.900239639
7160.509644 0.89884491 
7163.839111 0.897191162
7167.169189 0.895392838
7170.499268 0.894385376
7173.829346 0.892469254
7177.159424 0.890554428
7180.489502 0.889311218
7183.81958  0.88745697 
7187.149658 0.885646362
7190.479126 0.883983688
7193.809204 0.882304993
7197.139282 0.88032753 
7200.46936  0.878270721
7203.799438 0.876085968
7207.129517 0.874094238
7210.459595 0.871716919
7213.789673 0.869599075
7217.119141 0.867188187
7220.449219 0.864497528
7223.779297 0.861970978
7227.109375 0.859050369
7230.439453 0.855574799
7233.769531 0.852356186
7237.099609 0.848921661
7240.429688 0.845224991
7243.759155 0.84067688 
7247.089233 0.8367482  
7250.419312 0.832544098
7253.74939  0.827761078
7257.079468 0.822588425
7260.409546 0.81704277 
7263.739624 0.811460114
7267.069702 0.805236511
7270.39917  0.798843384
7273.729248 0.791981964
7277.059326 0.784774399
7280.389404 0.77719101 
7283.719482 0.768884964
7287.049561 0.760629654
7290.379639 0.751813736
7293.709717 0.742858048
7297.039185 0.733212128
7300.369263 0.723145752
7303.699341 0.712983933
7307.029419 0.702444229
7310.359497 0.691263809
7313.689575 0.679765091
7317.019653 0.667942429
7320.349121 0.655870132
7323.679199 0.643338623
7327.009277 0.630621262
7330.339355 0.617796402
7333.669434 0.604585953
7336.999512 0.591260834
7340.32959  0.577860069
7343.659668 0.564182396
7346.989136 0.550604324
7350.319214 0.536798019
7353.649292 0.523096314
7356.97937  0.508924255
7360.309448 0.494763641
7363.639526 0.481200981
7366.969604 0.467263565
7370.299683 0.453421898
7373.62915  0.440330963
7376.959229 0.426897659
7380.289307 0.41364624 
7383.619385 0.400618172
7386.949463 0.388036652
7390.279541 0.375427437
7393.609619 0.363289871
7396.939697 0.350965881
7400.269165 0.338840408
7403.599243 0.327313309
7406.929321 0.315633354
7410.259399 0.30491972 
7413.589478 0.294385548
7416.919556 0.283966026
7420.249634 0.273884716
7423.579712 0.264312706
7426.90918  0.25492281 
7430.239258 0.2456884  
7433.569336 0.236557388
7436.899414 0.227874851
7440.229492 0.219486809
7443.55957  0.21141449 
7446.889648 0.203722706
7450.219116 0.196225376
7453.549194 0.189225235
7456.879272 0.182242966
7460.209351 0.175497208
7463.539429 0.169320908
7466.869507 0.163137741
7470.199585 0.157110958
7473.529663 0.151308355
7476.859131 0.145756435
7480.189209 0.140470419
7483.519287 0.135321465
7486.849365 0.130375643
7490.179443 0.125705881
7493.509521 0.12115242 
7496.8396   0.116847858
7500.169678 0.112693234
7503.499146 0.108689241
7506.829224 0.104759264
7510.159302 0.100978994
7513.48938  0.097327604
7516.819458 0.093930492
7520.149536 0.090581274
7523.479614 0.087306595
7526.809692 0.084328089
7530.13916  0.081437931
7533.469238 0.07856915 
7536.799316 0.075760355
7540.129395 0.073310957
7543.459473 0.070824423
7546.789551 0.068390741
7550.119629 0.06602993 
7553.449707 0.063803711
7556.779175 0.06168345 
7560.109253 0.059627199
7563.439331 0.057669425
7566.769409 0.055763335
7570.099487 0.053907428
7573.429565 0.052172728
7576.759644 0.050466938
7580.089722 0.04890379 
7583.419189 0.047340288
7586.749268 0.045778303
7590.079346 0.044389982
7593.409424 0.042986779
7596.739502 0.041633406
7600.06958  0.040270929
7603.399658 0.039027243
7606.729126 0.037841487
7610.059204 0.036710088
7613.389282 0.035579576
7616.71936  0.034522522
7620.049438 0.033523095
7623.379517 0.032508292
7626.709595 0.031566772
7630.039673 0.030667229
7633.369141 0.029765329
7636.699219 0.028860302
7640.029297 0.028040824
7643.359375 0.027237804
7646.689453 0.026508479
7650.019531 0.025771418
7653.349609 0.025031376
7656.679688 0.024351025
7660.009155 0.023682623
7663.339233 0.023035514
7666.669312 0.022398403
7669.99939  0.021809385
7673.329468 0.021225882
7676.659546 0.020651917
7679.989624 0.020068891
7683.319702 0.019552158
7686.64917  0.01904786 
7689.979248 0.018562518
7693.309326 0.018089029
7696.639404 0.017625406
7699.969482 0.017174062
7703.299561 0.016761266
7706.629639 0.016332943
7709.959717 0.01593906 
7713.289185 0.015515585
7716.619263 0.015139742
7719.949341 0.014756542
7723.279419 0.01442202 
7726.609497 0.014065293
7729.939575 0.0137202  
7733.269653 0.013386291
7736.599121 0.013113312
7739.929199 0.012769951
7743.259277 0.012484787
7746.589355 0.012197489
7749.919434 0.011917074
7753.249512 0.011606143
7756.57959  0.011363785
7759.909668 0.011120042
7763.239136 0.010844952
7766.569214 0.010626175
7769.899292 0.010368848
7773.22937  0.01015301 
7776.559448 0.009957593
7779.889526 0.009728171
7783.219604 0.009506312
7786.549683 0.009305131
7789.87915  0.009113072
7793.209229 0.008888912
7796.539307 0.008726599
7799.869385 0.008540357
7803.199463 0.00836162 
7806.529541 0.008171815
7809.859619 0.008038218
7813.189697 0.007864755
7816.519165 0.007699642
7819.849243 0.007547331
7823.179321 0.007389913
7826.509399 0.007243378
7829.839478 0.007119966
7833.169556 0.006977443
7836.499634 0.006850254
7839.829712 0.00670672 
7843.15918  0.00658351 
7846.489258 0.0064346  
7849.819336 0.006335902
7853.149414 0.006231658
7856.479492 0.006113613
7859.80957  0.005978953
7863.139648 0.005903599
7866.469727 0.005767635
7869.799194 0.005679758
7873.129272 0.005565442
7876.459351 0.005488881
7879.789429 0.005376059
7883.119507 0.005274379
7886.449585 0.005181904
7889.779663 0.005107726
7893.109131 0.005015609
7896.439209 0.004919278
7899.769287 0.004850701
7903.099365 0.004769907
7906.429443 0.004680435
7909.759521 0.004600541
7913.0896   0.004548514
7916.419678 0.004464199
7919.749146 0.004387065
7923.079224 0.00432315 
7926.409302 0.004251521
7929.73938  0.004202816
7933.069458 0.00411825 
7936.399536 0.004038539
7939.729614 0.003989797
7943.059692 0.003913486
7946.38916  0.003847423
7949.719238 0.00380693 
7953.049316 0.003742475
7956.379395 0.00368838 
7959.709473 0.003639486
7963.039551 0.003575648
7966.369629 0.003528301
7969.699707 0.003479885
7973.029175 0.003434938
7976.359253 0.003387613
7979.689331 0.003329548
7983.019409 0.003304909
7986.349487 0.003223295
7989.679565 0.003185469
7993.009644 0.003159237
7996.339722 0.003099388
7999.669189 0.003053055
8002.999268 0.003020265
8006.329346 0.003006697
8009.659424 0.002925285
8012.989502 0.002905715
8016.31958  0.002863377
8019.649658 0.002809095
8022.979126 0.002781968
8026.309204 0.002751041
8029.639282 0.002707547
8032.96936  0.002689267
8036.299438 0.002653674
8039.629517 0.002618878
8042.959595 0.002579772
8046.289673 0.002537955
8049.619141 0.00252321 
8052.949219 0.002484663
8056.279297 0.00245281 
8059.609375 0.002410106
8062.939453 0.002389663
8066.269531 0.00235825 
8069.599609 0.002342632
8072.929688 0.002346073
8076.259155 0.002287933
8079.589233 0.002258412
8082.919312 0.002239465
8086.24939  0.002225935
8089.579468 0.002202423
8092.909546 0.002160671
8096.239624 0.002154122
8099.569702 0.002110951
8102.89917  0.002104282
8106.229248 0.002086675
8109.559326 0.002069866
8112.889404 0.002026972
8116.219482 0.002023709
8119.549561 0.001995363
8122.879639 0.001982475
8126.209717 0.001955584
8129.539185 0.001935825
8132.869263 0.001934968
8136.199341 0.001906776
8139.529419 0.001878517
8142.859497 0.001862683
8146.189575 0.001836948
8149.519653 0.00182282 
8152.849731 0.001815161
8156.179199 0.001789387
8159.509277 0.00177959 
8162.839355 0.001757719
8166.169434 0.001741352
8169.499512 0.001737727
8172.82959  0.001710519
8176.159668 0.001701033
8179.489136 0.00169513 
8182.819214 0.001673602
8186.149292 0.001648328
8189.47937  0.001650316
8192.809448 0.001639023
8196.139526 0.001607125
8199.469604 0.001616569
8202.799683 0.001596399
8206.12915  0.001584638
8209.459229 0.00157461 
8212.789307 0.001555756
8216.119385 0.001549476
8219.449463 0.001521759
8222.779541 0.00151356 
8226.109619 0.001502091
8229.439697 0.001498809
8232.769165 0.001487798
8236.099243 0.001489344
8239.429321 0.001473468
8242.759399 0.001458461
8246.089478 0.00146421 
8249.419556 0.001430111
8252.749634 0.001419013
8256.079712 0.00141917 
8259.40918  0.001414851
8262.739258 0.001397352
8266.069336 0.001402417
8269.399414 0.001390027
8272.729492 0.001388497
8276.05957  0.00136213 
8279.389648 0.001358675
8282.719727 0.001350459
8286.049194 0.001344236
8289.379272 0.001354525
8292.709351 0.001324695
8296.039429 0.001315426
8299.370117 0.001552664
8302.700195 0.001528041
8306.029663 0.001486569
8309.359741 0.001543713
8312.689819 0.001544194
8316.019897 0.001491349
8319.349976 0.001493979
8322.680054 0.001496524
8326.010132 0.001449551
8329.34021  0.001513357
8332.669678 0.001413563
8335.999756 0.001503118
8339.329834 0.001465866
8342.659912 0.001424128
8345.98999  0.001445509
8349.320068 0.001438497
8352.650146 0.001450694
8355.980225 0.001415909
8359.309692 0.001440228
8362.639771 0.001469659
8365.969849 0.001334798
8369.299927 0.001462411
8372.630005 0.001434576
8375.960083 0.001352113
8379.290161 0.001411369
8382.620239 0.001425302
8385.949707 0.001400282
8389.279785 0.001435339
8392.609863 0.001400793
8395.939941 0.001382073
8399.27002  0.001343703
8402.600098 0.001374061
8405.930176 0.001330835
8409.260254 0.001381236
8412.589722 0.001367989
8415.9198   0.001353035
8419.249878 0.001363146
8422.579956 0.001363199
8425.910034 0.00133107 
8429.240112 0.001351908
8432.57019  0.001376476
8435.900269 0.001329254
8439.229736 0.001357209
8442.559814 0.001375244
8445.889893 0.001364819
8449.219971 0.001324143
8452.550049 0.001306991
8455.880127 0.001277971
8459.210205 0.001347134
8462.539673 0.001369718
8465.869751 0.001315417
8469.199829 0.00125402 
8472.529907 0.001316991
8475.859985 0.001324081
8479.190063 0.001325434
8482.520142 0.001301695
8485.85022  0.001327736
8489.179688 0.001280444
8492.509766 0.001361331
8495.839844 0.001321349
8499.169922 0.001283023
8502.5      0.001308376
8505.830078 0.001313766
8509.160156 0.001226949
8512.490234 0.001379788
8515.819702 0.001303775
8519.14978  0.001250272
8522.479858 0.001295282
8525.809937 0.001309022
8529.140015 0.001229844
8532.470093 0.001347183
8535.800171 0.001280862
8539.130249 0.001267567
8542.459717 0.001345257
8545.789795 0.001267289
8549.119873 0.001272187
8552.449951 0.00131402 
8555.780029 0.001304506
8559.110107 0.001236385
8562.440186 0.00126184 
8565.770264 0.00131367 
8569.099731 0.001299497
8572.42981  0.001284233
8575.759888 0.001261281
8579.089966 0.001289546
8582.420044 0.001292565
8585.750122 0.001304251
8589.0802   0.001311606
8592.409668 0.001285503
8595.739746 0.001187135
8599.069824 0.001350265
8602.399902 0.001299445
8605.72998  0.001313605
8609.060059 0.001290687
8612.390137 0.001253689
8615.720215 0.001339743
8619.049683 0.001297742
8622.379761 0.001288635
8625.709839 0.001290245
8629.039917 0.001315217
8632.369995 0.001286073
8635.700073 0.001313699
8639.030151 0.001298656
8642.360229 0.001349659
8645.689697 0.001281519
8649.019775 0.001282737
8652.349854 0.001340029
8655.679932 0.00128018 
8659.01001  0.001326384
8662.340088 0.001306547
8665.670166 0.001282488
8669.000244 0.001319615
8672.329712 0.001307763
8675.65979  0.001360515
8678.989868 0.001283323
8682.319946 0.001290962
8685.650024 0.001282692
8688.980103 0.001338749
8692.310181 0.001257246
8695.640259 0.001322892
8698.969727 0.001319759
8702.299805 0.001341317
8705.629883 0.001342058
8708.959961 0.001334765
8712.290039 0.001312822
8715.620117 0.00134913 
8718.950195 0.001334486
8722.280273 0.001398215
8725.609741 0.001284253
8728.939819 0.001379964
8732.269897 0.001393424
8735.599976 0.001321788
8738.930054 0.001364924
8742.260132 0.001436578
8745.59021  0.001377495
8748.919678 0.001406004
8752.249756 0.001357615
8755.579834 0.001400249
8758.909912 0.00139543 
8762.23999  0.001423609
8765.570068 0.001335067
8768.900146 0.001446822
8772.230225 0.001440121
8775.559692 0.001375545
8778.889771 0.001436334
8782.219849 0.001412451
8785.549927 0.001430895
8788.880005 0.001426215
8792.210083 0.0014426  
8795.540161 0.001474935
8798.870239 0.001448519
8802.199707 0.001519567
8805.529785 0.001467223
8808.859863 0.001455149
8812.189941 0.001498739
8815.52002  0.001457723
8818.850098 0.001499616
8822.180176 0.001499826
8825.510254 0.001469005
8828.839722 0.001560793
8832.1698   0.001512848
8835.499878 0.001525704
8838.829956 0.00152041 
8842.160034 0.001569065
8845.490112 0.001550589
8848.82019  0.001545754
8852.150269 0.001574762
8855.479736 0.001538751
8858.809814 0.001613217
8862.139893 0.001600154
8865.469971 0.001640387
8868.800049 0.001585611
8872.130127 0.001659862
8875.460205 0.001581417
8878.789673 0.001689159
8882.119751 0.00159555 
8885.449829 0.001670144
8888.779907 0.001704241
8892.109985 0.00164781 
8895.440063 0.001705404
8898.770142 0.001699188
8902.10022  0.001748317
8905.429688 0.001720785
8908.759766 0.001726225
8912.089844 0.001797731
8915.419922 0.00171032 
8918.75     0.001809119
8922.080078 0.001767582
8925.410156 0.001814774
8928.740234 0.001790785
8932.069702 0.001806396
8935.39978  0.001866748
8938.729858 0.001862096
8942.059937 0.00182988 
8945.390015 0.001852594
8948.720093 0.001882428
8952.050171 0.001914504
8955.380249 0.001937255
8958.709717 0.001916799
8962.039795 0.001939654
8965.369873 0.001950538
8968.699951 0.001979387
8972.030029 0.001992619
8975.360107 0.001940227
8978.690186 0.001999717
8982.020264 0.002016709
8985.349731 0.002007452
8988.67981  0.002054171
8992.009888 0.001990873
8995.339966 0.002071193
8998.670044 0.002083783
9002.000122 0.002078491
9005.3302   0.002102747
9008.660278 0.002134426
9011.989746 0.00217154 
9015.319824 0.002112357
9018.649902 0.0021597  
9021.97998  0.002144578
9025.310059 0.002176545
9028.640137 0.002148725
9031.970215 0.002166867
9035.299683 0.002207198
9038.629761 0.002260633
9041.959839 0.002208561
9045.289917 0.002152474
9048.619995 0.002236032
9051.950073 0.002197466
9055.280151 0.002166398
9058.610229 0.002215118
9061.939697 0.002229984
9065.269775 0.002219701
9068.599854 0.00218169 
9071.929932 0.002204609
9075.26001  0.002203712
9078.590088 0.002136411
9081.920166 0.002217768
9085.250244 0.002157875
9088.579712 0.002193477
9091.90979  0.00215374 
9095.239868 0.002135656
9098.569946 0.002138775
9101.900024 0.002113579
9105.230103 0.002151405
9108.560181 0.002111158
9111.890259 0.00204636 
9115.219727 0.002102299
9118.549805 0.002092883
9121.879883 0.002069545
9125.209961 0.002006344
9128.540039 0.002076337
9131.870117 0.001989805
9135.200195 0.002001228
9138.530273 0.001962203
9141.859741 0.001930315
9145.189819 0.001941822
9148.519897 0.001962407
9151.849976 0.001885024
9155.180054 0.00195458 
9158.510132 0.001890056
9161.84021  0.001875394
9165.169678 0.001886554
9168.499756 0.001816699
9171.829834 0.001803115
9175.159912 0.001856158
9178.48999  0.001759119
9181.820068 0.001788491
9185.150146 0.001770113
9188.480225 0.001730626
9191.809692 0.001740403
9195.139771 0.00166359 
9198.469849 0.00171667 
9201.799927 0.001669844
9205.130005 0.00165387 
9208.460083 0.001666217
9211.790161 0.001630156
9215.120239 0.001644366
9218.449707 0.001631694
9221.779785 0.001547071
9225.109863 0.001600391
9228.439941 0.001559293
9231.77002  0.001557133
9235.100098 0.001527914
9238.430176 0.001546449
9241.760254 0.001512641
9245.089722 0.001477712
9248.4198   0.001503975
9251.749878 0.001447011
9255.079956 0.00146395 
9258.410034 0.001474355
9261.740112 0.001461029
9265.07019  0.001423907
9268.400269 0.001451613
9271.729736 0.001381006
9275.059814 0.001382938
9278.389893 0.001367954
9281.719971 0.001341552
9285.050049 0.00141574 
9288.380127 0.001277835
9291.710205 0.001420417
9295.040283 0.001309843
9298.369751 0.001297204
9301.699829 0.00131006 
9305.029907 0.001304571
9308.359985 0.001298058
9311.690063 0.001249935
9315.020142 0.001303425
9318.35022  0.001287135
9321.679688 0.001287798
9325.009766 0.001191095
9328.339844 0.001247202
9331.669922 0.001325873
9335.0      0.001219912
9338.330078 0.001233921
9341.660156 0.001215435
9344.990234 0.001238862
9348.319702 0.001195223
9351.64978  0.001180723
9354.979858 0.001275976
9358.309937 0.00117436 
9361.640015 0.001191141
9364.970093 0.00121224 
9368.300171 0.00118329 
9371.630249 0.001199458
9374.959717 0.001198982
9378.289795 0.001169133
9381.619873 0.001114515
9384.949951 0.001158945
9388.280029 0.00118006 
9391.610107 0.001169104
9394.940186 0.00116283 
9398.270264 0.001158484
9401.599731 0.001173756
9404.92981  0.001125891
9408.259888 0.001153371
9411.589966 0.001129084
9414.920044 0.001110518
9418.250122 0.001174806
9421.5802   0.001129733
9424.910278 0.001137655
9428.239746 0.001125755
9431.569824 0.001155821
9434.899902 0.001100083
9438.22998  0.001145767
9441.560059 0.001115532
9444.890137 0.001153925
9448.220215 0.001123293
9451.549683 0.001145017
9454.879761 0.001166269
9458.209839 0.001063202
9461.539917 0.001092649
9464.869995 0.001199637
9468.200073 0.001121321
9471.530151 0.001137211
9474.860229 0.001191696
9478.189697 0.001144071
9481.519775 0.001153924
9484.849854 0.001117101
9488.179932 0.00111927 
9491.51001  0.001149928
9494.840088 0.001174704
9498.170166 0.001087406
9501.500244 0.001190462
9504.829712 0.001143081
9508.15979  0.001151057
9511.489868 0.001192456
9514.819946 0.001134266
9518.150024 0.001174047
9521.480103 0.001146866
9524.810181 0.001214417
9528.140259 0.001143771
9531.469727 0.00124315 
9534.799805 0.001133393
9538.129883 0.001167944
9541.459961 0.001176686
9544.790039 0.001206716
9548.120117 0.001230116
9551.450195 0.001188257
9554.780273 0.001166293
9558.109741 0.001203182
9561.439819 0.001249829
9564.769897 0.001181672
9568.099976 0.001263783
9571.430054 0.001272394
9574.760132 0.001193886
9578.09021  0.001240399
9581.419678 0.001266305
9584.749756 0.001270114
9588.079834 0.001292759
9591.409912 0.001228911
9594.73999  0.001289393
9598.070068 0.001293389
9601.400146 0.001335017
9604.730225 0.001271978
9608.059692 0.001326233
9611.389771 0.001333008
9614.719849 0.001351259
9618.049927 0.001307906
9621.380005 0.00137289 
9624.710083 0.00130595 
9628.040161 0.00135204 
9631.370239 0.001460136
9634.699707 0.001327913
9638.029785 0.001446381
9641.359863 0.001470072
9644.689941 0.001364099
9648.02002  0.00145711 
9651.350098 0.001417482
9654.680176 0.001461825
9658.010254 0.001416951
9661.339722 0.001474385
9664.6698   0.001524943
9667.999878 0.001497922
9671.329956 0.001547391
9674.660034 0.001518676
9677.990112 0.001522661
9681.32019  0.001540028
9684.650269 0.001575473
9687.979736 0.001544434
9691.309814 0.001577268
9694.639893 0.001593695
9697.969971 0.001535528
9701.300049 0.001634572
9704.630127 0.001619853
9707.960205 0.001607407
9711.290283 0.001651154
9714.619751 0.00162732 
9717.949829 0.00172267 
9721.279907 0.001663253
9724.609985 0.001686242
9727.940063 0.00162055 
9731.270142 0.001751653
9734.60022  0.001677925
9737.929688 0.001701207
9741.259766 0.001710849
9744.589844 0.001734493
9747.919922 0.001720403
9751.25     0.001701376
9754.580078 0.001744966
9757.910156 0.001770865
9761.240234 0.001724163
9764.569702 0.001778038
9767.89978  0.001790725
9771.229858 0.001741571
9774.559937 0.001744664
9777.890015 0.001705673
9781.220093 0.001803259
9784.550171 0.00181881 
9787.880249 0.001714061
9791.209717 0.001801219
9794.539795 0.001775429
9797.869873 0.001737463
9801.199951 0.001738125
9804.530029 0.001759458
9807.860107 0.001718808
9811.190186 0.001747222
9814.520264 0.001767215
9817.849731 0.001703376
9821.17981  0.001739404
9824.509888 0.001731121
9827.839966 0.001700708
9831.170044 0.001705779
9834.500122 0.001694251
9837.8302   0.001646236
9841.160278 0.001648799
9844.489746 0.00171399 
9847.819824 0.001648512
9851.149902 0.001760382
9854.47998  0.001596089
9857.810059 0.001662014
9861.140137 0.001618727
9864.470215 0.001591412
9867.799683 0.001650553
9871.129761 0.001541915
9874.459839 0.001560149
9877.789917 0.001584843
9881.119995 0.00155973 
9884.450073 0.001532599
9887.780151 0.001522445
9891.110229 0.001592177
9894.439697 0.001489263
9897.769775 0.001500958
9901.099854 0.001518546
9904.429932 0.001509653
9907.76001  0.001525368
9911.090088 0.001466781
9914.420166 0.001472169
9917.750244 0.001463267
9921.079712 0.001456965
9924.40979  0.001427204
9927.739868 0.001491655
9931.069946 0.001464641
9934.400024 0.001441135
9937.730103 0.001394363
9941.060181 0.001411813
9944.390259 0.001393981
9947.719727 0.001432411
9951.049805 0.001372421
9954.379883 0.001330277
9957.709961 0.001397115
9961.040039 0.001364438
9964.370117 0.001363508
9967.700195 0.001397146
9971.030273 0.001313696
9974.359741 0.001341746
9977.689819 0.00131795 
9981.019897 0.001378932
9984.349976 0.001239511
9987.680054 0.001336945
9991.010132 0.001269063
9994.34021  0.001281137
9997.670288 0.001303836
10000.99976 0.001247886
10004.32983 0.001291706
10007.65991 0.001303998
10010.98999 0.001271725
10014.32007 0.001202376
10017.65015 0.001280901
10020.98022 0.00123556 
10024.30969 0.001198774
10027.63977 0.001263016
10030.96985 0.001154911
10034.29993 0.00117833 
10037.63    0.001205272
10040.96008 0.001196561
10044.29016 0.001157258
10047.62024 0.001174996
10050.94971 0.001177501
10054.27979 0.001209879
10057.60986 0.001127318
10060.93994 0.001148699
10064.27002 0.001148758
10067.6001  0.001100204
10070.93018 0.001147367
10074.26025 0.001112668
10077.58972 0.001111779
10080.9198  0.001180846
10084.24988 0.001068834
10087.57996 0.001067681
10090.91003 0.00116706 
10094.24011 0.001108301
10097.57019 0.001061544
10100.90027 0.001029749
10104.22974 0.001101976
10107.55981 0.001058484
10110.88989 0.00108127 
10114.21997 0.001052377
10117.55005 0.001042916
10120.88013 0.001054004
10124.21021 0.001007293
10127.54028 0.00108614 
10130.86975 0.000996247
10134.19983 0.001065358
10137.52991 0.001052894
10140.85999 0.000987388
10144.19006 0.001097129
10147.52014 0.001049008
10150.85022 0.001014756
10154.17969 0.001038126
10157.50977 0.000993226
10160.83984 0.001021892
10164.16992 0.00102865 
10167.5     0.001013092
10170.83008 0.000984278
10174.16016 0.00100733 
10177.49023 0.001006807
10180.8197  0.001024891
10184.14978 0.000961842
10187.47986 0.000966239
10190.80994 0.00100467 
10194.14001 0.000964281
10197.47009 0.000973043
10200.80017 0.000987428
10204.13025 0.000939474
10207.45972 0.000956338
10210.78979 0.000984824
10214.11987 0.000989724
10217.44995 0.000976235
10220.78003 0.000964405
10224.11011 0.000956   
10227.44019 0.00098557 
10230.77026 0.001041825
10234.09973 0.000938949
10237.42981 0.000975411
10240.7605  0.000951067
10244.09058 0.000979282
10247.41943 0.00104352 
10250.74951 0.000913942
10254.07959 0.000915222
10257.40967 0.000985423
10260.73975 0.000983511
10264.06982 0.000936751
10267.3999  0.000976152
10270.72998 0.000990269
10274.06006 0.000908813
10277.39014 0.000982876
10280.72021 0.000937318
10284.05029 0.000966801
10287.38037 0.000976269
10290.71045 0.00097698 
10294.04053 0.000975787
10297.36938 0.000953673
10300.69946 0.000969413
10304.02954 0.00096896 
10307.35962 0.000973396
10310.6897  0.000917012
10314.01978 0.001009039
10317.34985 0.000893998
10320.67993 0.000992655
10324.01001 0.001000271
10327.34009 0.000950199
10330.67017 0.00097944 
10334.00024 0.000972913
10337.33032 0.000977546
10340.6604  0.000969024
10343.99048 0.000982966
10347.32056 0.000980875
10350.64941 0.000985771
10353.97949 0.001006602
10357.30957 0.000987977
10360.63965 0.000998119
10363.96973 0.0009944  
10367.2998  0.001022557
10370.62988 0.001016579
10373.95996 0.00097306 
10377.29004 0.001005778
10380.62012 0.001012888
10383.9502  0.001017452
10387.28027 0.00100425 
10390.61035 0.001014272
10393.94043 0.000988138
10397.27051 0.000990986
10400.60059 0.000981899
10403.92944 0.001011532
10407.25952 0.001012181
10410.5896  0.000992319
10413.91968 0.001020595
10417.24976 0.001057987
10420.57983 0.001025456
10423.90991 0.000995077
10427.23999 0.001059926
10430.57007 0.001064724
10433.90015 0.001067638
10437.23022 0.001017013
10440.5603  0.001081122
10443.89038 0.001029541
10447.22046 0.001070875
10450.55054 0.001034782
10453.87939 0.001045256
10457.20947 0.001129327
10460.53955 0.001010593
10463.86963 0.001105912
10467.19971 0.001059079
10470.52979 0.00108882 
10473.85986 0.001115442
10477.18994 0.001099976
10480.52002 0.001063761
10483.8501  0.001081145
10487.18018 0.001154066
10490.51025 0.001075677
10493.84033 0.001078903
10497.17041 0.001145962
10500.50049 0.001105394
10503.83057 0.001127938
10507.15942 0.00111422 
10510.4895  0.001114079
10513.81958 0.001146873
10517.14966 0.001145263
10520.47974 0.001156796
10523.80981 0.001181147
10527.13989 0.001137038
10530.46997 0.00122472 
10533.80005 0.001146782
10537.13013 0.001176111
10540.46021 0.001170738
10543.79028 0.001187733
10547.12036 0.001151124
10550.45044 0.001197713
10553.78052 0.001189755
10557.1106  0.001167114
10560.43945 0.001184144
10563.76953 0.001204913
10567.09961 0.001228457
10570.42969 0.00121906 
10573.75977 0.001206292
10577.08984 0.00126178 
10580.41992 0.001209593
10583.75    0.001249051
10587.08008 0.001256434
10590.41016 0.001198066
10593.74023 0.001266966
10597.07031 0.001212017
10600.40039 0.001307499
10603.73047 0.001259222
10607.06055 0.001254278
10610.3894  0.001281964
10613.71948 0.001318954
10617.04956 0.00127536 
10620.37964 0.001275785
10623.70972 0.001322366
10627.03979 0.001286639
10630.36987 0.001328829
10633.69995 0.001298825
10637.03003 0.001343287
10640.36011 0.001310319
10643.69019 0.001271854
10647.02026 0.001351094
10650.35034 0.001328402
10653.68042 0.001343161
10657.0105  0.001345106
10660.34058 0.001335512
10663.66943 0.001382203
10666.99951 0.001332522
10670.32959 0.001467734
10673.65967 0.001397448
10676.98975 0.001383381
10680.31982 0.001389152
10683.6499  0.001392141
10686.97998 0.001407557
10690.31006 0.00139376 
10693.64014 0.001459386
10696.97021 0.001441525
10700.30029 0.001415369
10703.63037 0.001448542
10706.96045 0.001451095
10710.29053 0.001424106
10713.62061 0.001445594
10716.94946 0.001500096
10720.27954 0.001481546
10723.60962 0.001461187
10726.9397  0.00151812 
10730.26978 0.001572956
10733.59985 0.001533962
10736.92993 0.001502502
10740.26001 0.001478439
10743.59009 0.001551998
10746.92017 0.001532155
10750.25024 0.001535848
10753.58032 0.001567273
10756.9104  0.001542421
10760.24048 0.001605191
10763.57056 0.001496482
10766.89941 0.001642449
10770.22949 0.001568293
10773.55957 0.001600819
10776.88965 0.001633227
10780.21973 0.001657735
10783.5498  0.001610719
10786.87988 0.001665094
10790.20996 0.00160782 
10793.54004 0.001628127
10796.87012 0.00164915 
10800.2002  0.001686129
10803.53027 0.001703333
10806.86035 0.001706341
10810.19043 0.001681967
10813.52051 0.001764999
10816.85059 0.001766261
10820.17944 0.001717132
10823.50952 0.001750644
10826.8396  0.001767704
10830.16968 0.001803915
10833.49976 0.001789113
10836.82983 0.001784298
10840.15991 0.001800968
10843.48999 0.00174669 
10846.82007 0.00182531 
10850.15015 0.001823049
10853.48022 0.00186054 
10856.8103  0.001903676
10860.14038 0.00191966 
10863.47046 0.001823456
10866.80054 0.001920498
10870.12939 0.001809146
10873.45947 0.001938794
10876.78955 0.001916662
10880.11963 0.001923358
10883.44971 0.001982237
10886.77979 0.001982399
10890.10986 0.001941996
10893.43994 0.001996622
10896.77002 0.001962448
10900.1001  0.002019091
10903.43018 0.002013202
10906.76025 0.002063321
10910.09033 0.002074648
10913.42041 0.002011827
10916.75049 0.002130944
10920.08057 0.002104246
10923.40942 0.002124279
10926.7395  0.002177832
10930.06958 0.002127956
10933.39966 0.002196877
10936.72974 0.002163759
10940.05981 0.002186159
10943.38989 0.002193671
10946.71997 0.002248135
10950.05005 0.002272568
10953.38013 0.00223265 
10956.71021 0.002286632
10960.04028 0.002299345
10963.37036 0.002322621
10966.70044 0.002342116
10970.03052 0.002401038
10973.3606  0.002348608
10976.68945 0.002399577
10980.01953 0.002398105
10983.34961 0.002443972
10986.67969 0.002451754
10990.00977 0.002434343
10993.33984 0.002479925
10996.66992 0.002504827
11000.0     0.002507765
