  5948.0  -8.58 
  5952.0  -8.52 
  5956.0  -8.46 
  5960.0  -8.40 
  5964.0  -8.34 
  5968.0  -8.29 
  5972.0  -8.23 
  5976.0  -8.17 
  5980.0  -8.11 
  5984.0  -8.05 
  5988.0  -7.99 
  5992.0  -7.94 
  5996.0  -7.88 
  6000.0  -7.82 
  6004.0  -7.76 
  6008.0  -7.70 
  6012.0  -7.65 
  6016.0  -7.59 
  6020.0  -7.53 
  6024.0  -7.47 
  6028.0  -7.41 
  6032.0  -7.35 
  6036.0  -7.30 
  6040.0  -7.24 
  6044.0  -7.18 
  6048.0  -7.12 
  6052.0  -7.06 
  6056.0  -7.01 
  6060.0  -6.95 
  6064.0  -6.89 
  6068.0  -6.83 
  6072.0  -6.77 
  6076.0  -6.71 
  6080.0  -6.66 
  6084.0  -6.60 
  6088.0  -6.54 
  6092.0  -6.48 
  6096.0  -6.42 
  6100.0  -6.37 
  6104.0  -6.31 
  6108.0  -6.25 
  6112.0  -6.19 
  6116.0  -6.13 
  6120.0  -6.08 
  6124.0  -6.02 
  6128.0  -5.96 
  6132.0  -5.90 
  6136.0  -5.84 
  6140.0  -5.78 
  6144.0  -5.73 
  6148.0  -5.67 
  6152.0  -5.61 
  6156.0  -5.55 
  6160.0  -5.49 
  6164.0  -5.44 
  6168.0  -5.38 
  6172.0  -5.32 
  6176.0  -5.26 
  6180.0  -5.20 
  6184.0  -5.14 
  6188.0  -5.09 
  6192.0  -5.03 
  6196.0  -4.97 
  6200.0  -4.91 
  6204.0  -4.85 
  6208.0  -4.80 
  6212.0  -4.74 
  6216.0  -4.68 
  6220.0  -4.62 
  6224.0  -4.56 
  6228.0  -4.50 
  6232.0  -4.45 
  6236.0  -4.39 
  6240.0  -4.33 
  6244.0  -4.27 
  6248.0  -4.21 
  6252.0  -4.16 
  6256.0  -4.10 
  6260.0  -4.04 
  6264.0  -3.98 
  6268.0  -3.92 
  6272.0  -3.86 
  6276.0  -3.81 
  6280.0  -3.75 
  6284.0  -3.69 
  6288.0  -3.63 
  6292.0  -3.57 
  6296.0  -3.52 
  6300.0  -3.46 
  6304.0  -3.40 
  6308.0  -3.34 
  6312.0  -3.28 
  6316.0  -3.23 
  6320.0  -3.17 
  6324.0  -3.11 
  6328.0  -3.05 
  6332.0  -2.99 
  6336.0  -2.93 
  6340.0  -2.88 
  6344.0  -2.82 
  6348.0  -2.76 
  6352.0  -2.70 
  6356.0  -2.64 
  6360.0  -2.59 
  6364.0  -2.53 
  6368.0  -2.47 
  6372.0  -2.41 
  6376.0  -2.35 
  6380.0  -2.29 
  6384.0  -2.24 
  6388.0  -2.18 
  6392.0  -2.12 
  6396.0  -2.06 
  6400.0  -2.00 
  6404.0  -1.95 
  6408.0  -1.89 
  6412.0  -1.83 
  6416.0  -1.77 
  6420.0  -1.71 
  6424.0  -1.65 
  6428.0  -1.60 
  6432.0  -1.54 
  6436.0  -1.48 
  6440.0  -1.42 
  6444.0  -1.36 
  6448.0  -1.31 
  6452.0  -1.25 
  6456.0  -1.19 
  6460.0  -1.13 
  6464.0  -1.07 
  6468.0  -1.02 
  6472.0  -0.96 
  6476.0  -0.90 
  6480.0  -0.84 
  6484.0  -0.78 
  6488.0  -0.72 
  6492.0  -0.67 
  6496.0  -0.61 
  6500.0  -0.55 
  6504.0  -0.49 
  6508.0  -0.43 
  6512.0  -0.38 
  6516.0  -0.32 
  6520.0  -0.26 
  6524.0  -0.20 
  6528.0  -0.14 
  6532.0  -0.09 
  6536.0  -0.03 
  6540.0   0.03 
  6544.0   0.08 
  6548.0   0.09 
  6552.0   0.07 
  6556.0   0.01 
  6560.0   0.00 
  6564.0   0.00 
  6568.0   0.00 
  6572.0   0.00 
  6576.0   0.00 
  6580.0   0.00 
  6584.0   0.00 
  6588.0   0.00 
  6592.0   0.02 
  6596.0   0.03 
  6600.0   0.05 
  6604.0   0.05 
  6608.0   0.04 
  6612.0   0.03 
  6616.0   0.00 
  6620.0   0.03 
  6624.0   0.03 
  6628.0   0.05 
  6632.0   0.07 
  6636.0   0.08 
  6640.0   0.07 
  6644.0   0.07 
  6648.0   0.07 
  6652.0   0.08 
  6656.0   0.08 
  6660.0   0.03 
  6664.0   0.03 
  6668.0   0.04 
  6672.0   0.09 
  6676.0   0.11 
  6680.0   0.11 
  6684.0   0.11 
  6688.0   0.08 
  6692.0   0.06 
  6696.0   0.05 
  6700.0   0.08 
  6704.0   0.09 
  6708.0   0.05 
  6712.0   0.08 
  6716.0   0.13 
  6720.0   0.10 
  6724.0   0.10 
  6728.0   0.10 
  6732.0   0.12 
  6736.0   0.13 
  6740.0   0.18 
  6744.0   0.13 
  6748.0   0.15 
  6752.0   0.19 
  6756.0   0.22 
  6760.0   0.23 
  6764.0   0.29 
  6768.0   0.34 
  6772.0   0.38 
  6776.0   0.42 
  6780.0   0.48 
  6784.0   0.54 
  6788.0   0.62 
  6792.0   0.71 
  6796.0   0.80 
  6800.0   0.86 
  6804.0   0.96 
  6808.0   1.07 
  6812.0   1.21 
  6816.0   1.36 
  6820.0   1.52 
  6824.0   1.65 
  6828.0   1.82 
  6832.0   2.00 
  6836.0   2.23 
  6840.0   2.45 
  6844.0   2.79 
  6848.0   3.06 
  6852.0   3.38 
  6856.0   3.68 
  6860.0   3.95 
  6864.0   4.31 
  6868.0   4.69 
  6872.0   5.10 
  6876.0   5.51 
  6880.0   5.98 
  6884.0   6.52 
  6888.0   7.01 
  6892.0   7.55 
  6896.0   8.13 
  6900.0   8.68 
  6904.0   9.30 
  6908.0   9.95 
  6912.0  10.59 
  6916.0  11.28 
  6920.0  11.92 
  6924.0  12.65 
  6928.0  13.39 
  6932.0  14.09 
  6936.0  14.88 
  6940.0  15.62 
  6944.0  16.46 
  6948.0  17.27 
  6952.0  18.07 
  6956.0  18.89 
  6960.0  19.71 
  6964.0  20.63 
  6968.0  21.48 
  6972.0  22.39 
  6976.0  23.25 
  6980.0  24.10 
  6984.0  24.94 
  6988.0  25.78 
  6992.0  26.67 
  6996.0  27.53 
  7000.0  28.41 
  7004.0  29.33 
  7008.0  30.17 
  7012.0  31.04 
  7016.0  31.92 
  7020.0  32.86 
  7024.0  33.75 
  7028.0  34.65 
  7032.0  35.54 
  7036.0  36.39 
  7040.0  37.31 
  7044.0  38.18 
  7048.0  39.16 
  7052.0  40.18 
  7056.0  41.18 
  7060.0  42.22 
  7064.0  43.29 
  7068.0  44.32 
  7072.0  45.41 
  7076.0  46.42 
  7080.0  47.51 
  7084.0  48.59 
  7088.0  49.71 
  7092.0  50.85 
  7096.0  52.00 
  7100.0  53.27 
  7104.0  54.58 
  7108.0  55.83 
  7112.0  57.17 
  7116.0  58.42 
  7120.0  59.76 
  7124.0  61.08 
  7128.0  62.42 
  7132.0  63.78 
  7136.0  65.13 
  7140.0  66.47 
  7144.0  67.78 
  7148.0  69.04 
  7152.0  70.26 
  7156.0  71.46 
  7160.0  72.66 
  7164.0  73.79 
  7168.0  74.94 
  7172.0  75.98 
  7176.0  76.96 
  7180.0  77.95 
  7184.0  78.93 
  7188.0  79.73 
  7192.0  80.47 
  7196.0  81.09 
  7200.0  81.65 
  7204.0  82.26 
  7208.0  82.78 
  7212.0  83.21 
  7216.0  83.64 
  7220.0  84.05 
  7224.0  84.33 
  7228.0  84.55 
  7232.0  84.75 
  7236.0  84.94 
  7240.0  85.08 
  7244.0  85.04 
  7248.0  85.15 
  7252.0  85.23 
  7256.0  85.25 
  7260.0  85.32 
  7264.0  85.33 
  7268.0  85.40 
  7272.0  85.39 
  7276.0  85.40 
  7280.0  85.40 
  7284.0  85.38 
  7288.0  85.34 
  7292.0  85.38 
  7296.0  85.36 
  7300.0  85.36 
  7304.0  85.41 
  7308.0  85.42 
  7312.0  85.47 
  7316.0  85.47 
  7320.0  85.41 
  7324.0  85.44 
  7328.0  85.33 
  7332.0  85.23 
  7336.0  85.22 
  7340.0  85.19 
  7344.0  85.15 
  7348.0  84.97 
  7352.0  84.76 
  7356.0  84.50 
  7360.0  84.37 
  7364.0  84.19 
  7368.0  83.99 
  7372.0  83.74 
  7376.0  83.50 
  7380.0  83.19 
  7384.0  82.76 
  7388.0  82.32 
  7392.0  81.92 
  7396.0  81.57 
  7400.0  81.23 
  7404.0  80.84 
  7408.0  80.42 
  7412.0  79.98 
  7416.0  79.53 
  7420.0  79.04 
  7424.0  78.54 
  7428.0  78.16 
  7432.0  77.74 
  7436.0  77.34 
  7440.0  76.98 
  7444.0  76.68 
  7448.0  76.36 
  7452.0  76.10 
  7456.0  75.87 
  7460.0  75.61 
  7464.0  75.42 
  7468.0  75.30 
  7472.0  75.15 
  7476.0  75.00 
  7480.0  74.91 
  7484.0  74.95 
  7488.0  75.01 
  7492.0  74.93 
  7496.0  74.95 
  7500.0  75.05 
  7504.0  75.16 
  7508.0  75.30 
  7512.0  75.44 
  7516.0  75.72 
  7520.0  76.01 
  7524.0  76.19 
  7528.0  76.41 
  7532.0  76.69 
  7536.0  77.02 
  7540.0  77.32 
  7544.0  77.70 
  7548.0  78.06 
  7552.0  78.52 
  7556.0  78.89 
  7560.0  79.18 
  7564.0  79.49 
  7568.0  79.90 
  7572.0  80.23 
  7576.0  80.51 
  7580.0  80.73 
  7584.0  81.01 
  7588.0  81.29 
  7592.0  81.55 
  7596.0  81.80 
  7600.0  82.03 
  7604.0  82.06 
  7608.0  82.18 
  7612.0  82.32 
  7616.0  82.43 
  7620.0  82.45 
  7624.0  82.55 
  7628.0  82.63 
  7632.0  82.61 
  7636.0  82.58 
  7640.0  82.53 
  7644.0  82.56 
  7648.0  82.59 
  7652.0  82.60 
  7656.0  82.59 
  7660.0  82.53 
  7664.0  82.51 
  7668.0  82.55 
  7672.0  82.62 
  7676.0  82.72 
  7680.0  82.77 
  7684.0  82.81 
  7688.0  82.87 
  7692.0  82.97 
  7696.0  83.18 
  7700.0  83.37 
  7704.0  83.64 
  7708.0  83.84 
  7712.0  84.05 
  7716.0  84.31 
  7720.0  84.57 
  7724.0  84.91 
  7728.0  85.27 
  7732.0  85.69 
  7736.0  86.15 
  7740.0  86.61 
  7744.0  87.09 
  7748.0  87.49 
  7752.0  87.87 
  7756.0  88.36 
  7760.0  88.87 
  7764.0  89.31 
  7768.0  89.85 
  7772.0  90.42 
  7776.0  90.92 
  7780.0  91.33 
  7784.0  91.63 
  7788.0  91.97 
  7792.0  92.32 
  7796.0  92.67 
  7800.0  92.92 
  7804.0  93.15 
  7808.0  93.23 
  7812.0  93.41 
  7816.0  93.47 
  7820.0  93.46 
  7824.0  93.35 
  7828.0  93.36 
  7832.0  93.28 
  7836.0  93.11 
  7840.0  92.93 
  7844.0  92.72 
  7848.0  92.40 
  7852.0  92.12 
  7856.0  91.80 
  7860.0  91.54 
  7864.0  91.19 
  7868.0  90.83 
  7872.0  90.52 
  7876.0  90.14 
  7880.0  89.70 
  7884.0  89.41 
  7888.0  89.11 
  7892.0  88.86 
  7896.0  88.54 
  7900.0  88.27 
  7904.0  87.97 
  7908.0  87.81 
  7912.0  87.58 
  7916.0  87.35 
  7920.0  87.26 
  7924.0  87.25 
  7928.0  87.22 
  7932.0  87.19 
  7936.0  87.23 
  7940.0  87.29 
  7944.0  87.52 
  7948.0  87.66 
  7952.0  87.77 
  7956.0  87.94 
  7960.0  88.16 
  7964.0  88.40 
  7968.0  88.64 
  7972.0  88.95 
  7976.0  89.24 
  7980.0  89.54 
  7984.0  89.87 
  7988.0  90.00 
  7992.0  90.35 
  7996.0  90.80 
  8000.0  90.92 
  8004.0  90.72 
  8008.0  90.43 
  8012.0  90.27 
  8016.0  90.28 
  8020.0  90.36 
  8024.0  90.45 
  8028.0  90.49 
  8032.0  90.43 
  8036.0  90.39 
  8040.0  90.29 
  8044.0  90.08 
  8048.0  89.86 
  8052.0  89.68 
  8056.0  89.51 
  8060.0  89.36 
  8064.0  89.16 
  8068.0  88.90 
  8072.0  88.62 
  8076.0  88.42 
  8080.0  88.12 
  8084.0  87.93 
  8088.0  87.77 
  8092.0  87.59 
  8096.0  87.39 
  8100.0  87.21 
  8104.0  87.15 
  8108.0  87.10 
  8112.0  87.06 
  8116.0  87.04 
  8120.0  87.12 
  8124.0  87.33 
  8128.0  87.47 
  8132.0  87.65 
  8136.0  87.90 
  8140.0  88.30 
  8144.0  88.64 
  8148.0  88.98 
  8152.0  89.33 
  8156.0  89.74 
  8160.0  90.30 
  8164.0  90.84 
  8168.0  91.23 
  8172.0  91.66 
  8176.0  92.10 
  8180.0  92.48 
  8184.0  92.77 
  8188.0  93.00 
  8192.0  93.23 
  8196.0  93.40 
  8200.0  93.52 
  8204.0  93.55 
  8208.0  93.41 
  8212.0  93.20 
  8216.0  93.05 
  8220.0  92.78 
  8224.0  92.36 
  8228.0  91.91 
  8232.0  91.32 
  8236.0  90.56 
  8240.0  89.79 
  8244.0  89.01 
  8248.0  88.26 
  8252.0  87.48 
  8256.0  86.68 
  8260.0  85.85 
  8264.0  85.10 
  8268.0  84.34 
  8272.0  83.63 
  8276.0  83.04 
  8280.0  82.49 
  8284.0  82.08 
  8288.0  81.75 
  8292.0  81.48 
  8296.0  81.27 
  8300.0  81.05 
  8304.0  81.02 
  8308.0  81.17 
  8312.0  81.46 
  8316.0  81.74 
  8320.0  82.07 
  8324.0  82.43 
  8328.0  82.85 
  8332.0  83.31 
  8336.0  83.71 
  8340.0  84.19 
  8344.0  84.58 
  8348.0  84.89 
  8352.0  85.06 
  8356.0  85.08 
  8360.0  84.96 
  8364.0  84.78 
  8368.0  84.49 
  8372.0  83.93 
  8376.0  83.27 
  8380.0  82.46 
  8384.0  81.55 
  8388.0  80.52 
  8392.0  79.52 
  8396.0  78.47 
  8400.0  77.37 
  8404.0  76.36 
  8408.0  75.63 
  8412.0  75.00 
  8416.0  74.62 
  8420.0  74.52 
  8424.0  74.62 
  8428.0  75.02 
  8432.0  75.52 
  8436.0  76.23 
  8440.0  77.06 
  8444.0  77.69 
  8448.0  77.93 
  8452.0  77.71 
  8456.0  76.86 
  8460.0  74.84 
  8464.0  71.95 
  8468.0  67.85 
  8472.0  62.48 
  8476.0  56.38 
  8480.0  49.51 
  8484.0  42.34 
  8488.0  35.51 
  8492.0  29.14 
  8496.0  23.61 
  8500.0  18.77 
  8504.0  14.77 
  8508.0  11.60 
  8512.0   9.02 
  8516.0   7.12 
  8520.0   5.61 
  8524.0   4.51 
  8528.0   3.57 
  8532.0   2.87 
  8536.0   2.43 
  8540.0   2.08 
  8544.0   1.70 
  8548.0   1.47 
  8552.0   1.28 
  8556.0   1.15 
  8560.0   1.00 
  8564.0   0.93 
  8568.0   0.82 
  8572.0   0.75 
  8576.0   0.66 
  8580.0   0.62 
  8584.0   0.57 
  8588.0   0.56 
  8592.0   0.53 
  8596.0   0.51 
  8600.0   0.48 
  8604.0   0.47 
  8608.0   0.43 
  8612.0   0.45 
  8616.0   0.44 
  8620.0   0.43 
  8624.0   0.42 
  8628.0   0.39 
  8632.0   0.37 
  8636.0   0.35 
  8640.0   0.33 
  8644.0   0.35 
  8648.0   0.33 
  8652.0   0.37 
  8656.0   0.37 
  8660.0   0.32 
  8664.0   0.35 
  8668.0   0.34 
  8672.0   0.33 
  8676.0   0.33 
  8680.0   0.33 
  8684.0   0.32 
  8688.0   0.30 
  8692.0   0.28 
  8696.0   0.31 
  8700.0   0.35 
  8704.0   0.35 
  8708.0   0.34 
  8712.0   0.31 
  8716.0   0.26 
  8720.0   0.33 
  8724.0   0.32 
  8728.0   0.25 
  8732.0   0.25 
  8736.0   0.29 
  8740.0   0.30 
  8744.0   0.30 
  8748.0   0.30 
  8752.0   0.27 
  8756.0   0.25 
  8760.0   0.27 
  8764.0   0.29 
  8768.0   0.33 
  8772.0   0.34 
  8776.0   0.32 
  8780.0   0.32 
  8784.0   0.30 
  8788.0   0.30 
  8792.0   0.30 
  8796.0   0.33 
  8800.0   0.33 
  8804.0   0.30 
  8808.0   0.30 
  8812.0   0.31 
  8816.0   0.32 
  8820.0   0.33 
  8824.0   0.33 
  8828.0   0.32 
  8832.0   0.30 
  8836.0   0.30 
  8840.0   0.28 
  8844.0   0.28 
  8848.0   0.29 
  8852.0   0.30 
  8856.0   0.30 
  8860.0   0.30 
  8864.0   0.25 
  8868.0   0.26 
  8872.0   0.31 
  8876.0   0.33 
  8880.0   0.33 
  8884.0   0.35 
  8888.0   0.35 
  8892.0   0.33 
  8896.0   0.30 
  8900.0   0.25 
  8904.0   0.26 
  8908.0   0.33 
  8912.0   0.33 
  8916.0   0.30 
  8920.0   0.30 
  8924.0   0.32 
  8928.0   0.32 
  8932.0   0.32 
  8936.0   0.33 
  8940.0   0.38 
  8944.0   0.29 
  8948.0   0.27 
  8952.0   0.26 
  8956.0   0.25 
  8960.0   0.30 
  8964.0   0.31 
  8968.0   0.34 
  8972.0   0.32 
  8976.0   0.30 
  8980.0   0.25 
  8984.0   0.26 
  8988.0   0.30 
  8992.0   0.31 
  8996.0   0.35 
  9000.0   0.35 
  9004.0   0.27 
  9008.0   0.25 
  9012.0   0.30 
  9016.0   0.30 
  9020.0   0.30 
  9024.0   0.33 
  9028.0   0.35 
  9032.0   0.33 
  9036.0   0.30 
  9040.0   0.25 
  9044.0   0.25 
  9048.0   0.26 
  9052.0   0.30 
  9056.0   0.28 
  9060.0   0.25 
  9064.0   0.27 
  9068.0   0.27 
  9072.0   0.30 
  9076.0   0.30 
  9080.0   0.30 
  9084.0   0.28 
  9088.0   0.30 
  9092.0   0.34 
  9096.0   0.33 
  9100.0   0.33 
  9104.0   0.33 
  9108.0   0.31 
  9112.0   0.28 
  9116.0   0.26 
  9120.0   0.25 
  9124.0   0.30 
  9128.0   0.28 
  9132.0   0.33 
  9136.0   0.32 
  9140.0   0.32 
  9144.0   0.30 
  9148.0   0.28 
  9152.0   0.28 
  9156.0   0.30 
  9160.0   0.35 
  9164.0   0.34 
  9168.0   0.32 
  9172.0   0.31 
  9176.0   0.34 
  9180.0   0.38 
  9184.0   0.38 
  9188.0   0.33 
  9192.0   0.33 
  9196.0   0.33 
  9200.0   0.30 
  9204.0   0.31 
  9208.0   0.32 
  9212.0   0.29 
  9216.0   0.28 
  9220.0   0.28 
  9224.0   0.33 
  9228.0   0.34 
  9232.0   0.35 
  9236.0   0.35 
  9240.0   0.35 
  9244.0   0.34 
  9248.0   0.30 
  9252.0   0.35 
  9256.0   0.39 
  9260.0   0.40 
  9264.0   0.35 
  9268.0   0.34 
  9272.0   0.35 
  9276.0   0.31 
  9280.0   0.31 
  9284.0   0.36 
  9288.0   0.37 
  9292.0   0.35 
  9296.0   0.35 
  9300.0   0.38 
  9304.0   0.38 
  9308.0   0.36 
  9312.0   0.36 
  9316.0   0.38 
  9320.0   0.45 
  9324.0   0.45 
  9328.0   0.43 
  9332.0   0.39 
  9336.0   0.39 
  9340.0   0.47 
  9344.0   0.51 
  9348.0   0.46 
  9352.0   0.43 
  9356.0   0.47 
  9360.0   0.55 
  9364.0   0.60 
  9368.0   0.60 
  9372.0   0.60 
  9376.0   0.58 
  9380.0   0.62 
  9384.0   0.79 
  9388.0   0.91 
  9392.0   0.91 
  9396.0   0.95 
  9400.0   0.97 
  9404.0   0.86 
  9408.0   0.90 
  9412.0   0.95 
  9416.0   0.95 
  9420.0   0.98 
  9424.0   1.07 
  9428.0   1.20 
  9432.0   1.22 
  9436.0   1.04 
  9440.0   1.05 
  9444.0   1.15 
  9448.0   1.21 
  9452.0   1.04 
  9456.0   1.04 
  9460.0   1.07 
  9464.0   1.12 
  9468.0   1.10 
  9472.0   1.03 
  9476.0   0.97 
  9480.0   1.05 
  9484.0   1.12 
  9488.0   0.95 
  9492.0   0.79 
  9496.0   0.83 
