  2948.0   5.15 
  2952.0   5.12 
  2956.0   5.08 
  2960.0   5.05 
  2964.0   5.01 
  2968.0   4.98 
  2972.0   4.95 
  2976.0   4.91 
  2980.0   4.88 
  2984.0   4.84 
  2988.0   4.81 
  2992.0   4.78 
  2996.0   4.74 
  3000.0   4.71 
  3004.0   4.68 
  3008.0   4.64 
  3012.0   4.61 
  3016.0   4.57 
  3020.0   4.54 
  3024.0   4.51 
  3028.0   4.47 
  3032.0   4.44 
  3036.0   4.40 
  3040.0   4.37 
  3044.0   4.34 
  3048.0   4.30 
  3052.0   4.27 
  3056.0   4.23 
  3060.0   4.20 
  3064.0   4.17 
  3068.0   4.13 
  3072.0   4.10 
  3076.0   4.06 
  3080.0   4.03 
  3084.0   4.00 
  3088.0   3.96 
  3092.0   3.93 
  3096.0   3.89 
  3100.0   3.86 
  3104.0   3.83 
  3108.0   3.79 
  3112.0   3.76 
  3116.0   3.72 
  3120.0   3.69 
  3124.0   3.66 
  3128.0   3.62 
  3132.0   3.59 
  3136.0   3.55 
  3140.0   3.52 
  3144.0   3.49 
  3148.0   3.45 
  3152.0   3.42 
  3156.0   3.38 
  3160.0   3.35 
  3164.0   3.32 
  3168.0   3.28 
  3172.0   3.25 
  3176.0   3.22 
  3180.0   3.18 
  3184.0   3.15 
  3188.0   3.11 
  3192.0   3.08 
  3196.0   3.05 
  3200.0   3.01 
  3204.0   2.98 
  3208.0   2.94 
  3212.0   2.91 
  3216.0   2.88 
  3220.0   2.84 
  3224.0   2.81 
  3228.0   2.77 
  3232.0   2.74 
  3236.0   2.71 
  3240.0   2.67 
  3244.0   2.64 
  3248.0   2.60 
  3252.0   2.57 
  3256.0   2.54 
  3260.0   2.50 
  3264.0   2.47 
  3268.0   2.43 
  3272.0   2.40 
  3276.0   2.37 
  3280.0   2.33 
  3284.0   2.30 
  3288.0   2.26 
  3292.0   2.23 
  3296.0   2.20 
  3300.0   2.16 
  3304.0   2.13 
  3308.0   2.09 
  3312.0   2.06 
  3316.0   2.03 
  3320.0   1.99 
  3324.0   1.96 
  3328.0   1.93 
  3332.0   1.89 
  3336.0   1.86 
  3340.0   1.82 
  3344.0   1.79 
  3348.0   1.76 
  3352.0   1.72 
  3356.0   1.69 
  3360.0   1.65 
  3364.0   1.62 
  3368.0   1.59 
  3372.0   1.55 
  3376.0   1.52 
  3380.0   1.48 
  3384.0   1.45 
  3388.0   1.42 
  3392.0   1.38 
  3396.0   1.35 
  3400.0   1.31 
  3404.0   1.28 
  3408.0   1.25 
  3412.0   1.21 
  3416.0   1.18 
  3420.0   1.14 
  3424.0   1.11 
  3428.0   1.08 
  3432.0   1.04 
  3436.0   1.01 
  3440.0   0.97 
  3444.0   0.94 
  3448.0   0.91 
  3452.0   0.87 
  3456.0   0.84 
  3460.0   0.81 
  3464.0   0.77 
  3468.0   0.74 
  3472.0   0.70 
  3476.0   0.67 
  3480.0   0.64 
  3484.0   0.60 
  3488.0   0.57 
  3492.0   0.53 
  3496.0   0.50 
  3500.0   0.47 
  3504.0   0.43 
  3508.0   0.40 
  3512.0   0.36 
  3516.0   0.33 
  3520.0   0.30 
  3524.0   0.26 
  3528.0   0.23 
  3532.0   0.19 
  3536.0   0.16 
  3540.0   0.13 
  3544.0   0.10 
  3548.0   0.12 
  3552.0   0.12 
  3556.0   0.10 
  3560.0   0.07 
  3564.0   0.09 
  3568.0   0.05 
  3572.0   0.04 
  3576.0   0.05 
  3580.0   0.05 
  3584.0   0.10 
  3588.0   0.09 
  3592.0   0.06 
  3596.0   0.13 
  3600.0   0.15 
  3604.0   0.15 
  3608.0   0.15 
  3612.0   0.14 
  3616.0   0.13 
  3620.0   0.12 
  3624.0   0.12 
  3628.0   0.12 
  3632.0   0.16 
  3636.0   0.11 
  3640.0   0.10 
  3644.0   0.11 
  3648.0   0.16 
  3652.0   0.18 
  3656.0   0.14 
  3660.0   0.18 
  3664.0   0.13 
  3668.0   0.12 
  3672.0   0.10 
  3676.0   0.10 
  3680.0   0.13 
  3684.0   0.13 
  3688.0   0.13 
  3692.0   0.11 
  3696.0   0.10 
  3700.0   0.13 
  3704.0   0.13 
  3708.0   0.15 
  3712.0   0.15 
  3716.0   0.15 
  3720.0   0.18 
  3724.0   0.16 
  3728.0   0.11 
  3732.0   0.09 
  3736.0   0.16 
  3740.0   0.18 
  3744.0   0.18 
  3748.0   0.16 
  3752.0   0.18 
  3756.0   0.17 
  3760.0   0.17 
  3764.0   0.18 
  3768.0   0.13 
  3772.0   0.12 
  3776.0   0.12 
  3780.0   0.13 
  3784.0   0.12 
  3788.0   0.18 
  3792.0   0.20 
  3796.0   0.16 
  3800.0   0.13 
  3804.0   0.13 
  3808.0   0.16 
  3812.0   0.21 
  3816.0   0.22 
  3820.0   0.22 
  3824.0   0.19 
  3828.0   0.17 
  3832.0   0.17 
  3836.0   0.20 
  3840.0   0.27 
  3844.0   0.32 
  3848.0   0.45 
  3852.0   0.51 
  3856.0   0.57 
  3860.0   0.66 
  3864.0   0.73 
  3868.0   0.88 
  3872.0   1.00 
  3876.0   1.10 
  3880.0   1.15 
  3884.0   1.27 
  3888.0   1.47 
  3892.0   1.70 
  3896.0   1.97 
  3900.0   2.42 
  3904.0   2.97 
  3908.0   3.74 
  3912.0   4.62 
  3916.0   5.73 
  3920.0   6.99 
  3924.0   8.27 
  3928.0   9.41 
  3932.0  10.38 
  3936.0  10.97 
  3940.0  11.35 
  3944.0  11.52 
  3948.0  11.55 
  3952.0  11.55 
  3956.0  11.58 
  3960.0  11.67 
  3964.0  12.00 
  3968.0  12.65 
  3972.0  13.50 
  3976.0  14.65 
  3980.0  16.18 
  3984.0  18.11 
  3988.0  20.27 
  3992.0  22.75 
  3996.0  25.34 
  4000.0  27.82 
  4004.0  30.07 
  4008.0  31.75 
  4012.0  32.95 
  4016.0  33.41 
  4020.0  33.20 
  4024.0  32.61 
  4028.0  31.85 
  4032.0  31.01 
  4036.0  30.19 
  4040.0  29.62 
  4044.0  29.42 
  4048.0  29.62 
  4052.0  30.21 
  4056.0  31.16 
  4060.0  32.44 
  4064.0  34.20 
  4068.0  36.31 
  4072.0  38.75 
  4076.0  41.30 
  4080.0  44.05 
  4084.0  46.68 
  4088.0  49.04 
  4092.0  50.74 
  4096.0  51.79 
  4100.0  52.28 
  4104.0  52.22 
  4108.0  51.65 
  4112.0  50.71 
  4116.0  49.67 
  4120.0  48.62 
  4124.0  47.75 
  4128.0  47.02 
  4132.0  46.61 
  4136.0  46.56 
  4140.0  46.85 
  4144.0  47.46 
  4148.0  48.43 
  4152.0  49.75 
  4156.0  51.35 
  4160.0  53.13 
  4164.0  55.09 
  4168.0  57.01 
  4172.0  58.94 
  4176.0  60.68 
  4180.0  62.10 
  4184.0  63.18 
  4188.0  63.79 
  4192.0  63.97 
  4196.0  63.82 
  4200.0  63.29 
  4204.0  62.52 
  4208.0  61.64 
  4212.0  60.68 
  4216.0  59.85 
  4220.0  59.08 
  4224.0  58.50 
  4228.0  58.22 
  4232.0  58.07 
  4236.0  58.15 
  4240.0  58.39 
  4244.0  58.93 
  4248.0  59.64 
  4252.0  60.51 
  4256.0  61.49 
  4260.0  62.51 
  4264.0  63.66 
  4268.0  64.75 
  4272.0  65.83 
  4276.0  66.74 
  4280.0  67.52 
  4284.0  68.04 
  4288.0  68.27 
  4292.0  68.33 
  4296.0  68.29 
  4300.0  68.12 
  4304.0  67.91 
  4308.0  67.63 
  4312.0  67.35 
  4316.0  67.14 
  4320.0  67.01 
  4324.0  66.89 
  4328.0  66.90 
  4332.0  67.04 
  4336.0  67.32 
  4340.0  67.71 
  4344.0  68.26 
  4348.0  68.88 
  4352.0  69.60 
  4356.0  70.34 
  4360.0  71.07 
  4364.0  71.85 
  4368.0  72.63 
  4372.0  73.34 
  4376.0  73.91 
  4380.0  74.33 
  4384.0  74.72 
  4388.0  74.98 
  4392.0  75.11 
  4396.0  75.12 
  4400.0  75.07 
  4404.0  74.96 
  4408.0  74.75 
  4412.0  74.52 
  4416.0  74.41 
  4420.0  74.29 
  4424.0  74.30 
  4428.0  74.20 
  4432.0  74.24 
  4436.0  74.40 
  4440.0  74.77 
  4444.0  75.11 
  4448.0  75.54 
  4452.0  76.03 
  4456.0  76.68 
  4460.0  77.30 
  4464.0  77.95 
  4468.0  78.60 
  4472.0  79.27 
  4476.0  79.77 
  4480.0  80.16 
  4484.0  80.48 
  4488.0  80.74 
  4492.0  80.91 
  4496.0  80.94 
  4500.0  80.87 
  4504.0  80.70 
  4508.0  80.47 
  4512.0  80.07 
  4516.0  79.70 
  4520.0  79.33 
  4524.0  78.84 
  4528.0  78.36 
  4532.0  78.05 
  4536.0  77.77 
  4540.0  77.51 
  4544.0  77.26 
  4548.0  77.11 
  4552.0  77.06 
  4556.0  77.06 
  4560.0  77.24 
  4564.0  77.60 
  4568.0  78.00 
  4572.0  78.39 
  4576.0  78.86 
  4580.0  79.43 
  4584.0  80.05 
  4588.0  80.65 
  4592.0  81.22 
  4596.0  81.78 
  4600.0  82.27 
  4604.0  82.75 
  4608.0  83.16 
  4612.0  83.58 
  4616.0  83.95 
  4620.0  84.22 
  4624.0  84.39 
  4628.0  84.47 
  4632.0  84.46 
  4636.0  84.46 
  4640.0  84.38 
  4644.0  84.30 
  4648.0  84.15 
  4652.0  83.99 
  4656.0  83.76 
  4660.0  83.55 
  4664.0  83.36 
  4668.0  83.34 
  4672.0  83.30 
  4676.0  83.17 
  4680.0  83.11 
  4684.0  83.03 
  4688.0  83.06 
  4692.0  83.18 
  4696.0  83.29 
  4700.0  83.38 
  4704.0  83.52 
  4708.0  83.72 
  4712.0  83.94 
  4716.0  84.17 
  4720.0  84.45 
  4724.0  84.77 
  4728.0  85.04 
  4732.0  85.31 
  4736.0  85.58 
  4740.0  85.93 
  4744.0  86.19 
  4748.0  86.41 
  4752.0  86.58 
  4756.0  86.78 
  4760.0  86.93 
  4764.0  87.11 
  4768.0  87.27 
  4772.0  87.39 
  4776.0  87.52 
  4780.0  87.65 
  4784.0  87.75 
  4788.0  87.85 
  4792.0  87.90 
  4796.0  87.82 
  4800.0  87.80 
  4804.0  87.78 
  4808.0  87.80 
  4812.0  87.76 
  4816.0  87.62 
  4820.0  87.55 
  4824.0  87.49 
  4828.0  87.38 
  4832.0  87.29 
  4836.0  87.21 
  4840.0  87.03 
  4844.0  86.91 
  4848.0  86.79 
  4852.0  86.55 
  4856.0  86.29 
  4860.0  86.31 
  4864.0  86.32 
  4868.0  86.32 
  4872.0  86.16 
  4876.0  86.04 
  4880.0  85.95 
  4884.0  85.85 
  4888.0  85.78 
  4892.0  85.80 
  4896.0  85.84 
  4900.0  85.85 
  4904.0  85.93 
  4908.0  86.03 
  4912.0  86.11 
  4916.0  86.20 
  4920.0  86.31 
  4924.0  86.54 
  4928.0  86.70 
  4932.0  86.87 
  4936.0  87.09 
  4940.0  87.26 
  4944.0  87.45 
  4948.0  87.57 
  4952.0  87.70 
  4956.0  87.81 
  4960.0  87.92 
  4964.0  88.07 
  4968.0  88.16 
  4972.0  88.28 
  4976.0  88.34 
  4980.0  88.39 
  4984.0  88.44 
  4988.0  88.47 
  4992.0  88.50 
  4996.0  88.55 
  5000.0  88.52 
  5004.0  88.54 
  5008.0  88.49 
  5012.0  88.44 
  5016.0  88.49 
  5020.0  88.56 
  5024.0  88.61 
  5028.0  88.64 
  5032.0  88.67 
  5036.0  88.74 
  5040.0  88.78 
  5044.0  88.90 
  5048.0  89.01 
  5052.0  89.14 
  5056.0  89.22 
  5060.0  89.25 
  5064.0  89.23 
  5068.0  89.27 
  5072.0  89.33 
  5076.0  89.34 
  5080.0  89.31 
  5084.0  89.32 
  5088.0  89.29 
  5092.0  89.23 
  5096.0  89.20 
  5100.0  89.09 
  5104.0  88.95 
  5108.0  88.80 
  5112.0  88.64 
  5116.0  88.48 
  5120.0  88.29 
  5124.0  88.14 
  5128.0  87.97 
  5132.0  87.88 
  5136.0  87.68 
  5140.0  87.50 
  5144.0  87.34 
  5148.0  87.22 
  5152.0  87.10 
  5156.0  87.00 
  5160.0  86.93 
  5164.0  86.86 
  5168.0  86.82 
  5172.0  86.76 
  5176.0  86.75 
  5180.0  86.74 
  5184.0  86.83 
  5188.0  86.94 
  5192.0  87.07 
  5196.0  87.14 
  5200.0  87.22 
  5204.0  87.27 
  5208.0  87.36 
  5212.0  87.44 
  5216.0  87.46 
  5220.0  87.46 
  5224.0  87.34 
  5228.0  87.26 
  5232.0  87.21 
  5236.0  87.13 
  5240.0  86.99 
  5244.0  86.80 
  5248.0  86.67 
  5252.0  86.53 
  5256.0  86.41 
  5260.0  86.24 
  5264.0  86.07 
  5268.0  85.87 
  5272.0  85.80 
  5276.0  85.73 
  5280.0  85.61 
  5284.0  85.60 
  5288.0  85.62 
  5292.0  85.70 
  5296.0  85.75 
  5300.0  85.70 
  5304.0  85.79 
  5308.0  85.93 
  5312.0  86.11 
  5316.0  86.23 
  5320.0  86.38 
  5324.0  86.42 
  5328.0  86.44 
  5332.0  86.46 
  5336.0  86.51 
  5340.0  86.50 
  5344.0  86.38 
  5348.0  86.23 
  5352.0  86.10 
  5356.0  85.87 
  5360.0  85.52 
  5364.0  85.23 
  5368.0  84.90 
  5372.0  84.49 
  5376.0  84.15 
  5380.0  83.84 
  5384.0  83.50 
  5388.0  83.17 
  5392.0  82.81 
  5396.0  82.50 
  5400.0  82.23 
  5404.0  81.94 
  5408.0  81.54 
  5412.0  81.17 
  5416.0  80.75 
  5420.0  80.09 
  5424.0  79.27 
  5428.0  78.34 
  5432.0  77.33 
  5436.0  76.05 
  5440.0  74.60 
  5444.0  72.90 
  5448.0  71.12 
  5452.0  69.12 
  5456.0  67.02 
  5460.0  64.63 
  5464.0  61.93 
  5468.0  58.97 
  5472.0  55.57 
  5476.0  51.90 
  5480.0  48.01 
  5484.0  43.90 
  5488.0  39.76 
  5492.0  35.33 
  5496.0  30.66 
  5500.0  25.92 
  5504.0  21.37 
  5508.0  17.44 
  5512.0  13.85 
  5516.0  10.71 
  5520.0   8.05 
  5524.0   6.08 
  5528.0   4.61 
  5532.0   3.52 
  5536.0   2.70 
  5540.0   2.11 
  5544.0   1.55 
  5548.0   1.23 
  5552.0   0.93 
  5556.0   0.75 
  5560.0   0.55 
  5564.0   0.46 
  5568.0   0.38 
  5572.0   0.36 
  5576.0   0.32 
  5580.0   0.27 
  5584.0   0.23 
  5588.0   0.23 
  5592.0   0.20 
  5596.0   0.18 
  5600.0   0.13 
  5604.0   0.13 
  5608.0   0.12 
  5612.0   0.11 
  5616.0   0.13 
  5620.0   0.10 
  5624.0   0.10 
  5628.0   0.10 
  5632.0   0.10 
  5636.0   0.10 
  5640.0   0.10 
  5644.0   0.10 
  5648.0   0.12 
  5652.0   0.11 
  5656.0   0.10 
  5660.0   0.08 
  5664.0   0.10 
  5668.0   0.08 
  5672.0   0.07 
  5676.0   0.10 
  5680.0   0.07 
  5684.0   0.08 
  5688.0   0.09 
  5692.0   0.08 
  5696.0   0.08 
  5700.0   0.03 
  5704.0   0.03 
  5708.0   0.07 
  5712.0   0.07 
  5716.0   0.05 
  5720.0   0.00 
  5724.0   0.00 
  5728.0   0.01 
  5732.0   0.03 
  5736.0   0.00 
  5740.0   0.05 
  5744.0   0.00 
  5748.0   0.00 
  5752.0   0.00 
  5756.0   0.00 
  5760.0   0.00 
  5764.0   0.00 
  5768.0   0.00 
  5772.0   0.00 
  5776.0   0.00 
  5780.0   0.00 
  5784.0   0.00 
  5788.0   0.00 
  5792.0   0.00 
  5796.0   0.00 
  5800.0   0.02 
  5804.0   0.00 
  5808.0   0.00 
  5812.0   0.00 
  5816.0   0.00 
  5820.0   0.00 
  5824.0   0.00 
  5828.0   0.00 
  5832.0   0.00 
  5836.0   0.00 
  5840.0   0.00 
  5844.0   0.00 
  5848.0   0.00 
  5852.0   0.00 
  5856.0   0.00 
  5860.0   0.00 
  5864.0   0.00 
  5868.0   0.00 
  5872.0   0.00 
  5876.0   0.00 
  5880.0   0.00 
  5884.0   0.00 
  5888.0   0.00 
  5892.0   0.00 
  5896.0   0.00 
  5900.0   0.05 
  5904.0   0.00 
  5908.0   0.03 
  5912.0   0.03 
  5916.0   0.00 
  5920.0   0.02 
  5924.0   0.00 
  5928.0   0.00 
  5932.0   0.00 
  5936.0   0.02 
  5940.0   0.00 
  5944.0   0.00 
  5948.0   0.00 
  5952.0   0.00 
  5956.0   0.00 
  5960.0   0.00 
  5964.0   0.00 
  5968.0   0.00 
  5972.0   0.02 
  5976.0   0.05 
  5980.0   0.02 
  5984.0   0.00 
  5988.0   0.00 
  5992.0   0.00 
  5996.0   0.00 
  6000.0   0.00 
  6004.0   0.00 
  6008.0   0.00 
  6012.0   0.00 
  6016.0   0.00 
  6020.0   0.00 
  6024.0   0.00 
  6028.0   0.00 
  6032.0   0.00 
  6036.0   0.00 
  6040.0   0.00 
  6044.0   0.00 
  6048.0   0.00 
  6052.0   0.00 
  6056.0   0.00 
  6060.0   0.00 
  6064.0   0.00 
  6068.0   0.00 
  6072.0   0.00 
  6076.0   0.00 
  6080.0   0.03 
  6084.0   0.05 
  6088.0   0.02 
  6092.0   0.01 
  6096.0   0.00 
  6100.0   0.00 
  6104.0   0.00 
  6108.0   0.00 
  6112.0   0.00 
  6116.0   0.00 
  6120.0   0.00 
  6124.0   0.00 
  6128.0   0.00 
  6132.0   0.00 
  6136.0   0.00 
  6140.0   0.00 
  6144.0   0.00 
  6148.0   0.02 
  6152.0   0.02 
  6156.0   0.00 
  6160.0   0.00 
  6164.0   0.00 
  6168.0   0.02 
  6172.0   0.02 
  6176.0   0.02 
  6180.0   0.00 
  6184.0   0.00 
  6188.0   0.02 
  6192.0   0.05 
  6196.0   0.03 
  6200.0   0.03 
  6204.0   0.03 
  6208.0   0.05 
  6212.0   0.08 
  6216.0   0.05 
  6220.0   0.05 
  6224.0   0.00 
  6228.0   0.00 
  6232.0   0.00 
  6236.0   0.03 
  6240.0   0.08 
  6244.0   0.07 
  6248.0   0.01 
  6252.0   0.02 
  6256.0   0.02 
  6260.0   0.02 
  6264.0   0.05 
  6268.0   0.05 
  6272.0   0.02 
  6276.0   0.00 
  6280.0   0.00 
  6284.0   0.02 
  6288.0   0.07 
  6292.0   0.07 
  6296.0   0.01 
  6300.0   0.00 
  6304.0   0.00 
  6308.0   0.00 
  6312.0   0.00 
  6316.0   0.03 
  6320.0   0.05 
  6324.0   0.10 
  6328.0   0.10 
  6332.0   0.06 
  6336.0   0.01 
  6340.0   0.00 
  6344.0   0.00 
  6348.0   0.00 
  6352.0   0.00 
  6356.0   0.03 
  6360.0   0.02 
  6364.0   0.05 
  6368.0   0.03 
  6372.0   0.07 
  6376.0   0.01 
  6380.0   0.08 
  6384.0   0.08 
  6388.0   0.05 
  6392.0   0.04 
  6396.0   0.07 
  6400.0   0.07 
  6404.0   0.03 
  6408.0   0.03 
  6412.0   0.06 
  6416.0   0.03 
  6420.0   0.02 
  6424.0   0.04 
  6428.0   0.08 
  6432.0   0.11 
  6436.0   0.10 
  6440.0   0.05 
  6444.0   0.00 
  6448.0   0.00 
  6452.0   0.05 
  6456.0   0.08 
  6460.0   0.08 
  6464.0   0.09 
  6468.0   0.03 
  6472.0   0.03 
  6476.0   0.00 
  6480.0   0.05 
  6484.0   0.00 
  6488.0   0.00 
  6492.0   0.00 
  6496.0   0.00 
