  4198.0  -3.62 
  4202.0  -3.60 
  4206.0  -3.57 
  4210.0  -3.55 
  4214.0  -3.52 
  4218.0  -3.50 
  4222.0  -3.47 
  4226.0  -3.45 
  4230.0  -3.43 
  4234.0  -3.40 
  4238.0  -3.38 
  4242.0  -3.35 
  4246.0  -3.33 
  4250.0  -3.30 
  4254.0  -3.28 
  4258.0  -3.25 
  4262.0  -3.23 
  4266.0  -3.20 
  4270.0  -3.18 
  4274.0  -3.16 
  4278.0  -3.13 
  4282.0  -3.11 
  4286.0  -3.08 
  4290.0  -3.06 
  4294.0  -3.03 
  4298.0  -3.01 
  4302.0  -2.98 
  4306.0  -2.96 
  4310.0  -2.94 
  4314.0  -2.91 
  4318.0  -2.89 
  4322.0  -2.86 
  4326.0  -2.84 
  4330.0  -2.81 
  4334.0  -2.79 
  4338.0  -2.76 
  4342.0  -2.74 
  4346.0  -2.72 
  4350.0  -2.69 
  4354.0  -2.67 
  4358.0  -2.64 
  4362.0  -2.62 
  4366.0  -2.59 
  4370.0  -2.57 
  4374.0  -2.54 
  4378.0  -2.52 
  4382.0  -2.50 
  4386.0  -2.47 
  4390.0  -2.45 
  4394.0  -2.42 
  4398.0  -2.40 
  4402.0  -2.37 
  4406.0  -2.35 
  4410.0  -2.32 
  4414.0  -2.30 
  4418.0  -2.28 
  4422.0  -2.25 
  4426.0  -2.23 
  4430.0  -2.20 
  4434.0  -2.18 
  4438.0  -2.15 
  4442.0  -2.13 
  4446.0  -2.10 
  4450.0  -2.08 
  4454.0  -2.06 
  4458.0  -2.03 
  4462.0  -2.01 
  4466.0  -1.98 
  4470.0  -1.96 
  4474.0  -1.93 
  4478.0  -1.91 
  4482.0  -1.88 
  4486.0  -1.86 
  4490.0  -1.83 
  4494.0  -1.81 
  4498.0  -1.79 
  4502.0  -1.76 
  4506.0  -1.74 
  4510.0  -1.71 
  4514.0  -1.69 
  4518.0  -1.66 
  4522.0  -1.64 
  4526.0  -1.61 
  4530.0  -1.59 
  4534.0  -1.57 
  4538.0  -1.54 
  4542.0  -1.52 
  4546.0  -1.49 
  4550.0  -1.47 
  4554.0  -1.44 
  4558.0  -1.42 
  4562.0  -1.39 
  4566.0  -1.37 
  4570.0  -1.35 
  4574.0  -1.32 
  4578.0  -1.30 
  4582.0  -1.27 
  4586.0  -1.25 
  4590.0  -1.22 
  4594.0  -1.20 
  4598.0  -1.17 
  4602.0  -1.15 
  4606.0  -1.13 
  4610.0  -1.10 
  4614.0  -1.08 
  4618.0  -1.05 
  4622.0  -1.03 
  4626.0  -1.00 
  4630.0  -0.98 
  4634.0  -0.95 
  4638.0  -0.93 
  4642.0  -0.91 
  4646.0  -0.88 
  4650.0  -0.86 
  4654.0  -0.83 
  4658.0  -0.81 
  4662.0  -0.78 
  4666.0  -0.76 
  4670.0  -0.73 
  4674.0  -0.71 
  4678.0  -0.69 
  4682.0  -0.66 
  4686.0  -0.64 
  4690.0  -0.61 
  4694.0  -0.59 
  4698.0  -0.56 
  4702.0  -0.54 
  4706.0  -0.51 
  4710.0  -0.49 
  4714.0  -0.47 
  4718.0  -0.44 
  4722.0  -0.42 
  4726.0  -0.39 
  4730.0  -0.37 
  4734.0  -0.34 
  4738.0  -0.32 
  4742.0  -0.29 
  4746.0  -0.27 
  4750.0  -0.24 
  4754.0  -0.22 
  4758.0  -0.20 
  4762.0  -0.17 
  4766.0  -0.15 
  4770.0  -0.12 
  4774.0  -0.10 
  4778.0  -0.07 
  4782.0  -0.05 
  4786.0  -0.02 
  4790.0   0.00 
  4794.0   0.02 
  4798.0   0.00 
  4802.0   0.00 
  4806.0   0.00 
  4810.0   0.00 
  4814.0   0.00 
  4818.0   0.00 
  4822.0   0.00 
  4826.0   0.00 
  4830.0   0.00 
  4834.0   0.03 
  4838.0   0.00 
  4842.0   0.00 
  4846.0   0.00 
  4850.0   0.00 
  4854.0   0.00 
  4858.0   0.00 
  4862.0   0.00 
  4866.0   0.00 
  4870.0   0.00 
  4874.0   0.00 
  4878.0   0.00 
  4882.0   0.00 
  4886.0   0.00 
  4890.0   0.00 
  4894.0   0.01 
  4898.0   0.07 
  4902.0   0.01 
  4906.0   0.00 
  4910.0   0.00 
  4914.0   0.00 
  4918.0   0.00 
  4922.0   0.01 
  4926.0   0.00 
  4930.0   0.00 
  4934.0   0.00 
  4938.0   0.00 
  4942.0   0.00 
  4946.0   0.00 
  4950.0   0.00 
  4954.0   0.04 
  4958.0   0.00 
  4962.0   0.00 
  4966.0   0.00 
  4970.0   0.00 
  4974.0   0.00 
  4978.0   0.00 
  4982.0   0.02 
  4986.0   0.00 
  4990.0   0.00 
  4994.0   0.02 
  4998.0   0.01 
  5002.0   0.00 
  5006.0   0.03 
  5010.0   0.05 
  5014.0   0.05 
  5018.0   0.02 
  5022.0   0.02 
  5026.0   0.05 
  5030.0   0.00 
  5034.0   0.00 
  5038.0   0.02 
  5042.0   0.02 
  5046.0   0.02 
  5050.0   0.02 
  5054.0   0.00 
  5058.0   0.00 
  5062.0   0.00 
  5066.0   0.02 
  5070.0   0.02 
  5074.0   0.02 
  5078.0   0.03 
  5082.0   0.01 
  5086.0   0.00 
  5090.0   0.02 
  5094.0   0.02 
  5098.0   0.03 
  5102.0   0.08 
  5106.0   0.06 
  5110.0   0.05 
  5114.0   0.05 
  5118.0   0.01 
  5122.0   0.01 
  5126.0   0.02 
  5130.0   0.07 
  5134.0   0.09 
  5138.0   0.03 
  5142.0   0.03 
  5146.0   0.03 
  5150.0   0.03 
  5154.0   0.05 
  5158.0   0.05 
  5162.0   0.06 
  5166.0   0.07 
  5170.0   0.07 
  5174.0   0.07 
  5178.0   0.05 
  5182.0   0.08 
  5186.0   0.06 
  5190.0   0.10 
  5194.0   0.10 
  5198.0   0.10 
  5202.0   0.07 
  5206.0   0.07 
  5210.0   0.05 
  5214.0   0.02 
  5218.0   0.02 
  5222.0   0.06 
  5226.0   0.05 
  5230.0   0.05 
  5234.0   0.10 
  5238.0   0.10 
  5242.0   0.10 
  5246.0   0.10 
  5250.0   0.10 
  5254.0   0.09 
  5258.0   0.09 
  5262.0   0.12 
  5266.0   0.12 
  5270.0   0.10 
  5274.0   0.10 
  5278.0   0.10 
  5282.0   0.12 
  5286.0   0.13 
  5290.0   0.10 
  5294.0   0.08 
  5298.0   0.10 
  5302.0   0.12 
  5306.0   0.10 
  5310.0   0.10 
  5314.0   0.12 
  5318.0   0.12 
  5322.0   0.12 
  5326.0   0.10 
  5330.0   0.10 
  5334.0   0.13 
  5338.0   0.13 
  5342.0   0.13 
  5346.0   0.11 
  5350.0   0.10 
  5354.0   0.11 
  5358.0   0.16 
  5362.0   0.13 
  5366.0   0.19 
  5370.0   0.20 
  5374.0   0.20 
  5378.0   0.18 
  5382.0   0.15 
  5386.0   0.15 
  5390.0   0.15 
  5394.0   0.16 
  5398.0   0.20 
  5402.0   0.24 
  5406.0   0.30 
  5410.0   0.32 
  5414.0   0.36 
  5418.0   0.44 
  5422.0   0.58 
  5426.0   0.75 
  5430.0   0.93 
  5434.0   1.16 
  5438.0   1.51 
  5442.0   1.86 
  5446.0   2.29 
  5450.0   2.85 
  5454.0   3.46 
  5458.0   4.14 
  5462.0   4.99 
  5466.0   6.00 
  5470.0   7.20 
  5474.0   8.54 
  5478.0   9.96 
  5482.0  11.54 
  5486.0  13.15 
  5490.0  14.83 
  5494.0  16.61 
  5498.0  18.60 
  5502.0  20.70 
  5506.0  22.78 
  5510.0  24.98 
  5514.0  27.34 
  5518.0  29.79 
  5522.0  32.17 
  5526.0  34.31 
  5530.0  36.52 
  5534.0  38.74 
  5538.0  40.84 
  5542.0  42.89 
  5546.0  44.83 
  5550.0  46.88 
  5554.0  48.89 
  5558.0  50.70 
  5562.0  52.45 
  5566.0  54.13 
  5570.0  55.76 
  5574.0  57.29 
  5578.0  58.76 
  5582.0  60.30 
  5586.0  61.73 
  5590.0  63.13 
  5594.0  64.52 
  5598.0  65.85 
  5602.0  67.22 
  5606.0  68.43 
  5610.0  69.64 
  5614.0  70.79 
  5618.0  71.82 
  5622.0  72.85 
  5626.0  73.90 
  5630.0  74.99 
  5634.0  75.97 
  5638.0  76.80 
  5642.0  77.67 
  5646.0  78.51 
  5650.0  79.19 
  5654.0  79.90 
  5658.0  80.45 
  5662.0  80.95 
  5666.0  81.40 
  5670.0  81.81 
  5674.0  82.11 
  5678.0  82.40 
  5682.0  82.55 
  5686.0  82.59 
  5690.0  82.61 
  5694.0  82.62 
  5698.0  82.59 
  5702.0  82.55 
  5706.0  82.49 
  5710.0  82.45 
  5714.0  82.32 
  5718.0  82.19 
  5722.0  81.98 
  5726.0  81.87 
  5730.0  81.78 
  5734.0  81.74 
  5738.0  81.71 
  5742.0  81.70 
  5746.0  81.76 
  5750.0  81.78 
  5754.0  81.81 
  5758.0  81.86 
  5762.0  81.99 
  5766.0  82.17 
  5770.0  82.41 
  5774.0  82.81 
  5778.0  83.16 
  5782.0  83.39 
  5786.0  83.60 
  5790.0  83.91 
  5794.0  84.30 
  5798.0  84.75 
  5802.0  85.23 
  5806.0  85.71 
  5810.0  86.27 
  5814.0  86.85 
  5818.0  87.33 
  5822.0  87.74 
  5826.0  88.13 
  5830.0  88.46 
  5834.0  88.87 
  5838.0  89.29 
  5842.0  89.78 
  5846.0  90.29 
  5850.0  90.83 
  5854.0  91.26 
  5858.0  91.54 
  5862.0  91.85 
  5866.0  92.09 
  5870.0  92.43 
  5874.0  92.69 
  5878.0  92.88 
  5882.0  93.04 
  5886.0  93.11 
  5890.0  93.13 
  5894.0  93.14 
  5898.0  93.19 
  5902.0  93.20 
  5906.0  93.15 
  5910.0  92.95 
  5914.0  92.74 
  5918.0  92.55 
  5922.0  92.38 
  5926.0  92.27 
  5930.0  91.98 
  5934.0  91.68 
  5938.0  91.37 
  5942.0  91.12 
  5946.0  90.85 
  5950.0  90.53 
  5954.0  90.19 
  5958.0  89.87 
  5962.0  89.61 
  5966.0  89.30 
  5970.0  88.94 
  5974.0  88.62 
  5978.0  88.42 
  5982.0  88.20 
  5986.0  87.99 
  5990.0  87.82 
  5994.0  87.75 
  5998.0  87.62 
  6002.0  87.55 
  6006.0  87.56 
  6010.0  87.62 
  6014.0  87.60 
  6018.0  87.70 
  6022.0  87.88 
  6026.0  88.05 
  6030.0  88.34 
  6034.0  88.63 
  6038.0  88.84 
  6042.0  89.08 
  6046.0  89.43 
  6050.0  89.80 
  6054.0  90.26 
  6058.0  90.64 
  6062.0  90.96 
  6066.0  91.23 
  6070.0  91.57 
  6074.0  91.98 
  6078.0  92.31 
  6082.0  92.63 
  6086.0  92.92 
  6090.0  93.17 
  6094.0  93.34 
  6098.0  93.56 
  6102.0  93.75 
  6106.0  93.82 
  6110.0  93.80 
  6114.0  93.74 
  6118.0  93.67 
  6122.0  93.55 
  6126.0  93.38 
  6130.0  93.22 
  6134.0  93.03 
  6138.0  92.86 
  6142.0  92.46 
  6146.0  92.03 
  6150.0  91.55 
  6154.0  91.21 
  6158.0  90.91 
  6162.0  90.53 
  6166.0  90.09 
  6170.0  89.62 
  6174.0  89.28 
  6178.0  88.90 
  6182.0  88.54 
  6186.0  88.15 
  6190.0  87.80 
  6194.0  87.36 
  6198.0  87.09 
  6202.0  86.83 
  6206.0  86.63 
  6210.0  86.39 
  6214.0  86.20 
  6218.0  86.08 
  6222.0  86.01 
  6226.0  85.93 
  6230.0  85.79 
  6234.0  85.82 
  6238.0  85.84 
  6242.0  85.71 
  6246.0  85.38 
  6250.0  85.62 
  6254.0  85.66 
  6258.0  85.84 
  6262.0  86.03 
  6266.0  86.12 
  6270.0  86.25 
  6274.0  86.40 
  6278.0  86.54 
  6282.0  86.67 
  6286.0  86.78 
  6290.0  86.91 
  6294.0  87.05 
  6298.0  87.17 
  6302.0  87.33 
  6306.0  87.46 
  6310.0  87.53 
  6314.0  87.58 
  6318.0  87.69 
  6322.0  87.74 
  6326.0  87.79 
  6330.0  87.83 
  6334.0  87.94 
  6338.0  87.96 
  6342.0  87.99 
  6346.0  87.98 
  6350.0  88.01 
  6354.0  88.04 
  6358.0  88.10 
  6362.0  88.12 
  6366.0  88.15 
  6370.0  88.16 
  6374.0  88.17 
  6378.0  88.18 
  6382.0  88.24 
  6386.0  88.28 
  6390.0  88.36 
  6394.0  88.36 
  6398.0  88.33 
  6402.0  88.35 
  6406.0  88.39 
  6410.0  88.38 
  6414.0  88.40 
  6418.0  88.44 
  6422.0  88.42 
  6426.0  88.42 
  6430.0  88.38 
  6434.0  88.30 
  6438.0  88.18 
  6442.0  88.06 
  6446.0  87.97 
  6450.0  87.80 
  6454.0  87.64 
  6458.0  87.47 
  6462.0  87.26 
  6466.0  87.01 
  6470.0  86.79 
  6474.0  86.57 
  6478.0  86.29 
  6482.0  85.97 
  6486.0  85.71 
  6490.0  85.41 
  6494.0  85.18 
  6498.0  84.97 
  6502.0  84.80 
  6506.0  84.66 
  6510.0  84.52 
  6514.0  84.37 
  6518.0  84.28 
  6522.0  84.22 
  6526.0  84.15 
  6530.0  84.12 
  6534.0  84.11 
  6538.0  84.16 
  6542.0  84.26 
  6546.0  84.40 
  6550.0  84.73 
  6554.0  85.17 
  6558.0  86.23 
  6562.0  87.20 
  6566.0  87.11 
  6570.0  85.81 
  6574.0  85.85 
  6578.0  86.08 
  6582.0  86.30 
  6586.0  86.58 
  6590.0  86.96 
  6594.0  87.33 
  6598.0  87.70 
  6602.0  88.00 
  6606.0  88.19 
  6610.0  88.34 
  6614.0  88.41 
  6618.0  88.46 
  6622.0  88.51 
  6626.0  88.50 
  6630.0  88.36 
  6634.0  88.17 
  6638.0  87.95 
  6642.0  87.74 
  6646.0  87.55 
  6650.0  87.35 
  6654.0  87.12 
  6658.0  86.81 
  6662.0  86.49 
  6666.0  86.20 
  6670.0  85.92 
  6674.0  85.53 
  6678.0  85.27 
  6682.0  85.02 
  6686.0  84.79 
  6690.0  84.61 
  6694.0  84.39 
  6698.0  84.29 
  6702.0  84.15 
  6706.0  84.11 
  6710.0  84.01 
  6714.0  84.07 
  6718.0  84.04 
  6722.0  84.03 
  6726.0  84.04 
  6730.0  84.01 
  6734.0  83.90 
  6738.0  83.81 
  6742.0  83.77 
  6746.0  83.67 
  6750.0  83.40 
  6754.0  83.19 
  6758.0  82.88 
  6762.0  82.45 
  6766.0  82.11 
  6770.0  81.70 
  6774.0  81.16 
  6778.0  80.53 
  6782.0  79.98 
  6786.0  79.43 
  6790.0  78.85 
  6794.0  78.28 
  6798.0  77.73 
  6802.0  77.20 
  6806.0  76.69 
  6810.0  76.24 
  6814.0  75.94 
  6818.0  75.70 
  6822.0  75.48 
  6826.0  75.36 
  6830.0  75.37 
  6834.0  75.53 
  6838.0  75.84 
  6842.0  76.22 
  6846.0  76.66 
  6850.0  77.25 
  6854.0  77.75 
  6858.0  78.33 
  6862.0  78.98 
  6866.0  79.60 
  6870.0  80.26 
  6874.0  80.74 
  6878.0  81.18 
  6882.0  81.57 
  6886.0  81.87 
  6890.0  82.09 
  6894.0  82.20 
  6898.0  82.21 
  6902.0  82.07 
  6906.0  81.77 
  6910.0  81.32 
  6914.0  80.64 
  6918.0  79.77 
  6922.0  78.55 
  6926.0  76.91 
  6930.0  74.74 
  6934.0  72.12 
  6938.0  68.91 
  6942.0  64.85 
  6946.0  59.93 
  6950.0  54.02 
  6954.0  47.59 
  6958.0  41.34 
  6962.0  34.96 
  6966.0  28.58 
  6970.0  22.65 
  6974.0  17.78 
  6978.0  13.76 
  6982.0  10.50 
  6986.0   8.00 
  6990.0   6.03 
  6994.0   4.59 
  6998.0   3.54 
  7002.0   2.69 
  7006.0   2.09 
  7010.0   1.63 
  7014.0   1.31 
  7018.0   1.08 
  7022.0   0.87 
  7026.0   0.71 
  7030.0   0.55 
  7034.0   0.51 
  7038.0   0.47 
  7042.0   0.40 
  7046.0   0.37 
  7050.0   0.33 
  7054.0   0.32 
  7058.0   0.24 
  7062.0   0.27 
  7066.0   0.24 
  7070.0   0.23 
  7074.0   0.16 
  7078.0   0.15 
  7082.0   0.15 
  7086.0   0.19 
  7090.0   0.13 
  7094.0   0.14 
  7098.0   0.20 
  7102.0   0.20 
  7106.0   0.16 
  7110.0   0.12 
  7114.0   0.13 
  7118.0   0.15 
  7122.0   0.15 
  7126.0   0.15 
  7130.0   0.15 
  7134.0   0.18 
  7138.0   0.12 
  7142.0   0.13 
  7146.0   0.10 
  7150.0   0.10 
  7154.0   0.12 
  7158.0   0.13 
  7162.0   0.17 
  7166.0   0.18 
  7170.0   0.18 
  7174.0   0.13 
  7178.0   0.13 
  7182.0   0.13 
  7186.0   0.10 
  7190.0   0.07 
  7194.0   0.11 
  7198.0   0.14 
  7202.0   0.12 
  7206.0   0.12 
  7210.0   0.10 
  7214.0   0.10 
  7218.0   0.10 
  7222.0   0.11 
  7226.0   0.14 
  7230.0   0.15 
  7234.0   0.15 
  7238.0   0.15 
  7242.0   0.15 
  7246.0   0.18 
  7250.0   0.18 
  7254.0   0.13 
  7258.0   0.15 
  7262.0   0.13 
  7266.0   0.12 
  7270.0   0.10 
  7274.0   0.10 
  7278.0   0.13 
  7282.0   0.13 
  7286.0   0.12 
  7290.0   0.12 
  7294.0   0.12 
  7298.0   0.15 
  7302.0   0.12 
  7306.0   0.12 
  7310.0   0.10 
  7314.0   0.10 
  7318.0   0.10 
  7322.0   0.11 
  7326.0   0.12 
  7330.0   0.10 
  7334.0   0.17 
  7338.0   0.10 
  7342.0   0.10 
  7346.0   0.10 
  7350.0   0.10 
  7354.0   0.12 
  7358.0   0.12 
  7362.0   0.10 
  7366.0   0.09 
  7370.0   0.05 
  7374.0   0.08 
  7378.0   0.13 
  7382.0   0.14 
  7386.0   0.13 
  7390.0   0.13 
  7394.0   0.10 
  7398.0   0.10 
  7402.0   0.10 
  7406.0   0.10 
  7410.0   0.15 
  7414.0   0.15 
  7418.0   0.14 
  7422.0   0.12 
  7426.0   0.08 
  7430.0   0.07 
  7434.0   0.12 
  7438.0   0.10 
  7442.0   0.11 
  7446.0   0.09 
  7450.0   0.08 
  7454.0   0.11 
  7458.0   0.11 
  7462.0   0.13 
  7466.0   0.18 
  7470.0   0.18 
  7474.0   0.15 
  7478.0   0.15 
  7482.0   0.12 
  7486.0   0.10 
  7490.0   0.12 
  7494.0   0.12 
  7498.0   0.15 
  7502.0   0.13 
  7506.0   0.12 
  7510.0   0.10 
  7514.0   0.13 
  7518.0   0.20 
  7522.0   0.16 
  7526.0   0.11 
  7530.0   0.05 
  7534.0   0.06 
  7538.0   0.10 
  7542.0   0.10 
  7546.0   0.17 
  7550.0   0.20 
  7554.0   0.12 
  7558.0   0.11 
  7562.0   0.10 
  7566.0   0.10 
  7570.0   0.12 
  7574.0   0.10 
  7578.0   0.11 
  7582.0   0.10 
  7586.0   0.07 
  7590.0   0.08 
  7594.0   0.04 
  7598.0   0.06 
  7602.0   0.04 
  7606.0   0.08 
  7610.0   0.08 
  7614.0   0.14 
  7618.0   0.11 
  7622.0   0.14 
  7626.0   0.11 
  7630.0   0.10 
  7634.0   0.10 
  7638.0   0.11 
  7642.0   0.11 
  7646.0   0.10 
  7650.0   0.12 
  7654.0   0.11 
  7658.0   0.07 
  7662.0   0.05 
  7666.0   0.07 
  7670.0   0.15 
  7674.0   0.15 
  7678.0   0.14 
  7682.0   0.06 
  7686.0   0.03 
  7690.0   0.02 
  7694.0   0.04 
  7698.0   0.08 
  7702.0   0.06 
  7706.0   0.05 
  7710.0   0.08 
  7714.0   0.09 
  7718.0   0.10 
  7722.0   0.10 
  7726.0   0.13 
  7730.0   0.15 
  7734.0   0.10 
  7738.0   0.07 
  7742.0   0.02 
  7746.0   0.03 
