  2674.0   3.62 
  2676.0   3.60 
  2678.0   3.58 
  2680.0   3.55 
  2682.0   3.53 
  2684.0   3.50 
  2686.0   3.48 
  2688.0   3.46 
  2690.0   3.43 
  2692.0   3.41 
  2694.0   3.39 
  2696.0   3.36 
  2698.0   3.34 
  2700.0   3.31 
  2702.0   3.29 
  2704.0   3.27 
  2706.0   3.24 
  2708.0   3.22 
  2710.0   3.20 
  2712.0   3.17 
  2714.0   3.15 
  2716.0   3.12 
  2718.0   3.10 
  2720.0   3.08 
  2722.0   3.05 
  2724.0   3.03 
  2726.0   3.01 
  2728.0   2.98 
  2730.0   2.96 
  2732.0   2.93 
  2734.0   2.91 
  2736.0   2.89 
  2738.0   2.86 
  2740.0   2.84 
  2742.0   2.82 
  2744.0   2.79 
  2746.0   2.77 
  2748.0   2.74 
  2750.0   2.72 
  2752.0   2.70 
  2754.0   2.67 
  2756.0   2.65 
  2758.0   2.63 
  2760.0   2.60 
  2762.0   2.58 
  2764.0   2.55 
  2766.0   2.53 
  2768.0   2.51 
  2770.0   2.48 
  2772.0   2.46 
  2774.0   2.44 
  2776.0   2.41 
  2778.0   2.39 
  2780.0   2.37 
  2782.0   2.34 
  2784.0   2.32 
  2786.0   2.29 
  2788.0   2.27 
  2790.0   2.25 
  2792.0   2.22 
  2794.0   2.20 
  2796.0   2.18 
  2798.0   2.15 
  2800.0   2.13 
  2802.0   2.10 
  2804.0   2.08 
  2806.0   2.06 
  2808.0   2.03 
  2810.0   2.01 
  2812.0   1.99 
  2814.0   1.96 
  2816.0   1.94 
  2818.0   1.91 
  2820.0   1.89 
  2822.0   1.87 
  2824.0   1.84 
  2826.0   1.82 
  2828.0   1.80 
  2830.0   1.77 
  2832.0   1.75 
  2834.0   1.72 
  2836.0   1.70 
  2838.0   1.68 
  2840.0   1.65 
  2842.0   1.63 
  2844.0   1.61 
  2846.0   1.58 
  2848.0   1.56 
  2850.0   1.53 
  2852.0   1.51 
  2854.0   1.49 
  2856.0   1.46 
  2858.0   1.44 
  2860.0   1.42 
  2862.0   1.39 
  2864.0   1.37 
  2866.0   1.34 
  2868.0   1.32 
  2870.0   1.30 
  2872.0   1.27 
  2874.0   1.25 
  2876.0   1.23 
  2878.0   1.20 
  2880.0   1.18 
  2882.0   1.15 
  2884.0   1.13 
  2886.0   1.11 
  2888.0   1.08 
  2890.0   1.06 
  2892.0   1.04 
  2894.0   1.01 
  2896.0   0.99 
  2898.0   0.97 
  2900.0   0.94 
  2902.0   0.92 
  2904.0   0.89 
  2906.0   0.87 
  2908.0   0.85 
  2910.0   0.82 
  2912.0   0.80 
  2914.0   0.78 
  2916.0   0.75 
  2918.0   0.73 
  2920.0   0.70 
  2922.0   0.68 
  2924.0   0.66 
  2926.0   0.63 
  2928.0   0.61 
  2930.0   0.59 
  2932.0   0.56 
  2934.0   0.54 
  2936.0   0.52 
  2938.0   0.49 
  2940.0   0.47 
  2942.0   0.44 
  2944.0   0.42 
  2946.0   0.40 
  2948.0   0.37 
  2950.0   0.35 
  2952.0   0.33 
  2954.0   0.30 
  2956.0   0.28 
  2958.0   0.26 
  2960.0   0.23 
  2962.0   0.21 
  2964.0   0.19 
  2966.0   0.16 
  2968.0   0.14 
  2970.0   0.12 
  2972.0   0.10 
  2974.0   0.08 
  2976.0   0.05 
  2978.0   0.05 
  2980.0   0.05 
  2982.0   0.08 
  2984.0   0.09 
  2986.0   0.10 
  2988.0   0.10 
  2990.0   0.15 
  2992.0   0.14 
  2994.0   0.10 
  2996.0   0.10 
  2998.0   0.14 
  3000.0   0.15 
  3002.0   0.17 
  3004.0   0.17 
  3006.0   0.17 
  3008.0   0.17 
  3010.0   0.20 
  3012.0   0.20 
  3014.0   0.23 
  3016.0   0.23 
  3018.0   0.20 
  3020.0   0.22 
  3022.0   0.21 
  3024.0   0.27 
  3026.0   0.29 
  3028.0   0.30 
  3030.0   0.35 
  3032.0   0.35 
  3034.0   0.36 
  3036.0   0.38 
  3038.0   0.38 
  3040.0   0.45 
  3042.0   0.45 
  3044.0   0.49 
  3046.0   0.53 
  3048.0   0.59 
  3050.0   0.68 
  3052.0   0.72 
  3054.0   0.78 
  3056.0   0.84 
  3058.0   0.88 
  3060.0   0.93 
  3062.0   1.00 
  3064.0   1.04 
  3066.0   1.16 
  3068.0   1.28 
  3070.0   1.40 
  3072.0   1.47 
  3074.0   1.61 
  3076.0   1.76 
  3078.0   1.90 
  3080.0   2.02 
  3082.0   2.22 
  3084.0   2.47 
  3086.0   2.70 
  3088.0   2.95 
  3090.0   3.15 
  3092.0   3.45 
  3094.0   3.73 
  3096.0   4.02 
  3098.0   4.32 
  3100.0   4.63 
  3102.0   4.92 
  3104.0   5.27 
  3106.0   5.59 
  3108.0   5.90 
  3110.0   6.23 
  3112.0   6.48 
  3114.0   6.80 
  3116.0   7.10 
  3118.0   7.42 
  3120.0   7.70 
  3122.0   8.03 
  3124.0   8.33 
  3126.0   8.63 
  3128.0   8.95 
  3130.0   9.22 
  3132.0   9.57 
  3134.0   9.88 
  3136.0  10.19 
  3138.0  10.57 
  3140.0  11.00 
  3142.0  11.38 
  3144.0  11.83 
  3146.0  12.29 
  3148.0  12.80 
  3150.0  13.34 
  3152.0  13.87 
  3154.0  14.43 
  3156.0  14.99 
  3158.0  15.57 
  3160.0  16.09 
  3162.0  16.71 
  3164.0  17.22 
  3166.0  17.71 
  3168.0  18.24 
  3170.0  18.70 
  3172.0  19.16 
  3174.0  19.61 
  3176.0  20.02 
  3178.0  20.43 
  3180.0  20.72 
  3182.0  20.97 
  3184.0  21.22 
  3186.0  21.40 
  3188.0  21.55 
  3190.0  21.67 
  3192.0  21.80 
  3194.0  21.94 
  3196.0  22.06 
  3198.0  22.19 
  3200.0  22.42 
  3202.0  22.57 
  3204.0  22.84 
  3206.0  23.07 
  3208.0  23.30 
  3210.0  23.56 
  3212.0  23.90 
  3214.0  24.25 
  3216.0  24.64 
  3218.0  25.05 
  3220.0  25.58 
  3222.0  26.08 
  3224.0  26.68 
  3226.0  27.28 
  3228.0  27.95 
  3230.0  28.55 
  3232.0  29.22 
  3234.0  29.88 
  3236.0  30.54 
  3238.0  31.26 
  3240.0  31.92 
  3242.0  32.57 
  3244.0  33.24 
  3246.0  33.83 
  3248.0  34.43 
  3250.0  35.00 
  3252.0  35.48 
  3254.0  35.93 
  3256.0  36.35 
  3258.0  36.75 
  3260.0  37.14 
  3262.0  37.52 
  3264.0  37.89 
  3266.0  38.18 
  3268.0  38.55 
  3270.0  38.84 
  3272.0  39.14 
  3274.0  39.39 
  3276.0  39.65 
  3278.0  39.96 
  3280.0  40.23 
  3282.0  40.54 
  3284.0  40.84 
  3286.0  41.17 
  3288.0  41.54 
  3290.0  41.90 
  3292.0  42.24 
  3294.0  42.65 
  3296.0  43.10 
  3298.0  43.52 
  3300.0  43.95 
  3302.0  44.45 
  3304.0  45.00 
  3306.0  45.53 
  3308.0  46.08 
  3310.0  46.54 
  3312.0  47.05 
  3314.0  47.51 
  3316.0  47.96 
  3318.0  48.43 
  3320.0  48.86 
  3322.0  49.23 
  3324.0  49.61 
  3326.0  49.97 
  3328.0  50.30 
  3330.0  50.58 
  3332.0  50.82 
  3334.0  51.07 
  3336.0  51.27 
  3338.0  51.47 
  3340.0  51.63 
  3342.0  51.85 
  3344.0  52.03 
  3346.0  52.25 
  3348.0  52.41 
  3350.0  52.63 
  3352.0  52.76 
  3354.0  52.96 
  3356.0  53.14 
  3358.0  53.29 
  3360.0  53.48 
  3362.0  53.72 
  3364.0  53.95 
  3366.0  54.19 
  3368.0  54.44 
  3370.0  54.74 
  3372.0  55.05 
  3374.0  55.36 
  3376.0  55.63 
  3378.0  55.91 
  3380.0  56.23 
  3382.0  56.54 
  3384.0  56.79 
  3386.0  57.00 
  3388.0  57.18 
  3390.0  57.33 
  3392.0  57.52 
  3394.0  57.65 
  3396.0  57.71 
  3398.0  57.73 
  3400.0  57.75 
  3402.0  57.76 
  3404.0  57.67 
  3406.0  57.57 
  3408.0  57.47 
  3410.0  57.28 
  3412.0  57.03 
  3414.0  56.79 
  3416.0  56.54 
  3418.0  56.29 
  3420.0  56.06 
  3422.0  55.78 
  3424.0  55.50 
  3426.0  55.23 
  3428.0  54.97 
  3430.0  54.75 
  3432.0  54.51 
  3434.0  54.31 
  3436.0  54.13 
  3438.0  54.00 
  3440.0  53.88 
  3442.0  53.85 
  3444.0  53.85 
  3446.0  53.90 
  3448.0  54.01 
  3450.0  54.15 
  3452.0  54.33 
  3454.0  54.54 
  3456.0  54.74 
  3458.0  55.03 
  3460.0  55.38 
  3462.0  55.75 
  3464.0  56.15 
  3466.0  56.62 
  3468.0  57.12 
  3470.0  57.65 
  3472.0  58.11 
  3474.0  58.69 
  3476.0  59.23 
  3478.0  59.74 
  3480.0  60.31 
  3482.0  60.82 
  3484.0  61.33 
  3486.0  61.78 
  3488.0  62.26 
  3490.0  62.70 
  3492.0  63.13 
  3494.0  63.48 
  3496.0  63.81 
  3498.0  64.09 
  3500.0  64.34 
  3502.0  64.53 
  3504.0  64.69 
  3506.0  64.80 
  3508.0  64.84 
  3510.0  64.87 
  3512.0  64.88 
  3514.0  64.80 
  3516.0  64.73 
  3518.0  64.63 
  3520.0  64.56 
  3522.0  64.44 
  3524.0  64.30 
  3526.0  64.15 
  3528.0  63.95 
  3530.0  63.77 
  3532.0  63.66 
  3534.0  63.52 
  3536.0  63.37 
  3538.0  63.22 
  3540.0  63.14 
  3542.0  63.10 
  3544.0  63.04 
  3546.0  63.04 
  3548.0  63.11 
  3550.0  63.13 
  3552.0  63.12 
  3554.0  63.19 
  3556.0  63.24 
  3558.0  63.28 
  3560.0  63.38 
  3562.0  63.58 
  3564.0  63.75 
  3566.0  63.92 
  3568.0  64.07 
  3570.0  64.27 
  3572.0  64.39 
  3574.0  64.53 
  3576.0  64.71 
  3578.0  64.89 
  3580.0  65.03 
  3582.0  65.15 
  3584.0  65.27 
  3586.0  65.34 
  3588.0  65.40 
  3590.0  65.42 
  3592.0  65.48 
  3594.0  65.49 
  3596.0  65.45 
  3598.0  65.42 
  3600.0  65.33 
  3602.0  65.24 
  3604.0  65.14 
  3606.0  65.02 
  3608.0  64.86 
  3610.0  64.66 
  3612.0  64.44 
  3614.0  64.24 
  3616.0  64.04 
  3618.0  63.81 
  3620.0  63.57 
  3622.0  63.36 
  3624.0  63.12 
  3626.0  62.91 
  3628.0  62.66 
  3630.0  62.44 
  3632.0  62.21 
  3634.0  61.98 
  3636.0  61.77 
  3638.0  61.59 
  3640.0  61.45 
  3642.0  61.30 
  3644.0  61.19 
  3646.0  61.13 
  3648.0  61.07 
  3650.0  61.06 
  3652.0  60.98 
  3654.0  60.97 
  3656.0  61.00 
  3658.0  61.03 
  3660.0  61.10 
  3662.0  61.13 
  3664.0  61.22 
  3666.0  61.28 
  3668.0  61.38 
  3670.0  61.50 
  3672.0  61.58 
  3674.0  61.70 
  3676.0  61.78 
  3678.0  61.90 
  3680.0  61.97 
  3682.0  62.01 
  3684.0  62.06 
  3686.0  62.08 
  3688.0  62.07 
  3690.0  62.05 
  3692.0  62.10 
  3694.0  62.03 
  3696.0  61.99 
  3698.0  61.92 
  3700.0  61.74 
  3702.0  61.61 
  3704.0  61.42 
  3706.0  61.23 
  3708.0  60.99 
  3710.0  60.75 
  3712.0  60.43 
  3714.0  60.13 
  3716.0  59.76 
  3718.0  59.40 
  3720.0  59.07 
  3722.0  58.76 
  3724.0  58.32 
  3726.0  57.99 
  3728.0  57.62 
  3730.0  57.21 
  3732.0  56.74 
  3734.0  56.29 
  3736.0  55.85 
  3738.0  55.36 
  3740.0  54.89 
  3742.0  54.47 
  3744.0  54.04 
  3746.0  53.62 
  3748.0  53.21 
  3750.0  52.87 
  3752.0  52.48 
  3754.0  52.10 
  3756.0  51.73 
  3758.0  51.36 
  3760.0  51.00 
  3762.0  50.63 
  3764.0  50.29 
  3766.0  49.97 
  3768.0  49.60 
  3770.0  49.24 
  3772.0  48.89 
  3774.0  48.55 
  3776.0  48.23 
  3778.0  47.88 
  3780.0  47.55 
  3782.0  47.26 
  3784.0  46.90 
  3786.0  46.59 
  3788.0  46.24 
  3790.0  45.86 
  3792.0  45.50 
  3794.0  45.11 
  3796.0  44.74 
  3798.0  44.34 
  3800.0  43.92 
  3802.0  43.48 
  3804.0  43.04 
  3806.0  42.62 
  3808.0  42.15 
  3810.0  41.71 
  3812.0  41.15 
  3814.0  40.61 
  3816.0  40.08 
  3818.0  39.47 
  3820.0  38.82 
  3822.0  38.21 
  3824.0  37.62 
  3826.0  36.99 
  3828.0  36.36 
  3830.0  35.77 
  3832.0  35.12 
  3834.0  34.44 
  3836.0  33.77 
  3838.0  33.06 
  3840.0  32.38 
  3842.0  31.69 
  3844.0  30.97 
  3846.0  30.31 
  3848.0  29.61 
  3850.0  28.90 
  3852.0  28.24 
  3854.0  27.59 
  3856.0  26.89 
  3858.0  26.20 
  3860.0  25.55 
  3862.0  24.91 
  3864.0  24.20 
  3866.0  23.58 
  3868.0  22.92 
  3870.0  22.32 
  3872.0  21.67 
  3874.0  21.05 
  3876.0  20.44 
  3878.0  19.84 
  3880.0  19.25 
  3882.0  18.67 
  3884.0  18.11 
  3886.0  17.58 
  3888.0  17.09 
  3890.0  16.58 
  3892.0  16.11 
  3894.0  15.62 
  3896.0  15.14 
  3898.0  14.64 
  3900.0  14.17 
  3902.0  13.69 
  3904.0  13.20 
  3906.0  12.79 
  3908.0  12.32 
  3910.0  11.94 
  3912.0  11.47 
  3914.0  11.03 
  3916.0  10.59 
  3918.0  10.17 
  3920.0   9.78 
  3922.0   9.42 
  3924.0   8.99 
  3926.0   8.58 
  3928.0   8.22 
  3930.0   7.87 
  3932.0   7.53 
  3934.0   7.20 
  3936.0   6.92 
  3938.0   6.62 
  3940.0   6.37 
  3942.0   6.03 
  3944.0   5.78 
  3946.0   5.53 
  3948.0   5.20 
  3950.0   4.95 
  3952.0   4.72 
  3954.0   4.48 
  3956.0   4.21 
  3958.0   3.97 
  3960.0   3.73 
  3962.0   3.52 
  3964.0   3.32 
  3966.0   3.13 
  3968.0   2.91 
  3970.0   2.78 
  3972.0   2.58 
  3974.0   2.44 
  3976.0   2.28 
  3978.0   2.10 
  3980.0   1.98 
  3982.0   1.86 
  3984.0   1.75 
  3986.0   1.64 
  3988.0   1.50 
  3990.0   1.42 
  3992.0   1.30 
  3994.0   1.21 
  3996.0   1.16 
  3998.0   1.11 
  4000.0   1.03 
  4002.0   0.97 
  4004.0   0.91 
  4006.0   0.82 
  4008.0   0.79 
  4010.0   0.70 
  4012.0   0.68 
  4014.0   0.63 
  4016.0   0.60 
  4018.0   0.57 
  4020.0   0.50 
  4022.0   0.49 
  4024.0   0.43 
  4026.0   0.37 
  4028.0   0.33 
  4030.0   0.33 
  4032.0   0.33 
  4034.0   0.33 
  4036.0   0.30 
  4038.0   0.24 
  4040.0   0.23 
  4042.0   0.22 
  4044.0   0.20 
  4046.0   0.18 
  4048.0   0.18 
  4050.0   0.15 
  4052.0   0.15 
  4054.0   0.17 
  4056.0   0.17 
  4058.0   0.13 
  4060.0   0.12 
  4062.0   0.12 
  4064.0   0.12 
  4066.0   0.11 
  4068.0   0.10 
  4070.0   0.10 
  4072.0   0.10 
  4074.0   0.10 
  4076.0   0.10 
  4078.0   0.10 
  4080.0   0.10 
  4082.0   0.10 
  4084.0   0.09 
  4086.0   0.07 
  4088.0   0.07 
  4090.0   0.07 
  4092.0   0.07 
  4094.0   0.10 
  4096.0   0.10 
  4098.0   0.10 
  4100.0   0.10 
  4102.0   0.10 
  4104.0   0.10 
  4106.0   0.08 
  4108.0   0.07 
  4110.0   0.02 
  4112.0   0.03 
  4114.0   0.04 
  4116.0   0.07 
  4118.0   0.06 
  4120.0   0.10 
  4122.0   0.10 
  4124.0   0.09 
  4126.0   0.08 
  4128.0   0.05 
  4130.0   0.07 
  4132.0   0.07 
  4134.0   0.07 
  4136.0   0.09 
  4138.0   0.10 
  4140.0   0.10 
  4142.0   0.09 
  4144.0   0.05 
  4146.0   0.05 
  4148.0   0.02 
  4150.0   0.02 
  4152.0   0.02 
  4154.0   0.03 
  4156.0   0.05 
  4158.0   0.05 
  4160.0   0.07 
  4162.0   0.07 
  4164.0   0.07 
  4166.0   0.06 
  4168.0   0.07 
  4170.0   0.07 
  4172.0   0.10 
  4174.0   0.10 
  4176.0   0.10 
  4178.0   0.10 
  4180.0   0.10 
  4182.0   0.10 
  4184.0   0.10 
  4186.0   0.10 
  4188.0   0.10 
  4190.0   0.07 
  4192.0   0.07 
  4194.0   0.07 
  4196.0   0.07 
  4198.0   0.06 
  4200.0   0.05 
  4202.0   0.03 
  4204.0   0.03 
  4206.0   0.03 
  4208.0   0.08 
  4210.0   0.08 
  4212.0   0.02 
  4214.0   0.00 
  4216.0   0.00 
  4218.0   0.04 
  4220.0   0.05 
  4222.0   0.05 
  4224.0   0.06 
  4226.0   0.06 
  4228.0   0.05 
  4230.0   0.05 
  4232.0   0.06 
  4234.0   0.05 
  4236.0   0.02 
  4238.0   0.00 
  4240.0   0.00 
  4242.0   0.00 
  4244.0   0.00 
  4246.0   0.00 
  4248.0   0.04 
  4250.0   0.08 
  4252.0   0.08 
  4254.0   0.07 
  4256.0   0.06 
  4258.0   0.02 
  4260.0   0.02 
  4262.0   0.02 
  4264.0   0.02 
  4266.0   0.02 
  4268.0   0.06 
  4270.0   0.05 
  4272.0   0.05 
  4274.0   0.05 
  4276.0   0.05 
  4278.0   0.07 
  4280.0   0.07 
  4282.0   0.05 
  4284.0   0.07 
  4286.0   0.07 
  4288.0   0.07 
  4290.0   0.07 
  4292.0   0.07 
  4294.0   0.08 
  4296.0   0.04 
  4298.0   0.02 
  4300.0   0.02 
  4302.0   0.02 
  4304.0   0.00 
  4306.0   0.00 
  4308.0   0.00 
  4310.0   0.03 
  4312.0   0.00 
  4314.0   0.00 
  4316.0   0.00 
  4318.0   0.03 
  4320.0   0.03 
  4322.0   0.01 
  4324.0   0.03 
  4326.0   0.03 
  4328.0   0.03 
  4330.0   0.03 
  4332.0   0.08 
  4334.0   0.08 
  4336.0   0.08 
  4338.0   0.05 
  4340.0   0.05 
  4342.0   0.04 
  4344.0   0.00 
  4346.0   0.00 
  4348.0   0.00 
  4350.0   0.00 
  4352.0   0.00 
  4354.0   0.00 
  4356.0  -0.03 
  4358.0  -0.08 
  4360.0  -0.08 
  4362.0  -0.05 
  4364.0  -0.05 
  4366.0  -0.05 
  4368.0  -0.01 
  4370.0   0.00 
  4372.0   0.00 
  4374.0   0.00 
  4376.0   0.00 
  4378.0   0.00 
  4380.0   0.00 
  4382.0   0.00 
  4384.0   0.00 
  4386.0   0.00 
  4388.0   0.00 
  4390.0   0.05 
  4392.0   0.05 
  4394.0   0.05 
  4396.0   0.05 
  4398.0   0.05 
  4400.0   0.05 
  4402.0   0.05 
  4404.0   0.03 
  4406.0   0.00 
  4408.0   0.00 
  4410.0   0.00 
  4412.0   0.00 
  4414.0   0.00 
  4416.0   0.00 
  4418.0   0.00 
  4420.0   0.00 
  4422.0   0.00 
  4424.0   0.01 
  4426.0   0.02 
  4428.0   0.02 
  4430.0   0.02 
  4432.0   0.07 
  4434.0   0.07 
  4436.0   0.04 
  4438.0   0.00 
  4440.0   0.00 
  4442.0   0.00 
  4444.0   0.00 
  4446.0   0.00 
  4448.0   0.00 
