  2636.0  -2.81 
  2639.0  -2.78 
  2642.0  -2.76 
  2645.0  -2.74 
  2648.0  -2.71 
  2651.0  -2.69 
  2654.0  -2.66 
  2657.0  -2.64 
  2660.0  -2.61 
  2663.0  -2.59 
  2666.0  -2.57 
  2669.0  -2.54 
  2672.0  -2.52 
  2675.0  -2.49 
  2678.0  -2.47 
  2681.0  -2.44 
  2684.0  -2.42 
  2687.0  -2.40 
  2690.0  -2.37 
  2693.0  -2.35 
  2696.0  -2.32 
  2699.0  -2.30 
  2702.0  -2.27 
  2705.0  -2.25 
  2708.0  -2.23 
  2711.0  -2.20 
  2714.0  -2.18 
  2717.0  -2.15 
  2720.0  -2.13 
  2723.0  -2.11 
  2726.0  -2.08 
  2729.0  -2.06 
  2732.0  -2.03 
  2735.0  -2.01 
  2738.0  -1.98 
  2741.0  -1.96 
  2744.0  -1.94 
  2747.0  -1.91 
  2750.0  -1.89 
  2753.0  -1.86 
  2756.0  -1.84 
  2759.0  -1.81 
  2762.0  -1.79 
  2765.0  -1.77 
  2768.0  -1.74 
  2771.0  -1.72 
  2774.0  -1.69 
  2777.0  -1.67 
  2780.0  -1.65 
  2783.0  -1.62 
  2786.0  -1.60 
  2789.0  -1.57 
  2792.0  -1.55 
  2795.0  -1.52 
  2798.0  -1.50 
  2801.0  -1.48 
  2804.0  -1.45 
  2807.0  -1.43 
  2810.0  -1.40 
  2813.0  -1.38 
  2816.0  -1.35 
  2819.0  -1.33 
  2822.0  -1.31 
  2825.0  -1.28 
  2828.0  -1.26 
  2831.0  -1.23 
  2834.0  -1.21 
  2837.0  -1.19 
  2840.0  -1.16 
  2843.0  -1.14 
  2846.0  -1.11 
  2849.0  -1.09 
  2852.0  -1.06 
  2855.0  -1.04 
  2858.0  -1.02 
  2861.0  -0.99 
  2864.0  -0.97 
  2867.0  -0.94 
  2870.0  -0.92 
  2873.0  -0.89 
  2876.0  -0.87 
  2879.0  -0.85 
  2882.0  -0.82 
  2885.0  -0.80 
  2888.0  -0.77 
  2891.0  -0.75 
  2894.0  -0.73 
  2897.0  -0.70 
  2900.0  -0.68 
  2903.0  -0.65 
  2906.0  -0.63 
  2909.0  -0.60 
  2912.0  -0.58 
  2915.0  -0.56 
  2918.0  -0.53 
  2921.0  -0.51 
  2924.0  -0.48 
  2927.0  -0.46 
  2930.0  -0.44 
  2933.0  -0.41 
  2936.0  -0.39 
  2939.0  -0.36 
  2942.0  -0.34 
  2945.0  -0.31 
  2948.0  -0.29 
  2951.0  -0.27 
  2954.0  -0.24 
  2957.0  -0.22 
  2960.0  -0.19 
  2963.0  -0.17 
  2966.0  -0.14 
  2969.0  -0.12 
  2972.0  -0.10 
  2975.0  -0.07 
  2978.0  -0.05 
  2981.0  -0.02 
  2984.0   0.00 
  2987.0   0.02 
  2990.0   0.05 
  2993.0   0.07 
  2996.0   0.10 
  2999.0   0.12 
  3002.0   0.14 
  3005.0   0.17 
  3008.0   0.19 
  3011.0   0.22 
  3014.0   0.24 
  3017.0   0.27 
  3020.0   0.29 
  3023.0   0.31 
  3026.0   0.34 
  3029.0   0.36 
  3032.0   0.38 
  3035.0   0.38 
  3038.0   0.36 
  3041.0   0.35 
  3044.0   0.41 
  3047.0   0.47 
  3050.0   0.57 
  3053.0   0.66 
  3056.0   0.72 
  3059.0   0.79 
  3062.0   0.81 
  3065.0   0.87 
  3068.0   0.99 
  3071.0   1.08 
  3074.0   1.13 
  3077.0   1.25 
  3080.0   1.35 
  3083.0   1.53 
  3086.0   1.69 
  3089.0   1.87 
  3092.0   2.03 
  3095.0   2.20 
  3098.0   2.41 
  3101.0   2.61 
  3104.0   2.86 
  3107.0   3.09 
  3110.0   3.38 
  3113.0   3.65 
  3116.0   3.94 
  3119.0   4.28 
  3122.0   4.60 
  3125.0   4.95 
  3128.0   5.29 
  3131.0   5.67 
  3134.0   6.06 
  3137.0   6.46 
  3140.0   6.89 
  3143.0   7.36 
  3146.0   7.81 
  3149.0   8.24 
  3152.0   8.75 
  3155.0   9.25 
  3158.0   9.76 
  3161.0  10.30 
  3164.0  10.84 
  3167.0  11.41 
  3170.0  11.91 
  3173.0  12.48 
  3176.0  13.11 
  3179.0  13.76 
  3182.0  14.40 
  3185.0  15.04 
  3188.0  15.62 
  3191.0  16.28 
  3194.0  16.98 
  3197.0  17.71 
  3200.0  18.44 
  3203.0  19.08 
  3206.0  19.74 
  3209.0  20.40 
  3212.0  21.12 
  3215.0  21.79 
  3218.0  22.51 
  3221.0  23.22 
  3224.0  23.94 
  3227.0  24.65 
  3230.0  25.40 
  3233.0  26.05 
  3236.0  26.73 
  3239.0  27.45 
  3242.0  28.17 
  3245.0  28.94 
  3248.0  29.62 
  3251.0  30.31 
  3254.0  30.97 
  3257.0  31.68 
  3260.0  32.39 
  3263.0  33.04 
  3266.0  33.68 
  3269.0  34.34 
  3272.0  35.00 
  3275.0  35.67 
  3278.0  36.35 
  3281.0  37.05 
  3284.0  37.74 
  3287.0  38.43 
  3290.0  39.10 
  3293.0  39.68 
  3296.0  40.26 
  3299.0  40.83 
  3302.0  41.42 
  3305.0  42.02 
  3308.0  42.69 
  3311.0  43.19 
  3314.0  43.71 
  3317.0  44.22 
  3320.0  44.80 
  3323.0  45.46 
  3326.0  46.07 
  3329.0  46.64 
  3332.0  47.21 
  3335.0  47.77 
  3338.0  48.25 
  3341.0  48.77 
  3344.0  49.29 
  3347.0  49.86 
  3350.0  50.32 
  3353.0  50.80 
  3356.0  51.25 
  3359.0  51.67 
  3362.0  52.10 
  3365.0  52.58 
  3368.0  53.01 
  3371.0  53.50 
  3374.0  53.98 
  3377.0  54.45 
  3380.0  54.83 
  3383.0  55.23 
  3386.0  55.59 
  3389.0  56.04 
  3392.0  56.48 
  3395.0  56.87 
  3398.0  57.18 
  3401.0  57.47 
  3404.0  57.78 
  3407.0  58.18 
  3410.0  58.57 
  3413.0  58.94 
  3416.0  59.29 
  3419.0  59.65 
  3422.0  59.97 
  3425.0  60.32 
  3428.0  60.68 
  3431.0  61.05 
  3434.0  61.38 
  3437.0  61.68 
  3440.0  62.01 
  3443.0  62.34 
  3446.0  62.70 
  3449.0  63.01 
  3452.0  63.21 
  3455.0  63.50 
  3458.0  63.71 
  3461.0  63.95 
  3464.0  64.21 
  3467.0  64.50 
  3470.0  64.75 
  3473.0  65.05 
  3476.0  65.34 
  3479.0  65.57 
  3482.0  65.75 
  3485.0  66.04 
  3488.0  66.30 
  3491.0  66.54 
  3494.0  66.83 
  3497.0  67.04 
  3500.0  67.28 
  3503.0  67.48 
  3506.0  67.63 
  3509.0  67.78 
  3512.0  68.00 
  3515.0  68.20 
  3518.0  68.38 
  3521.0  68.55 
  3524.0  68.76 
  3527.0  68.95 
  3530.0  69.17 
  3533.0  69.31 
  3536.0  69.39 
  3539.0  69.52 
  3542.0  69.63 
  3545.0  69.74 
  3548.0  69.92 
  3551.0  70.10 
  3554.0  70.24 
  3557.0  70.43 
  3560.0  70.69 
  3563.0  70.80 
  3566.0  70.89 
  3569.0  70.91 
  3572.0  70.94 
  3575.0  71.10 
  3578.0  71.18 
  3581.0  71.27 
  3584.0  71.34 
  3587.0  71.45 
  3590.0  71.50 
  3593.0  71.62 
  3596.0  71.68 
  3599.0  71.80 
  3602.0  71.86 
  3605.0  71.91 
  3608.0  71.97 
  3611.0  72.00 
  3614.0  72.08 
  3617.0  72.09 
  3620.0  72.14 
  3623.0  72.17 
  3626.0  72.17 
  3629.0  72.21 
  3632.0  72.26 
  3635.0  72.34 
  3638.0  72.36 
  3641.0  72.45 
  3644.0  72.47 
  3647.0  72.42 
  3650.0  72.36 
  3653.0  72.31 
  3656.0  72.27 
  3659.0  72.25 
  3662.0  72.24 
  3665.0  72.17 
  3668.0  72.15 
  3671.0  72.06 
  3674.0  71.99 
  3677.0  71.94 
  3680.0  71.94 
  3683.0  71.92 
  3686.0  71.83 
  3689.0  71.72 
  3692.0  71.60 
  3695.0  71.49 
  3698.0  71.36 
  3701.0  71.23 
  3704.0  71.07 
  3707.0  70.90 
  3710.0  70.75 
  3713.0  70.63 
  3716.0  70.52 
  3719.0  70.33 
  3722.0  70.11 
  3725.0  69.88 
  3728.0  69.65 
  3731.0  69.50 
  3734.0  69.32 
  3737.0  69.16 
  3740.0  68.92 
  3743.0  68.62 
  3746.0  68.34 
  3749.0  68.01 
  3752.0  67.72 
  3755.0  67.39 
  3758.0  67.13 
  3761.0  66.84 
  3764.0  66.55 
  3767.0  66.20 
  3770.0  65.76 
  3773.0  65.40 
  3776.0  65.01 
  3779.0  64.63 
  3782.0  64.22 
  3785.0  63.77 
  3788.0  63.32 
  3791.0  62.89 
  3794.0  62.36 
  3797.0  61.85 
  3800.0  61.43 
  3803.0  60.97 
  3806.0  60.46 
  3809.0  59.91 
  3812.0  59.36 
  3815.0  58.76 
  3818.0  58.16 
  3821.0  57.53 
  3824.0  56.88 
  3827.0  56.30 
  3830.0  55.69 
  3833.0  55.06 
  3836.0  54.39 
  3839.0  53.68 
  3842.0  52.95 
  3845.0  52.25 
  3848.0  51.44 
  3851.0  50.72 
  3854.0  49.96 
  3857.0  49.18 
  3860.0  48.39 
  3863.0  47.60 
  3866.0  46.81 
  3869.0  45.94 
  3872.0  45.08 
  3875.0  44.22 
  3878.0  43.35 
  3881.0  42.51 
  3884.0  41.64 
  3887.0  40.74 
  3890.0  39.79 
  3893.0  38.91 
  3896.0  38.02 
  3899.0  37.22 
  3902.0  36.35 
  3905.0  35.47 
  3908.0  34.50 
  3911.0  33.51 
  3914.0  32.58 
  3917.0  31.66 
  3920.0  30.71 
  3923.0  29.81 
  3926.0  28.84 
  3929.0  27.93 
  3932.0  27.01 
  3935.0  26.16 
  3938.0  25.32 
  3941.0  24.49 
  3944.0  23.69 
  3947.0  22.81 
  3950.0  21.93 
  3953.0  21.12 
  3956.0  20.34 
  3959.0  19.54 
  3962.0  18.73 
  3965.0  17.92 
  3968.0  17.19 
  3971.0  16.44 
  3974.0  15.66 
  3977.0  14.90 
  3980.0  14.22 
  3983.0  13.51 
  3986.0  12.88 
  3989.0  12.27 
  3992.0  11.66 
  3995.0  11.11 
  3998.0  10.54 
  4001.0  10.03 
  4004.0   9.53 
  4007.0   9.05 
  4010.0   8.57 
  4013.0   8.07 
  4016.0   7.62 
  4019.0   7.21 
  4022.0   6.79 
  4025.0   6.48 
  4028.0   6.02 
  4031.0   5.65 
  4034.0   5.26 
  4037.0   4.88 
  4040.0   4.61 
  4043.0   4.35 
  4046.0   4.06 
  4049.0   3.77 
  4052.0   3.45 
  4055.0   3.20 
  4058.0   3.05 
  4061.0   2.84 
  4064.0   2.68 
  4067.0   2.51 
  4070.0   2.32 
  4073.0   2.16 
  4076.0   2.02 
  4079.0   1.87 
  4082.0   1.68 
  4085.0   1.55 
  4088.0   1.50 
  4091.0   1.41 
  4094.0   1.33 
  4097.0   1.23 
  4100.0   1.07 
  4103.0   0.98 
  4106.0   0.88 
  4109.0   0.82 
  4112.0   0.79 
  4115.0   0.68 
  4118.0   0.63 
  4121.0   0.62 
  4124.0   0.60 
  4127.0   0.52 
  4130.0   0.47 
  4133.0   0.47 
  4136.0   0.46 
  4139.0   0.41 
  4142.0   0.38 
  4145.0   0.40 
  4148.0   0.39 
  4151.0   0.31 
  4154.0   0.32 
  4157.0   0.33 
  4160.0   0.25 
  4163.0   0.25 
  4166.0   0.25 
  4169.0   0.21 
  4172.0   0.20 
  4175.0   0.20 
  4178.0   0.20 
  4181.0   0.20 
  4184.0   0.20 
  4187.0   0.23 
  4190.0   0.17 
  4193.0   0.20 
  4196.0   0.20 
  4199.0   0.21 
  4202.0   0.18 
  4205.0   0.17 
  4208.0   0.17 
  4211.0   0.14 
  4214.0   0.11 
  4217.0   0.10 
  4220.0   0.12 
  4223.0   0.04 
  4226.0   0.05 
  4229.0   0.10 
  4232.0   0.10 
  4235.0   0.15 
  4238.0   0.15 
  4241.0   0.14 
  4244.0   0.12 
  4247.0   0.10 
  4250.0   0.15 
  4253.0   0.14 
  4256.0   0.10 
  4259.0   0.11 
  4262.0   0.13 
  4265.0   0.05 
  4268.0   0.05 
  4271.0   0.02 
  4274.0   0.02 
  4277.0   0.07 
  4280.0   0.12 
  4283.0   0.12 
  4286.0   0.10 
  4289.0   0.08 
  4292.0   0.07 
  4295.0   0.05 
  4298.0   0.05 
  4301.0   0.06 
  4304.0   0.04 
  4307.0   0.03 
  4310.0   0.03 
  4313.0   0.00 
  4316.0   0.02 
  4319.0   0.05 
  4322.0   0.05 
  4325.0   0.05 
  4328.0   0.08 
  4331.0   0.09 
  4334.0   0.08 
  4337.0   0.08 
  4340.0   0.08 
  4343.0   0.03 
  4346.0   0.05 
  4349.0   0.05 
  4352.0   0.02 
  4355.0   0.00 
  4358.0   0.00 
  4361.0   0.00 
  4364.0   0.00 
  4367.0   0.00 
  4370.0   0.05 
  4373.0   0.04 
  4376.0   0.00 
  4379.0   0.00 
  4382.0   0.03 
  4385.0   0.03 
  4388.0   0.03 
  4391.0   0.03 
  4394.0   0.07 
  4397.0   0.09 
  4400.0   0.10 
  4403.0   0.15 
  4406.0   0.13 
  4409.0   0.10 
  4412.0   0.04 
  4415.0   0.03 
  4418.0   0.04 
  4421.0   0.05 
  4424.0   0.05 
  4427.0   0.05 
  4430.0   0.03 
  4433.0   0.03 
  4436.0   0.05 
  4439.0   0.05 
  4442.0   0.05 
  4445.0   0.07 
  4448.0   0.07 
  4451.0   0.06 
  4454.0   0.04 
  4457.0   0.03 
  4460.0   0.03 
  4463.0   0.04 
  4466.0   0.07 
  4469.0   0.05 
  4472.0   0.05 
  4475.0   0.00 
  4478.0   0.01 
  4481.0   0.05 
  4484.0   0.03 
  4487.0   0.02 
  4490.0   0.00 
  4493.0   0.01 
  4496.0   0.03 
  4499.0   0.08 
  4502.0   0.08 
  4505.0   0.05 
  4508.0   0.05 
  4511.0   0.05 
  4514.0   0.03 
  4517.0   0.05 
  4520.0   0.05 
  4523.0   0.08 
  4526.0   0.10 
  4529.0   0.06 
  4532.0   0.03 
  4535.0   0.05 
  4538.0   0.09 
  4541.0   0.09 
  4544.0   0.08 
  4547.0   0.05 
  4550.0   0.05 
  4553.0   0.00 
  4556.0   0.00 
  4559.0   0.00 
  4562.0   0.03 
  4565.0   0.03 
  4568.0   0.02 
  4571.0   0.02 
  4574.0   0.02 
  4577.0   0.02 
  4580.0   0.02 
  4583.0   0.02 
  4586.0   0.03 
  4589.0   0.09 
  4592.0   0.10 
  4595.0   0.10 
  4598.0   0.06 
  4601.0   0.00 
  4604.0   0.00 
  4607.0   0.00 
  4610.0   0.05 
  4613.0   0.07 
  4616.0   0.06 
  4619.0   0.05 
  4622.0   0.03 
  4625.0   0.03 
  4628.0   0.08 
  4631.0   0.08 
  4634.0   0.05 
  4637.0   0.08 
  4640.0   0.03 
  4643.0   0.02 
  4646.0   0.00 
  4649.0   0.00 
  4652.0   0.00 
  4655.0   0.00 
  4658.0   0.00 
  4661.0   0.00 
  4664.0   0.00 
  4667.0   0.01 
  4670.0   0.07 
  4673.0   0.05 
  4676.0   0.05 
  4679.0   0.05 
  4682.0   0.05 
  4685.0   0.05 
  4688.0   0.03 
  4691.0   0.03 
  4694.0   0.00 
  4697.0   0.00 
  4700.0   0.00 
  4703.0   0.00 
  4706.0   0.02 
  4709.0   0.02 
  4712.0   0.05 
  4715.0   0.05 
  4718.0   0.04 
  4721.0   0.00 
  4724.0   0.00 
  4727.0   0.00 
  4730.0   0.00 
  4733.0   0.00 
  4736.0   0.00 
  4739.0   0.00 
  4742.0   0.00 
  4745.0   0.00 
  4748.0   0.00 
  4751.0   0.01 
  4754.0   0.02 
  4757.0   0.02 
  4760.0   0.00 
  4763.0   0.00 
  4766.0   0.00 
  4769.0   0.00 
  4772.0   0.00 
  4775.0   0.00 
  4778.0   0.00 
  4781.0   0.04 
  4784.0   0.01 
  4787.0   0.00 
  4790.0   0.00 
  4793.0   0.00 
  4796.0   0.00 
  4799.0   0.00 
  4802.0   0.00 
  4805.0   0.00 
  4808.0   0.00 
  4811.0   0.00 
  4814.0   0.00 
  4817.0   0.00 
  4820.0   0.00 
  4823.0   0.00 
  4826.0   0.00 
  4829.0   0.00 
  4832.0   0.00 
  4835.0   0.00 
  4838.0   0.00 
  4841.0   0.00 
  4844.0   0.00 
  4847.0   0.00 
  4850.0   0.00 
  4853.0   0.00 
  4856.0   0.00 
  4859.0   0.00 
  4862.0   0.00 
  4865.0   0.00 
  4868.0   0.00 
  4871.0   0.00 
  4874.0   0.00 
  4877.0   0.00 
  4880.0   0.00 
  4883.0   0.00 
  4886.0   0.00 
  4889.0   0.00 
  4892.0   0.00 
  4895.0   0.00 
  4898.0   0.00 
  4901.0   0.00 
  4904.0   0.00 
  4907.0   0.00 
  4910.0   0.00 
  4913.0   0.00 
  4916.0   0.00 
  4919.0   0.00 
  4922.0   0.00 
  4925.0   0.00 
  4928.0   0.00 
  4931.0   0.00 
  4934.0   0.00 
  4937.0   0.00 
  4940.0   0.00 
  4943.0   0.00 
  4946.0   0.00 
  4949.0   0.00 
  4952.0   0.00 
  4955.0   0.00 
  4958.0   0.00 
  4961.0   0.00 
  4964.0   0.00 
  4967.0   0.00 
  4970.0   0.00 
  4973.0   0.00 
  4976.0   0.00 
  4979.0   0.00 
  4982.0   0.00 
  4985.0   0.00 
  4988.0   0.00 
  4991.0   0.00 
  4994.0   0.00 
  4997.0   0.00 
