\ from http://www.cfht.hawaii.edu/ObsInfo/Standards/Landolt/
\
\ Landolt Equatorial Standards  
\
\ BVRI photometry of standard stars near the celestial equator is
\  tabulated below. This work was completed by A. U. Landolt (1992 AJ
\  104 340.)
\
\ Coordinates are hms d'" J2000
\ 
\ Last Updated on 6/1/99 
\ By Dr. Dennis Crabtree
\  
|       Star|      ra|      dec|     V|   BmV|   UmB|   VmR|   RmI|   VmI|  n|  m|    eV|  eBmV|  eUmB|  eVmR|  eRmI|  eVmI|
|       char|    char|     char|double|double|double|double|double|double|int|int|double|double|double|double|double|double|
      TPHE A 00 30 09 -46 31 22  14.65  0.793   0.38  0.435  0.405  0.841  29  12 0.0028 0.0046 0.0071 0.0019 0.0035 0.0032 
      TPHE B 00 30 16 -46 27 55  12.33  0.405  0.156  0.262  0.271  0.535  29  17 0.0115 0.0026 0.0039  0.002 0.0019 0.0035 
      TPHE C 00 30 17 -46 32 34  14.38 -0.298 -1.217 -0.148 -0.211  -0.36  39  23 0.0022 0.0024 0.0043 0.0038 0.0133 0.0149 
      TPHE D 00 30 18 -46 31 11  13.12  1.551  1.871  0.849   0.81  1.663  37  23 0.0033  0.003 0.0118 0.0015 0.0023  0.003 
      TPHE E 00 30 19 -46 24 36  11.63  0.443 -0.103  0.276  0.283  0.564  34   8 0.0017 0.0012 0.0024 0.0007 0.0015 0.0019 
      TPHE F 00 30 50 -46 33 33  12.47  0.855  0.532  0.492  0.435  0.926   5   3 0.0005 0.0058 0.0161 0.0005  0.004 0.0036 
      TPHE G 00 31 05 -46 22 43  10.44  1.546  1.915  0.934  1.085  2.025   5   3 0.0005 0.0013 0.0036 0.0005 0.0009 0.0009 
  PG0029+024 00 31 50 +02 38 26  15.27  0.362 -0.184  0.251  0.337  0.593   5   2 0.0094 0.0174 0.0112 0.0161 0.0125 0.0067 
  PG0039+049 00 42 05 +05 09 44  12.88 -0.019 -0.871  0.067  0.097  0.164   4   3  0.002  0.003 0.0055 0.0035 0.0055 0.0045 
      92 309 00 53 14 +00 46 06  13.84  0.513 -0.024  0.326  0.325  0.652   2   1 0.0035 0.0057 0.0028 0.0014 0.0035 0.0014 
      92 235 00 53 16 +00 36 22   10.6  1.638  1.984  0.894  0.911  1.806   5   2 0.0058 0.0045 0.0098 0.0031 0.0045 0.0067 
      92 322 00 53 47 +00 47 41  12.68  0.528 -0.002  0.302  0.305  0.608   2   1 0.0007  0.005 0.0028 0.0014 0.0007 0.0007 
      92 245 00 54 16 +00 39 56  13.82  1.418  1.189  0.929  0.907  1.836  21   8 0.0028 0.0079 0.0301 0.0024 0.0024 0.0028 
      92 248 00 54 31 +00 40 20  15.35  1.128  1.289   0.69  0.553  1.245   4   2 0.0255  0.016 0.0955 0.0215 0.0145 0.0175 
      92 249 00 54 34 +00 41 10  14.33  0.699   0.24  0.399   0.37   0.77  17   8 0.0049 0.0085 0.0114 0.0046 0.0066 0.0073 
      92 250 00 54 37 +00 39 01  13.18  0.814   0.48  0.446  0.394   0.84  20   9 0.0022 0.0034 0.0074 0.0022 0.0022 0.0029 
      92 330 00 54 44 +00 43 31  15.07  0.568 -0.115  0.331  0.334  0.666   2   1 0.0141 0.0297 0.0163 0.0304    0.0 0.0304 
      92 252 00 54 48 +00 39 28  14.93  0.517  -0.14  0.326  0.332  0.666  41  18 0.0033 0.0055 0.0082 0.0048 0.0072 0.0068 
      92 253 00 54 52 +00 40 24  14.09  1.131  0.955  0.719  0.616  1.337  39  17 0.0032 0.0062 0.0221 0.0027 0.0043  0.005 
      92 335 00 55 00 +00 44 18  12.52  0.672  0.208   0.38  0.338  0.719   2   1 0.0007 0.0028  0.005    0.0 0.0014 0.0014 
      92 339 00 55 03 +00 44 16  15.58  0.449 -0.177  0.306  0.339  0.645  19   8 0.0087 0.0117 0.0126 0.0117 0.0197 0.0177 
      92 342 00 55 10 +00 43 19  11.61  0.436 -0.042  0.266   0.27  0.538  48  34 0.0013 0.0012 0.0023 0.0013 0.0009 0.0016 
      92 188 00 55 10 +00 23 17  14.75   1.05  0.751  0.679  0.573  1.254  14   6 0.0096 0.0187 0.0551 0.0051 0.0043 0.0088 
      92 409 00 55 14 +00 56 12  10.63  1.138  1.136  0.734  0.625  1.361   5   3 0.0031 0.0027 0.0085 0.0022 0.0027 0.0018 
      92 410 00 55 15 +01 01 54  14.98  0.398 -0.134  0.239  0.242  0.484  27  13 0.0058 0.0064 0.0083 0.0052 0.0102 0.0117 
      92 412 00 55 16 +01 01 58  15.04  0.457 -0.152  0.285  0.304  0.589  27  13 0.0054 0.0077 0.0133 0.0069 0.0094 0.0106 
      92 259 00 55 22 +00 40 34   15.0  0.642  0.108   0.37  0.452  0.821   3   1 0.0116 0.0219 0.0214 0.0191 0.0202  0.015 
      92 345 00 55 24 +00 51 11  15.22  0.745  0.121  0.465  0.476  0.941   2   1 0.0007 0.0014 0.0339 0.0057 0.0113 0.0057 
      92 347 00 55 26 +00 50 53  15.75  0.543 -0.097  0.339  0.318  0.658   4   2 0.0255  0.028 0.0355 0.0295 0.0755 0.0995 
      92 260 00 55 29 +00 37 12  15.07  1.162  1.115  0.719  0.608  1.328   9   4  0.009 0.0093 0.0477  0.007 0.0057  0.008 
      92 348 00 55 30 +00 44 39  12.11  0.598  0.056  0.345  0.341  0.688   4   2  0.001 0.0015 0.0035 0.0015 0.0005  0.002 
      92 417 00 55 32 +00 53 12  15.92  0.477 -0.185  0.351  0.305  0.657   6   3 0.0127 0.0188 0.0318 0.0151 0.0678 0.0625 
      92 263 00 55 40 +00 36 23  11.78  1.048  0.843  0.563  0.522  1.087  52  35 0.0011 0.0014 0.0033  0.001 0.0011 0.0015 
      92 497 00 55 54 +01 11 46  13.64  0.729  0.257  0.404  0.378  0.783   1   1    0.0    0.0    0.0    0.0    0.0    0.0 
      92 498 00 55 57 +01 10 44  14.41   1.01  0.794  0.648  0.531  1.181   1   1    0.0    0.0    0.0    0.0    0.0    0.0 
      92 500 00 55 58 +01 10 29  15.84  1.003  0.211  0.738  0.599  1.338   1   1    0.0    0.0    0.0    0.0    0.0    0.0 
      92 425 00 55 59 +00 53 03  13.94  1.191  1.173  0.755  0.627  1.384  36  19 0.0038 0.0067 0.0115 0.0023 0.0027 0.0038 
      92 501 00 56 00 +01 10 57  12.96   0.61  0.068  0.345  0.331  0.677   1   1    0.0    0.0    0.0    0.0    0.0    0.0 
      92 426 00 56 00 +00 52 58  14.47  0.729  0.184  0.412  0.396  0.809   8   4 0.0099 0.0131 0.0293 0.0078 0.0124  0.012 
      92 355 00 56 06 +00 50 52  14.97  1.164  1.201  0.759  0.645  1.406  15   7 0.0088 0.0124 0.0465  0.007 0.0052  0.009 
      92 427 00 56 07 +01 00 23  14.95  0.809  0.352  0.462  2.922  3.275   2   1 0.0021 0.0085 0.0233 0.0014 0.0113 0.0092 
      92 502 00 56 08 +01 04 29  11.81  0.486 -0.095  0.284  0.292  0.576   1   1    0.0    0.0    0.0    0.0    0.0    0.0 
      92 430 00 56 16 +00 53 21  14.44  0.567  -0.04  0.338  0.338  0.676  35  18 0.0041 0.0052 0.0081 0.0029 0.0049 0.0051 
      92 276 00 56 27 +00 41 57  12.04  0.629  0.067  0.368  0.357  0.726  21  11 0.0039 0.0022 0.0039 0.0031 0.0031 0.0052 
      92 282 00 56 47 +00 38 34  12.97  0.318 -0.038  0.201  0.221  0.422  27  15 0.0031 0.0023 0.0044 0.0017 0.0023 0.0033 
      92 508 00 56 51 +01 09 40  11.68  0.529 -0.047  0.318   0.32  0.639   3   2 0.0035 0.0046 0.0029 0.0058 0.0029 0.0029 
      92 507 00 56 51 +01 06 03  11.33  0.932  0.688  0.507  0.461  0.969   3   2 0.0006 0.0046 0.0006 0.0012 0.0006 0.0012 
      92 364 00 56 53 +00 44 07  11.67  0.607 -0.037  0.356  0.357  0.714   4   2 0.0015 0.0015 0.0085 0.0045  0.001 0.0055 
      92 433 00 56 54 +01 00 47  11.67  0.655   0.11  0.367  0.348  0.716   3   2 0.0006 0.0035 0.0116 0.0029 0.0017 0.0023 
      92 288 00 57 17 +00 36 52  11.63  0.855  0.472  0.489  0.441  0.931  48  33 0.0014 0.0014 0.0022 0.0012 0.0009 0.0013 
        F 11 01 04 22 +04 13 37  12.07  -0.24 -0.978  -0.12 -0.142 -0.261  63  47 0.0009 0.0011 0.0024 0.0011 0.0016 0.0021 
        F 16 01 54 08 -06 42 54  12.41 -0.012  0.009 -0.003  0.002 -0.001  45  32 0.0013 0.0013 0.0027 0.0015 0.0018 0.0021 
      93 407 01 54 37 +00 53 59  11.97  0.852  0.564  0.487  0.421  0.908   5   3 0.0027 0.0031 0.0134 0.0031 0.0036 0.0027 
      93 317 01 54 38 +00 43 11  11.55  0.488 -0.055  0.293  0.298  0.592  37  28 0.0007 0.0008 0.0018 0.0007 0.0008 0.0008 
      93 333 01 55 05 +00 45 54  12.01  0.832  0.436  0.469  0.422  0.892  38  28 0.0015 0.0018 0.0026  0.001 0.0011 0.0016 
      93 424 01 55 26 +00 56 54  11.62  1.083  0.943  0.554  0.502  1.058  40  29  0.001 0.0014 0.0041 0.0008 0.0008 0.0008 
       G3 33 02 00 09 +13 04 04   12.3  1.804  1.316  1.355  1.751  3.099  11   5  0.003 0.0097 0.0145 0.0039 0.0045 0.0048 
 PG0220+132B 02 23 34 +13 28 11  14.22  0.937  0.319  0.562  0.496  1.058   3   2 0.0081 0.0375 0.0583 0.0058 0.0127 0.0069 
  PG0220+132 02 23 38 +13 27 42  14.76 -0.132 -0.922  -0.05  -0.12  -0.17   5   3 0.0063 0.0112 0.0103 0.0098  0.017 0.0264 
 PG0220+132A 02 23 39 +13 27 37  15.77  0.783 -0.339  0.514  0.481  0.995   3   2  0.015 0.0699 0.0537  0.011 0.0589 0.0479 
        F 22 02 30 17 +05 15 51   12.8 -0.054 -0.806 -0.103 -0.105 -0.207  60  50 0.0014 0.0017  0.003 0.0012 0.0028 0.0035 
 PG0231+051E 02 33 28 +05 19 48   13.8  0.677  0.201   0.39  0.369  0.757   3   2 0.0046  0.004 0.0075 0.0035 0.0017 0.0023 
 PG0231+051D 02 33 33 +05 19 32  14.03  1.088  1.046  0.675  0.586  1.256   3   2 0.0029 0.0075 0.0312 0.0081 0.0064  0.011 
 PG0231+051A 02 33 40 +05 17 41  12.77   0.71   0.27  0.405  0.394  0.799   7   4 0.0008 0.0015  0.003 0.0011  0.003  0.003 
 PG0231+051C 02 33 41 +05 20 22   13.7  0.671  0.114  0.399  0.385  0.783   2   1 0.0014 0.0078 0.0149 0.0028 0.0064 0.0085 
  PG0231+051 02 33 41 +05 18 43  16.11 -0.329 -1.192 -0.162 -0.371 -0.534   7   4 0.0068 0.0083 0.0045 0.0276 0.1066 0.1221 
 PG0231+051B 02 33 45 +05 17 33  14.74  1.448  1.342  0.954  0.998  1.951   7   4  0.003 0.0072 0.0178 0.0034 0.0027 0.0057 
        F 24 02 35 08 +03 43 57  12.41 -0.203 -1.169   0.09  0.364  0.451  76  65 0.0016 0.0012  0.003 0.0015 0.0015 0.0021 
      94 171 02 53 38 +00 17 34  12.66  0.817  0.304   0.48  0.483  0.964  18   9 0.0028 0.0035 0.0045 0.0035 0.0019 0.0038 
      94 296 02 55 20 +00 28 29  12.26   0.75  0.235  0.415  0.387  0.803   2   1 0.0021 0.0014 0.0014 0.0021 0.0021    0.0 
      94 394 02 56 14 +00 35 25  12.27  0.545 -0.047  0.344   0.33  0.676   2   1 0.0028 0.0014 0.0014 0.0007 0.0014 0.0007 
      94 401 02 56 31 +00 40 21  14.29  0.638  0.098  0.389  0.369  0.759   2   1 0.0014 0.0028  0.012 0.0064 0.0035 0.0099 
      94 242 02 57 21 +00 18 54  11.73  0.301  0.107  0.178  0.184  0.362  60  53 0.0012  0.001 0.0022 0.0013  0.001 0.0017 
      94 251 02 57 46 +00 16 18   11.2  1.219  1.281  0.659  0.587  1.247  52  45  0.001 0.0011 0.0033 0.0008 0.0007 0.0011 
      94 702 02 58 13 +01 11 09  11.59  1.418  1.621  0.756  0.673   1.43  64  56  0.001 0.0014 0.0046 0.0009 0.0009 0.0011 
       GD 50 03 48 50 -00 58 33  14.06 -0.276 -1.191 -0.145  -0.18 -0.325  43  24 0.0032 0.0037 0.0056 0.0043 0.0076 0.0098 
       95 15 03 52 40 -00 05 03   11.3  0.712  0.157  0.424  0.385  0.809   2   1 0.0007 0.0007 0.0035 0.0014 0.0014 0.0028 
      95 301 03 52 41 +00 31 37  11.22   1.29  1.296  0.692   0.62  1.311  47  40 0.0015 0.0015 0.0048 0.0009 0.0007 0.0013 
       95 16 03 52 41 -00 04 47  14.31  1.306  1.322  0.796  0.676  1.472   4   2  0.012  0.016  0.031 0.0135  0.006  0.009 
      95 302 03 52 42 +00 31 37  11.69  0.825  0.447  0.471   0.42  0.891  29  20  0.002 0.0015 0.0056 0.0013 0.0011 0.0017 
       95 96 03 52 54 +00 00 37  10.01  0.147  0.072  0.079  0.095  0.174  70  55 0.0016 0.0012 0.0032  0.001 0.0011 0.0014 
       95 97 03 52 57 -00 00 01  14.82  0.906   0.38  0.522  0.546  1.068   2   1 0.0007 0.0226 0.0212 0.0028 0.0191 0.0212 
       95 98 03 53 00 +00 03 11  14.45  1.181  1.092  0.723   0.62  1.342   2   1 0.0007 0.0014 0.0177 0.0092 0.0071 0.0163 
      95 100 03 53 01 +00 00 31  15.63  0.791  0.051  0.538  0.421  0.961   3   1 0.0283 0.0785 0.1132 0.0144 0.0572 0.0439 
      95 101 03 53 04 +00 03 12  12.68  0.778  0.263  0.436  0.426  0.863   2   1 0.0028 0.0028 0.0099 0.0064 0.0064  0.012 
      95 102 03 53 07 +00 01 28  15.62  1.001  0.162  0.448  0.618  1.065   3   1 0.0335 0.0803 0.0612 0.0116 0.0508 0.0618 
      95 252 03 53 11 +00 27 37  15.39  1.452  1.178  0.816  0.747  1.566   6   3 0.0065 0.0257 0.0433  0.009 0.0086 0.0131 
      95 190 03 53 13 +00 16 39  12.63  0.287  0.236  0.195   0.22  0.415  44  22  0.002 0.0017 0.0039 0.0017 0.0015 0.0021 
      95 193 03 53 20 +00 16 50  14.34  1.211  1.239  0.748  0.616  1.366  20  10 0.0049 0.0063 0.0255 0.0043 0.0034 0.0058 
      95 105 03 53 21 -00 00 01  13.57  0.976  0.627   0.55  0.536  1.088   1   1    0.0    0.0    0.0    0.0    0.0    0.0 
      95 107 03 53 25 +00 02 36  16.28  1.324  1.115  0.947  0.962  1.907   2   1 0.0035 0.1068 0.1732 0.0438 0.0226 0.0212 
      95 106 03 53 25 +00 01 40  15.14  1.251  0.369  0.394  0.508  0.903   2   1 0.0064 0.0615  0.024  0.152 0.0127 0.1407 
      95 112 03 53 40 -00 00 54   15.5  0.662  0.077  0.605   0.62  1.227   1   1    0.0    0.0    0.0    0.0    0.0    0.0 
       95 41 03 53 41 -00 02 12  14.06  0.903  0.297  0.589  0.585  1.176   1   1    0.0    0.0    0.0    0.0    0.0    0.0 
      95 317 03 53 44 +00 30 06  13.45   1.32   1.12  0.768  0.708  1.476  24  11 0.0035 0.0067 0.0131 0.0033 0.0012 0.0035 
       95 42 03 53 44 -00 04 08  15.61 -0.215 -1.111 -0.119  -0.18   -0.3  41  18 0.0058 0.0073 0.0064 0.0075 0.0269 0.0276 
      95 263 03 53 47 +00 26 57  12.68    1.5  1.559  0.801  0.711  1.513  19  10  0.003 0.0034 0.0094 0.0023 0.0012 0.0028 
      95 115 03 53 48 -00 00 29  14.68  0.836  0.096  0.577  0.579  1.157   1   1    0.0    0.0    0.0    0.0    0.0    0.0 
       95 43 03 53 49 -00 02 42   10.8   0.51 -0.016  0.308  0.316  0.624  16  10 0.0023  0.002 0.0028 0.0028 0.0018 0.0035 
      95 271 03 54 17 +00 19 08  13.67  1.287  0.916  0.734  0.717  1.453  15   7 0.0057  0.008 0.0127 0.0023 0.0023 0.0036 
      95 328 03 54 19 +00 36 47  13.53  1.532  1.298  0.908  0.868  1.776  23  11 0.0029 0.0054 0.0186 0.0027 0.0015 0.0031 
      95 329 03 54 24 +00 37 25  14.62  1.184  1.093  0.766  0.642   1.41  13   6 0.0047 0.0103 0.0311 0.0044 0.0094 0.0089 
      95 330 03 54 31 +00 29 23  12.17  1.999  2.233  1.166    1.1  2.268  47  23 0.0025 0.0026 0.0137  0.002 0.0016 0.0028 
      95 275 03 54 44 +00 27 37  13.48  1.763   1.74  1.011  0.931  1.944  40  20 0.0029 0.0054 0.0201 0.0022 0.0016 0.0025 
      95 276 03 54 46 +00 26 13  14.12  1.225  1.218  0.748  0.646  1.395  14   7 0.0062 0.0102 0.0217  0.004 0.0032 0.0051 
       95 60 03 54 49 -00 06 46  13.43  0.776  0.197  0.464  0.449  0.914  20  10 0.0031 0.0031  0.006 0.0029 0.0025 0.0034 
      95 218 03 54 50 +00 10 26   12.1  0.708  0.208  0.397   0.37  0.767  20  14 0.0034 0.0022 0.0034  0.002  0.002 0.0027 
      95 132 03 54 51 +00 05 40  12.06  0.448    0.3  0.259  0.287  0.545  33  27 0.0023 0.0021 0.0057 0.0016 0.0017 0.0026 
       95 62 03 55 00 -00 02 36  13.54  1.355  1.181  0.742  0.685  1.428  22  11  0.003 0.0053 0.0136 0.0019 0.0019 0.0028 
      95 137 03 55 04 +00 03 51  14.44  1.457  1.136  0.893  0.845  1.737   1   1    0.0    0.0    0.0    0.0    0.0    0.0 
      95 139 03 55 05 +00 03 32   12.2  0.923  0.677  0.562  0.476  1.039   3   2 0.0017 0.0046 0.0191 0.0023 0.0017 0.0035 
       95 66 03 55 07 -00 09 12  12.89  0.715  0.167  0.426  0.438  0.864   2   1 0.0021 0.0071 0.0035 0.0007 0.0057  0.005 
      95 227 03 55 08 +00 14 54  15.78  0.771  0.034  0.515  0.552  1.067  14   7 0.0118 0.0289 0.0417 0.0115 0.0107  0.015 
      95 142 03 55 09 +00 01 39  12.93  0.588  0.097  0.371  0.375  0.745  22  11  0.003  0.003 0.0036 0.0019 0.0017 0.0028 
       95 74 03 55 31 -00 08 54  11.53  1.126  0.686    0.6  0.567  1.165  39  34 0.0016 0.0013 0.0035 0.0013  0.001 0.0013 
      95 231 03 55 39 +00 11 02  14.22  0.452  0.297   0.27   0.29   0.56  26  13 0.0043 0.0045 0.0071 0.0045 0.0053 0.0077 
      95 284 03 55 44 +00 25 27  13.67  1.398  1.073  0.818  0.766  1.586  20   9  0.004 0.0078 0.0239 0.0027 0.0036 0.0049 
      95 149 03 55 44 +00 07 23  10.94  1.593  1.564  0.874  0.811  1.685  17  11 0.0051 0.0039 0.0095 0.0024 0.0017 0.0029 
      95 285 03 55 46 +00 23 59  15.56  0.937  0.703  0.607  0.602   1.21   2   1 0.0071 0.0255 0.0636 0.0071 0.0064 0.0134 
      95 236 03 56 13 +00 09 02  11.49  0.736  0.162   0.42  0.411  0.831  35  31  0.001 0.0014 0.0036 0.0012 0.0009 0.0015 
       96 21 04 51 16 -00 14 30  12.18   0.49 -0.004  0.299  0.297  0.598   2   1 0.0028 0.0007 0.0028 0.0057 0.0014 0.0035 
       96 36 04 51 43 -00 09 51  10.59  0.247  0.118  0.134  0.136  0.271  34  24 0.0014 0.0012 0.0034 0.0009 0.0009 0.0015 
      96 737 04 52 35 +00 22 50  11.72  1.334   1.16  0.733  0.695  1.428  35  26  0.002 0.0019 0.0052  0.001 0.0009 0.0014 
      96 409 04 52 58 +00 09 26  13.78  0.543  0.042   0.34   0.34  0.682   2   1 0.0106 0.0007  0.024 0.0085  0.005 0.0127 
       96 83 04 52 59 -00 14 22  11.72  0.179  0.202  0.093  0.097   0.19  37  26 0.0013  0.001 0.0046  0.001 0.0013 0.0016 
      96 235 04 53 19 -00 04 42  11.14  1.074  0.898  0.559   0.51  1.068  32  22 0.0014 0.0011 0.0028 0.0007 0.0009 0.0009 
      G97 42 05 28 01 +09 39 07  12.44  1.639  1.259  1.171  1.485  2.655  23  11 0.0017 0.0035 0.0186 0.0025 0.0031 0.0033 
     G102 22 05 42 05 +12 30 14  11.51  1.621  1.134  1.211   1.59    2.8  20  10 0.0013 0.0027 0.0074 0.0034 0.0031 0.0043 
       GD 71 05 52 28 +15 33 15  13.03 -0.249 -1.107 -0.137 -0.164 -0.302  86  73 0.0014 0.0013 0.0023 0.0014 0.0021 0.0026 
      97 249 05 57 07 +00 01 34  11.73  0.648    0.1  0.369  0.353  0.723  69  62  0.001 0.0008 0.0014 0.0006 0.0007  0.001 
       97 42 05 57 09 -00 10 50  12.45  1.626  1.208   1.16  1.485  2.641   2   1 0.0057 0.0156 0.0127 0.0071 0.0021 0.0057 
      97 345 05 57 26 +00 20 48  11.61  1.655   1.68  0.928  0.844  1.771  23  14 0.0027  0.004 0.0156 0.0021 0.0015 0.0029 
      97 351 05 57 37 +00 14 05   9.78  0.202  0.096  0.124  0.141  0.264 102  83 0.0009 0.0008  0.002 0.0007 0.0008  0.001 
       97 75 05 57 55 -00 09 07  11.48  1.872    2.1  1.047  0.952  1.999  20  12 0.0038 0.0047 0.0101 0.0029 0.0016 0.0038 
      97 284 05 58 25 +00 05 35  10.79  1.363  1.087  0.774  0.725    1.5  77  68 0.0009  0.001 0.0022 0.0007 0.0006  0.001 
      97 224 05 58 44 -00 04 50  14.09   0.91  0.341  0.553  0.547  1.102   2   1 0.0127 0.0177  0.005  0.012 0.0127    0.0 
      98 961 06 51 27 -00 15 15  13.09  1.283  1.003  0.701  0.662  1.362   2   1 0.0021 0.0007 0.0014 0.0021    0.0 0.0021 
      98 966 06 51 29 -00 16 05   14.0  0.469  0.357  0.283  0.331  0.613   2   1 0.0035 0.0014 0.0021 0.0014 0.0191 0.0205 
      98 556 06 51 30 -00 24 30  14.14  0.338  0.126  0.196  0.243  0.437   6   3 0.0053 0.0053 0.0131 0.0057 0.0045  0.009 
      98 557 06 51 30 -00 24 45  14.78  1.397  1.072  0.755  0.741  1.494   2   1 0.0007 0.0545 0.0269 0.0092 0.0297 0.0198 
      98 562 06 51 31 -00 18 37  12.19  0.522 -0.002  0.305  0.303  0.607   2   1 0.0028  0.005 0.0035 0.0014 0.0014    0.0 
      98 563 06 51 32 -00 26 04  14.16  0.416  -0.19  0.294  0.317   0.61  10   5 0.0051 0.0085 0.0073 0.0044 0.0079 0.0082 
      98 978 06 51 34 -00 11 06  10.57  0.609  0.094  0.349  0.322  0.671  46  38 0.0015 0.0009 0.0016 0.0007 0.0009 0.0012 
       98 L1 06 51 39 -00 26 16  15.67  1.243  0.776   0.73  0.712  1.445   3   2 0.0075 0.0462 0.0976  0.011 0.0254 0.0318 
       98 L2 06 51 40 -00 20 49  15.86   1.34  1.497  0.754  0.572  1.327   1   1    0.0    0.0    0.0    0.0    0.0    0.0 
      98 581 06 51 40 -00 25 21  14.56  0.238  0.161  0.118  0.244  0.361   7   3 0.0246  0.028   0.02 0.0193 0.0197 0.0155 
      98 580 06 51 40 -00 26 21  14.73  0.367  0.303  0.241  0.305  0.547   4   2 0.0255 0.0185 0.0185 0.0125  0.046 0.0395 
       98 L3 06 51 42 -00 14 56  14.61  1.936  1.837  1.091  1.047  2.142   4   2 0.0145 0.0265  0.145  0.009  0.007  0.011 
       98 L4 06 51 42 -00 16 13  16.33  1.344  1.086  0.936  0.785  1.726   2   2  0.058 0.0325  0.343 0.0205 0.0368  0.058 
     98 1002 06 51 43 -00 15 31  14.57  0.574 -0.027  0.354  0.379  0.733   4   2 0.0055 0.0065  0.011  0.007 0.0125  0.013 
      98 590 06 51 43 -00 21 59  14.64  1.352  0.853  0.753  0.747    1.5   4   2  0.011  0.012 0.0525  0.005 0.0105 0.0135 
      98 614 06 51 49 -00 20 12  15.67  1.063  0.399  0.834  0.645   1.48   2   1 0.0424 0.0474 0.0311 0.0226 0.0368  0.058 
      98 618 06 51 50 -00 20 55  12.72  2.192  2.144  1.254  1.151  2.407  14   7 0.0051 0.0075 0.0307 0.0035 0.0032 0.0045 
      98 624 06 51 52 -00 19 54  13.81  0.791  0.394  0.417  0.404  0.822   2   1 0.0141  0.024 0.0042 0.0014 0.0212 0.0198 
      98 626 06 51 53 -00 20 24  14.76  1.406  1.067  0.806  0.816  1.624   2   1 0.0071 0.0028 0.0438 0.0092 0.0205 0.0113 
      98 627 06 51 53 -00 21 41   14.9  0.689  0.078  0.428  0.387  0.817   2   1 0.0064  0.017 0.0085 0.0007 0.0127 0.0127 
      98 634 06 51 56 -00 20 35  14.61  0.647  0.123  0.382  0.372  0.757   2   1 0.0042  0.005 0.0127 0.0113 0.0177 0.0064 
      98 642 06 51 59 -00 21 11  15.29  0.571  0.318  0.302  0.393  0.697   2   1 0.0191 0.0453  0.012 0.0198 0.0021 0.0177 
      98 185 06 52 02 -00 26 59  10.54  0.202  0.113  0.109  0.124  0.231  45  37 0.0018 0.0009 0.0033  0.001 0.0013 0.0018 
      98 646 06 52 03 -00 20 56  15.84   1.06  1.426  0.583  0.504   1.09   1   1    0.0    0.0    0.0    0.0    0.0    0.0 
      98 193 06 52 04 -00 26 56  10.03   1.18  1.152  0.615  0.537  1.153  44  35 0.0015 0.0008 0.0023 0.0011 0.0008 0.0015 
      98 653 06 52 05 -00 17 57   9.54 -0.004 -0.099  0.009  0.008  0.017  65  50 0.0014 0.0004 0.0009 0.0007 0.0007 0.0011 
      98 650 06 52 05 -00 19 18  12.27  0.157   0.11   0.08  0.086  0.166  31  20  0.002 0.0014 0.0041 0.0016 0.0022 0.0027 
      98 652 06 52 05 -00 21 36  14.82  0.611  0.126  0.276  0.339  0.618   2   1 0.0113 0.0297 0.0177 0.0453  0.024 0.0226 
      98 666 06 52 10 -00 23 12  12.73  0.164 -0.004  0.091  0.108    0.2  25  14 0.0034 0.0028 0.0042 0.0042  0.003 0.0048 
      98 671 06 52 12 -00 18 00  13.39  0.968  0.719  0.575  0.494  1.071  27  15 0.0037 0.0048 0.0108 0.0033 0.0035 0.0046 
      98 670 06 52 12 -00 18 55  11.93  1.356  1.313  0.723  0.653  1.375  32  19 0.0016 0.0018 0.0058 0.0018 0.0012 0.0023 
      98 676 06 52 14 -00 18 59  13.07  1.146  0.666  0.683  0.673  1.352  17   8 0.0032 0.0041 0.0107 0.0015 0.0218 0.0032 
      98 675 06 52 14 -00 19 19   13.4  1.909  1.936  1.082  1.002  2.085  44  21 0.0026 0.0035 0.0283 0.0018 0.0018 0.0024 
       98 L5 06 52 16 -00 19 17   17.8    1.9   -0.1    3.1    2.6    5.8   6   3 0.1633 0.3266 0.4491 0.1225 0.0408 0.1225 
      98 682 06 52 17 -00 19 20  13.75  0.632  0.098  0.366  0.352  0.717  13   7 0.0039 0.0039 0.0064 0.0017 0.0025 0.0039 
      98 685 06 52 19 -00 19 57  11.95  0.463  0.096   0.29   0.28   0.57  22  14  0.003 0.0021 0.0028 0.0024 0.0021 0.0034 
      98 688 06 52 19 -00 23 12  12.75  0.293  0.245  0.158   0.18  0.337  21  11 0.0033 0.0024 0.0081 0.0037  0.005 0.0074 
     98 1082 06 52 20 -00 13 53  15.01  0.835 -0.001  0.485  0.619  1.102   3   1 0.0058 0.0139 0.0225 0.0029 0.0133 0.0162 
     98 1087 06 52 21 -00 15 28  14.44  1.595  1.284  0.928  0.882  1.812  12   5  0.004 0.0142 0.0592 0.0035 0.0049 0.0072 
     98 1102 06 52 28 -00 13 21  12.11  0.314  0.089  0.193  0.195  0.388  15   8 0.0034 0.0026 0.0059 0.0026 0.0036 0.0052 
     98 1112 06 52 35 -00 15 01  13.98  0.814  0.286  0.443  0.431  0.874   5   2 0.0067  0.004 0.0152 0.0054 0.0031 0.0076 
     98 1119 06 52 37 -00 14 11  11.88  0.551  0.069  0.312  0.299  0.611   7   4 0.0023 0.0038 0.0042 0.0019 0.0042 0.0045 
     98 1124 06 52 38 -00 16 12  13.71  0.315  0.258  0.173  0.201  0.373  24  12 0.0035 0.0043  0.008 0.0029 0.0051 0.0057 
     98 1122 06 52 38 -00 16 43  14.09  0.595 -0.297  0.376  0.442  0.816  25  12 0.0034  0.006 0.0074 0.0038 0.0028 0.0046 
      98 724 06 52 38 -00 19 00  11.12  1.104  0.904  0.575  0.527  1.103  12   7 0.0035 0.0035 0.0052 0.0023 0.0023 0.0038 
      98 733 06 52 40 -00 16 54  12.24  1.285  1.087  0.698   0.65  1.347  20  10 0.0034 0.0043  0.006 0.0029 0.0022  0.004 
     RU 149G 07 24 10 -00 30 49  12.83  0.541  0.033  0.322  0.322  0.645  18  12 0.0026  0.004 0.0042 0.0021 0.0026  0.004 
     RU 149A 07 24 12 -00 31 47   14.5  0.298  0.118  0.196  0.196  0.391  18  12 0.0066 0.0052 0.0111 0.0099 0.0085 0.0139 
     RU 149F 07 24 13 -00 30 01  13.47  1.115  1.025  0.594  0.538  1.132  19  11 0.0028 0.0078 0.0223 0.0021 0.0023 0.0034 
      RU 149 07 24 13 -00 31 58  13.87 -0.129 -0.779  -0.04 -0.068 -0.108  46  30 0.0022 0.0027 0.0031 0.0022 0.0062 0.0069 
     RU 149D 07 24 14 -00 31 41  11.48 -0.037 -0.287  0.021  0.008  0.029  18  11 0.0019 0.0021 0.0028 0.0012 0.0019 0.0024 
     RU 149C 07 24 16 -00 31 20  14.43  0.195  0.141  0.093  0.127  0.222  18  11 0.0052 0.0042 0.0111 0.0061 0.0099 0.0106 
     RU 149B 07 24 16 -00 32 01  12.64  0.662  0.151  0.374  0.354  0.728  15  10 0.0021 0.0034 0.0049 0.0018 0.0026 0.0028 
     RU 149E 07 24 17 -00 30 11  13.72  0.522 -0.007  0.321  0.314  0.637  12   8 0.0064 0.0049 0.0069 0.0035 0.0066 0.0087 
     RU 152F 07 27 25 -01 58 07  14.56  0.635  0.069  0.382  0.315  0.689  15   8 0.0052 0.0057 0.0096 0.0067 0.0176 0.0222 
     RU 152E 07 27 25 -01 58 47  12.36  0.042 -0.086   0.03  0.034  0.065  12   8 0.0014  0.002  0.002 0.0014 0.0023 0.0029 
      RU 152 07 27 29 -01 59 56  13.01  -0.19 -1.073 -0.057 -0.087 -0.145  40  25 0.0019 0.0024 0.0032 0.0024  0.003 0.0038 
     RU 152B 07 27 30 -01 59 17  15.02    0.5  0.022   0.29  0.309    0.6  23  10 0.0046 0.0088 0.0181 0.0054 0.0175 0.0211 
     RU 152A 07 27 31 -01 59 40  14.34  0.543 -0.085  0.325  0.329  0.654  14   8 0.0062 0.0086 0.0168 0.0051 0.0094 0.0131 
     RU 152C 07 27 33 -01 58 56  12.22  0.573 -0.013  0.342   0.34  0.683  13   9 0.0025 0.0031 0.0033 0.0022 0.0019 0.0031 
     RU 152D 07 27 37 -01 57 54  11.08  0.875  0.491  0.473  0.449  0.921  14  10 0.0013 0.0016 0.0024 0.0011 0.0019 0.0019 
      99 438 07 55 54 -00 16 32    9.4 -0.155 -0.725 -0.059 -0.081 -0.141 105  87 0.0014 0.0007 0.0014 0.0007 0.0007 0.0009 
      99 447 07 56 07 -00 20 23   9.42 -0.067 -0.225 -0.032 -0.041 -0.074  70  59 0.0008 0.0008 0.0014 0.0008 0.0008 0.0011 
     100 241 08 52 35 -00 39 32  10.14  0.157  0.101  0.078  0.085  0.163  53  43 0.0011 0.0007 0.0017 0.0006 0.0006 0.0008 
     100 162 08 53 15 -00 43 12   9.15  1.276  1.497  0.649  0.553  1.203  72  53 0.0012 0.0011 0.0026 0.0006 0.0007 0.0009 
     100 267 08 53 18 -00 41 14  13.03  0.485 -0.062  0.307  0.302  0.608   3   3 0.0069 0.0023 0.0133 0.0075  0.004  0.004 
     100 269 08 53 19 -00 40 54  12.35  0.547  -0.04  0.335  0.331  0.666   3   3 0.0035 0.0029  0.015 0.0035 0.0029 0.0017 
     100 280 08 53 36 -00 36 24   11.8  0.494 -0.002  0.295  0.291  0.588  58  47 0.0008 0.0009 0.0014 0.0008 0.0008 0.0012 
     100 394 08 53 55 -00 32 04  11.38  1.317  1.457  0.705  0.636  1.341   9   5  0.008  0.004 0.0087 0.0023 0.0027  0.003 
 PG0918+029D 09 21 22 +02 47 33  12.27  1.044  0.821  0.575  0.535  1.108  19  11 0.0021  0.003 0.0071 0.0016 0.0018 0.0018 
  PG0918+029 09 21 28 +02 46 06  13.33 -0.271 -1.081 -0.129 -0.159 -0.288  45  27 0.0024 0.0024  0.003 0.0019 0.0055 0.0063 
 PG0918+029B 09 21 34 +02 48 04  13.96  0.765  0.366  0.417   0.37  0.787  20  11 0.0034 0.0072 0.0159 0.0025 0.0045 0.0056 
 PG0918+029A 09 21 35 +02 46 23  14.49  0.536 -0.032  0.325  0.336  0.661  29  14 0.0033 0.0058 0.0095 0.0039 0.0076 0.0085 
 PG0918+029C 09 21 42 +02 46 41  13.54  0.631  0.087  0.367  0.357  0.722  21  10  0.002 0.0028 0.0048 0.0015 0.0022 0.0028 
    -12 2918 09 31 18 -13 29 20  10.07  1.501  1.166  1.067  1.318  2.385  13   9 0.0025 0.0028 0.0075 0.0039 0.0022 0.0042 
 PG0942-029D 09 45 10 -03 05 50  13.71  0.564  0.129  0.348  0.343  0.687   1   1    0.0    0.0    0.0    0.0    0.0    0.0 
 PG0942-029A 09 45 10 -03 10 14  14.73  0.783  0.339   0.61  0.477  1.081   1   1    0.0    0.0    0.0    0.0    0.0    0.0 
 PG0942-029B 09 45 12 -03 06 54  14.11  0.525  0.085  0.368  0.333  0.697   1   1    0.0    0.0    0.0    0.0    0.0    0.0 
  PG0942-029 09 45 12 -03 09 21   14.0 -0.294 -1.175  -0.13 -0.149  -0.28  14   7 0.0045 0.0056  0.007  0.007  0.012 0.0144 
 PG0942-029C 09 45 15 -03 06 36  14.99  0.727  0.369  0.539  0.376  0.909   1   1    0.0    0.0    0.0    0.0    0.0    0.0 
     101 315 09 54 51 -00 27 16  11.25  1.153  1.056  0.612  0.559  1.172  19  11 0.0037 0.0018 0.0067 0.0016 0.0012 0.0021 
     101 316 09 54 53 -00 18 20  11.55  0.493  0.032  0.293  0.291  0.584  17  10 0.0027 0.0024 0.0036 0.0019 0.0029 0.0032 
      101 L1 09 55 30 -00 21 25   16.5  0.757 -0.104  0.421  0.527  0.947   4   1  0.031  0.034  0.029 0.0225 0.0855  0.107 
     101 320 09 55 34 -00 22 19  13.82  1.052   0.69  0.581  0.561  1.141  11   7 0.0048 0.0103 0.0181 0.0039 0.0036 0.0045 
      101 L2 09 55 36 -00 18 36  15.77  0.602  0.082  0.321  0.304  0.625   1   1    0.0    0.0    0.0    0.0    0.0    0.0 
     101 404 09 55 42 -00 18 09  13.46  0.996  0.697   0.53    0.5  1.029  12   7  0.004 0.0078 0.0095 0.0049 0.0032 0.0055 
     101 324 09 55 58 -00 23 02   9.74  1.161  1.148  0.591  0.519   1.11  56  43 0.0015 0.0009  0.002 0.0007 0.0007 0.0011 
     101 262 09 56 08 -00 29 36   14.3  0.784  0.297   0.44  0.387  0.827   4   2 0.0045  0.016 0.0205 0.0075   0.01 0.0035 
     101 408 09 56 09 -00 12 28  14.79    1.2  1.347  0.718  0.603  1.321   2   1  0.024 0.0438  0.017  0.017  0.012 0.0297 
     101 326 09 56 09 -00 26 56  14.92  0.729  0.227  0.406  0.375   0.78  13   6 0.0078 0.0094 0.0128 0.0056 0.0111 0.0122 
     101 410 09 56 10 -00 13 50  13.65  0.546 -0.063  0.298  0.326  0.623   2   1 0.0085 0.0014 0.0021 0.0106 0.0035 0.0064 
     101 327 09 56 10 -00 25 37  13.44  1.155  1.139  0.717  0.574   1.29  28  15 0.0032 0.0057 0.0098 0.0023 0.0017 0.0028 
     101 413 09 56 15 -00 11 44  12.58  0.983  0.716  0.529  0.497  1.025   9   6 0.0023 0.0047 0.0103 0.0033  0.004  0.004 
     101 268 09 56 19 -00 31 43  14.38  1.531  1.381   1.04    1.2  2.237  11   5 0.0078 0.0199 0.0769 0.0048 0.0036 0.0045 
     101 330 09 56 22 -00 27 07  13.72  0.577 -0.026  0.346  0.338  0.684  28  14 0.0038 0.0038 0.0051 0.0028 0.0057 0.0064 
     101 415 09 56 24 -00 16 40  15.26  0.577 -0.008  0.346   0.35  0.695   2   1 0.0028 0.0248 0.0021 0.0198 0.0134 0.0332 
     101 270 09 56 27 -00 35 31  13.71  0.554  0.055  0.332  0.306  0.637   2   1    0.0 0.0014 0.0127  0.005 0.0071 0.0014 
     101 278 09 56 55 -00 29 26  15.49  1.041  0.737  0.596  0.548  1.144   2   1 0.0184 0.0226 0.0269 0.0198 0.0149 0.0347 
      101 L3 09 56 55 -00 30 15  15.95  0.637 -0.033  0.396  0.395  0.792   2   1 0.0233 0.0184 0.0707 0.0382 0.0488  0.087 
     101 281 09 57 05 -00 31 26  11.58  0.812  0.419  0.452  0.412  0.864  19  11 0.0037 0.0018 0.0048 0.0023 0.0012 0.0025 
      101 L4 09 57 08 -00 31 16  16.26  0.793  0.362  0.578  0.062  0.644   2   1  0.017 0.0141 0.0014 0.0191 0.2638 0.2807 
      101 L5 09 57 11 -00 31 25  15.93  0.622  0.115  0.414  0.305   0.72   2   1 0.0106 0.0283 0.0863 0.0078 0.0134 0.0212 
     101 421 09 57 17 -00 17 05  13.18  0.507 -0.031  0.327  0.296  0.623   2   1 0.0021 0.0021 0.0035 0.0021 0.0007 0.0014 
     101 338 09 57 19 -00 20 47  13.79  0.634  0.024   0.35   0.34  0.691   2   1 0.0071 0.0071 0.0042 0.0021 0.0035 0.0014 
     101 339 09 57 19 -00 24 48  14.45   0.85  0.501  0.458  0.398  0.857   2   1 0.0099 0.0085 0.0099  0.024 0.0042  0.029 
     101 424 09 57 21 -00 16 14  15.06  0.764  0.273  0.429  0.425  0.855   2   1 0.0276 0.0389 0.0191 0.0226 0.0205 0.0431 
     101 427 09 57 27 -00 17 04  14.96  0.805  0.321  0.484  0.369  0.854   2   1 0.0269 0.0297 0.0014 0.0248 0.0113 0.0368 
     101 341 09 57 31 -00 21 40  14.34  0.575  0.059  0.332  0.309  0.641   2   1 0.0113 0.0141 0.0071 0.0007 0.0078 0.0071 
     101 342 09 57 32 -00 21 37  15.56  0.529 -0.065  0.339  0.419  0.758   2   1 0.0141 0.0085 0.0085  0.024 0.0021 0.0226 
     101 343 09 57 32 -00 22 42   15.5  0.606  0.094  0.396  0.338  0.734   2   1 0.0276 0.0488 0.0177 0.0226 0.0255 0.0481 
     101 429 09 57 33 -00 18 05   13.5   0.98  0.782  0.617  0.526  1.143  23  13 0.0039 0.0019 0.0061 0.0017  0.002  0.003 
     101 431 09 57 38 -00 17 39  13.68  1.246  1.144  0.808  0.708  1.517  23  13 0.0056 0.0063 0.0102 0.0033 0.0029 0.0042 
      101 L6 09 57 40 -00 17 40   16.5  0.711  0.183  0.445  0.583  1.024   2   1 0.0219 0.0092 0.0311 0.0113 0.1648 0.1732 
     101 207 09 57 53 -00 47 23  12.42  0.515 -0.078  0.321   0.32  0.641  22  14 0.0028 0.0038 0.0062 0.0017 0.0019 0.0024 
     101 363 09 58 20 -00 25 23   9.87  0.261  0.129  0.146  0.151  0.297  53  44 0.0012 0.0008 0.0025 0.0008 0.0008 0.0011 
      GD 108 10 00 47 -07 33 31  13.56 -0.215 -0.942 -0.098 -0.122  -0.22  21  12 0.0028 0.0042 0.0039 0.0042  0.005 0.0055 
     G162 66 10 33 43 -11 40 39  13.01 -0.165 -0.996 -0.126 -0.141 -0.266  80  64 0.0015 0.0013 0.0022  0.001  0.002 0.0025 
      G44 27 10 36 02 +05 07 11  12.64  1.586  1.088  1.185  1.526  2.714   8   4  0.012 0.0106 0.0106 0.0046 0.0039 0.0032 
  PG1034+001 10 37 17 -00 07 25  13.23 -0.365 -1.274 -0.155 -0.203 -0.359  33  16 0.0024 0.0024 0.0033 0.0026 0.0042 0.0054 
      G163 6 10 42 55 +02 47 22  14.71   1.55  1.228   1.09  1.384  2.478   4   3  0.007 0.0115 0.0655  0.009 0.0015 0.0085 
  PG1047+003 10 50 03 -00 00 30  13.47  -0.29 -1.121 -0.132 -0.162 -0.295  32  18 0.0039  0.003 0.0041 0.0037 0.0088  0.011 
 PG1047+003A 10 50 06 -00 01 06  13.51  0.688  0.168  0.422  0.418   0.84  15   7 0.0047 0.0049 0.0067 0.0026 0.0026 0.0036 
 PG1047+003B 10 50 09 -00 01 58  14.75  0.679  0.172  0.391  0.371  0.764  13   5  0.005 0.0086 0.0128 0.0022  0.008 0.0086 
 PG1047+003C 10 50 18 -00 00 21  12.45  0.607 -0.019  0.378  0.358  0.737  11   6 0.0094 0.0024  0.006 0.0036 0.0033 0.0045 
      G44 40 10 50 54 +06 48 57  11.68  1.644  1.213  1.216  1.568  2.786  13   6 0.0033 0.0031 0.0092 0.0031 0.0017 0.0039 
     102 620 10 55 06 -00 48 13  10.07  1.083   1.02  0.642  0.524  1.167  54  45  0.001  0.001 0.0018 0.0011 0.0008 0.0012 
      G45 20 10 56 38 +07 02 23  13.51  2.034  1.165  1.823  2.174    4.0  19  10  0.006 0.0069 0.0346 0.0073 0.0025 0.0062 
    102 1081 10 57 05 -00 13 04    9.9  0.664  0.255  0.366  0.333  0.698  58  50 0.0009 0.0009 0.0017 0.0008 0.0008 0.0011 
     G163 27 10 57 35 -07 31 23  14.34  0.288 -0.548  0.206   0.21  0.417  26  15 0.0055 0.0047 0.0065 0.0041 0.0075 0.0082 
     G163 50 11 08 00 -05 09 26  13.06  0.035 -0.688 -0.085 -0.072 -0.159  54  41 0.0014  0.002 0.0023 0.0012  0.002 0.0027 
     G163 51 11 08 07 -05 13 47  12.58  1.506  1.228  1.084  1.359  2.441  29  16 0.0046 0.0046 0.0182 0.0019 0.0035 0.0041 
      G10 50 11 47 44 +00 48 55  11.15  1.752  1.318  1.294  1.673  2.969  14   7 0.0024 0.0024 0.0078 0.0037 0.0021 0.0037 
     103 302 11 56 06 -00 47 54   9.86  0.368 -0.056  0.228  0.237  0.465  57  45 0.0016 0.0011 0.0017 0.0009 0.0009 0.0015 
     103 626 11 56 47 -00 21 47  11.84  0.413 -0.057  0.262  0.274  0.535  17  10 0.0034 0.0027 0.0032 0.0022 0.0015 0.0024 
      G12 43 12 33 20 +09 01 08  12.47  1.846  1.085   1.53  1.944  3.479  13   6 0.0042 0.0053 0.0466 0.0053 0.0039 0.0033 
     104 306 12 41 04 -00 37 15   9.37  1.592  1.666  0.832  0.762  1.591  89  68 0.0067  0.003 0.0059  0.002 0.0024 0.0033 
     104 423 12 41 36 -00 31 18   15.6   0.63   0.05  0.262  0.559  0.818   2   1 0.0248 0.0389 0.0269 0.0361 0.1167  0.152 
     104 428 12 41 41 -00 26 30  12.63  0.985  0.748  0.534  0.497  1.032  25  16 0.0038 0.0028 0.0044 0.0024 0.0018 0.0036 
      104 L1 12 41 44 -00 22 47  14.61   0.63  0.064  0.374  0.364  0.739   2   1 0.0007 0.0014 0.0127 0.0113 0.0163 0.0042 
     104 430 12 41 50 -00 25 56  13.86  0.652  0.131  0.364  0.363  0.727  15   8 0.0052 0.0062 0.0085 0.0047 0.0041 0.0065 
     104 325 12 42 03 -00 41 39  15.58  0.694  0.051  0.345  0.307  0.652   2   1 0.0163 0.0431 0.0219 0.0255 0.0149 0.0403 
     104 330 12 42 12 -00 40 43   15.3  0.594 -0.028  0.369  0.371  0.739  15   6 0.0103 0.0276 0.0155 0.0124 0.0214 0.0225 
     104 440 12 42 14 -00 24 51  15.11   0.44 -0.227  0.289  0.317  0.605  11   5 0.0081 0.0084 0.0103 0.0069 0.0232 0.0262 
     104 237 12 42 17 -00 51 21   15.4  1.088  0.918  0.647  0.628  1.274   1   1    0.0    0.0    0.0    0.0    0.0    0.0 
      104 L2 12 42 19 -00 35 16  16.05   0.65 -0.172  0.344  0.323  0.667   4   2  0.019 0.0265  0.045 0.0295 0.0755    0.1 
     104 443 12 42 20 -00 25 25  15.37  1.331   1.28  0.817  0.778  1.595   3   2 0.0087 0.0023  0.112 0.0139 0.0104 0.0202 
     104 444 12 42 20 -00 32 32  13.48  0.512  -0.07  0.313  0.331  0.643   2   1 0.0014 0.0099 0.0085 0.0021 0.0014 0.0007 
     104 335 12 42 21 -00 33 12  11.67  0.622  0.145  0.357  0.334  0.691   4   2 0.0095  0.001  0.002 0.0035 0.0045  0.007 
     104 334 12 42 21 -00 40 31  13.48  0.518 -0.067  0.323  0.331  0.653  24  16 0.0047 0.0031 0.0039 0.0029 0.0031 0.0047 
     104 239 12 42 23 -00 46 36  13.94  1.356  1.291  0.868  0.805  1.675   7   3 0.0061 0.0087 0.0231 0.0045  0.003 0.0057 
     104 336 12 42 25 -00 40 02   14.4   0.83  0.495  0.461  0.403  0.865  14   6 0.0067 0.0072 0.0123 0.0059 0.0099 0.0104 
     104 338 12 42 31 -00 38 36  16.06  0.591 -0.082  0.348  0.372  0.719   8   5 0.0078 0.0219 0.0368 0.0088 0.0209  0.017 
     104 339 12 42 34 -00 41 43  15.46  0.832  0.709  0.476  0.374  0.849   1   1    0.0    0.0    0.0    0.0    0.0    0.0 
     104 244 12 42 35 -00 45 51  16.01   0.59 -0.152  0.338  0.489  0.825   2   2 0.0092 0.0057 0.0113 0.0035 0.0269  0.029 
     104 455 12 42 52 -00 24 22  15.11  0.581 -0.024   0.36  0.357  0.716  13   7 0.0067 0.0144 0.0122 0.0053 0.0089 0.0122 
     104 456 12 42 53 -00 32 09  12.36  0.622  0.135  0.357  0.337  0.694   4   2 0.0025 0.0025 0.0045 0.0035 0.0065  0.008 
     104 457 12 42 54 -00 28 52  16.05  0.753  0.522  0.484   0.49  0.974   9   4 0.0107 0.0187  0.077 0.0183  0.037 0.0213 
     104 460 12 43 03 -00 28 25  12.89  1.287  1.243  0.813  0.693  1.507  24  16 0.0043 0.0033 0.0067 0.0023  0.002 0.0033 
     104 461 12 43 06 -00 32 25   9.71  0.476  -0.03  0.289   0.29   0.58  95  74  0.001 0.0008 0.0013 0.0007 0.0006 0.0006 
     104 350 12 43 14 -00 33 25  13.63  0.673  0.165  0.383  0.353  0.736  14   7 0.0043 0.0035 0.0056 0.0032 0.0045 0.0062 
     104 470 12 43 22 -00 30 00  14.31  0.732  0.101  0.295  0.356  0.649   3   1 0.0121 0.0092 0.0202 0.0133 0.0035  0.015 
     104 364 12 43 46 -00 34 34   15.8  0.601 -0.131  0.314  0.397  0.712   2   1 0.0156 0.0488 0.0559 0.0085  0.041 0.0495 
     104 366 12 43 53 -00 34 56  12.91   0.87  0.424  0.517  0.464  0.982   1   1    0.0    0.0    0.0    0.0    0.0    0.0 
     104 479 12 43 55 -00 32 55  16.09  1.271  0.673  0.657  0.607  1.264   2   1 0.0339 0.0276 0.3995 0.0028 0.0035 0.0071 
     104 367 12 43 58 -00 33 40  15.84  0.639 -0.126  0.382  0.296  0.679   2   1 0.0255 0.0212 0.0156 0.0177 0.0042 0.0226 
     104 484 12 44 20 -00 31 01  14.41  1.024  0.732  0.514  0.486    1.0   2   1 0.0071 0.0184 0.0134 0.0057 0.0064  0.012 
     104 485 12 44 23 -00 30 20  15.02  0.838  0.493  0.478  0.488  0.967   2   1 0.0113 0.0339 0.0226 0.0014 0.0113 0.0099 
     104 490 12 44 33 -00 25 57  12.57  0.535  0.048  0.318  0.312   0.63  12   8 0.0029 0.0032 0.0052 0.0023 0.0023 0.0026 
     104 598 12 45 17 -00 16 41  11.48  1.106   1.05   0.67  0.546  1.215  70  59 0.0017 0.0011 0.0028  0.001 0.0008 0.0012 
      G14 55 13 28 22 -02 21 28  11.34  1.491  1.157  1.078  1.388  2.462   5   2 0.0058 0.0049 0.0076 0.0067 0.0013 0.0063 
  PG1323-085 13 25 39 -08 49 18  13.48  -0.14 -0.681 -0.048 -0.078 -0.127  39  18 0.0019 0.0022 0.0026 0.0018 0.0045 0.0045 
 PG1323-085A 13 25 49 -08 50 24  13.59  0.393 -0.019  0.252  0.252  0.506  20  12 0.0257 0.0022 0.0045 0.0027 0.0047  0.006 
 PG1323-085C 13 25 50 -08 48 39   14.0  0.707  0.245  0.395  0.363  0.759  26  13 0.0031 0.0028 0.0077 0.0024 0.0041 0.0049 
 PG1323-085B 13 25 50 -08 51 55  13.41  0.761  0.265  0.426  0.407  0.833  23  13 0.0019 0.0029 0.0042 0.0023 0.0023 0.0031 
 PG1323-085D 13 26 05 -08 50 36  12.08  0.587  0.005  0.346  0.335  0.684  15   6 0.0023 0.0018 0.0036 0.0013 0.0026 0.0031 
     105 505 13 35 24 -00 23 47  10.27  1.422  1.218   0.91  0.861  1.771   6   3 0.0061 0.0102 0.0053 0.0053 0.0033 0.0069 
     105 437 13 37 17 -00 38 05  12.54  0.248  0.067  0.136  0.143  0.279   7   3 0.0061 0.0038 0.0095 0.0053 0.0027 0.0076 
     105 815 13 40 04 -00 02 19  11.45  0.385 -0.237  0.267  0.291   0.56  22  14 0.0016  0.003 0.0028 0.0013 0.0013 0.0015 
     +2 2711 13 42 20 +01 29 58  10.37 -0.166 -0.697 -0.072 -0.095 -0.167  54  39 0.0012 0.0014 0.0018 0.0008  0.001 0.0012 
      121968 13 58 51 -02 55 38  10.25 -0.186 -0.908 -0.073 -0.098 -0.172  46  32 0.0012  0.001 0.0021 0.0007  0.001 0.0012 
  PG1407-013 14 10 26 -01 30 16  13.75 -0.259 -1.119  -0.13 -0.144 -0.277   3   2  0.004 0.0064 0.0173 0.0046 0.0173 0.0219 
    106 1024 14 40 07 +00 01 31   11.6  0.332  0.085  0.196  0.195   0.39  35  27 0.0051 0.0022 0.0029 0.0019 0.0014 0.0029 
     106 700 14 40 51 -00 23 50   9.79  1.362  1.582  0.728  0.641   1.37  53  44 0.0011  0.001 0.0022  0.001  0.001 0.0014 
  PG1514+034 15 17 14 +03 10 22   14.0 -0.009 -0.955  0.087  0.126  0.212   6   3 0.0078 0.0082 0.0102 0.0029 0.0065 0.0074 
  PG1525-071 15 28 11 -07 16 32  15.05 -0.198 -1.148 -0.088 -0.075 -0.168   1   1    0.0    0.0    0.0    0.0    0.0    0.0 
 PG1525-071D 15 28 12 -07 16 38   16.3  0.564  0.305  0.411  0.346  0.757   2   1 0.0021  0.157 0.0325 0.0113 0.0198 0.0085 
 PG1525-071A 15 28 13 -07 15 59  13.51  0.757  0.257  0.445  0.425  0.869   1   1    0.0    0.0    0.0    0.0    0.0    0.0 
 PG1525-071B 15 28 14 -07 16 13   16.4   0.73  0.135  0.442  0.366  0.808   1   1    0.0    0.0    0.0    0.0    0.0    0.0 
 PG1525-071C 15 28 16 -07 14 26  13.53  1.109   1.13   0.59  0.513  1.104   1   1    0.0    0.0    0.0    0.0    0.0    0.0 
 PG1528+062B 15 30 40 +06 01 06  11.99  0.593  0.005  0.364  0.344  0.711   1   1    0.0    0.0    0.0    0.0    0.0    0.0 
 PG1528+062A 15 30 49 +06 01 19  15.55   0.83  0.356  0.433  0.389  0.824   1   1    0.0    0.0    0.0    0.0    0.0    0.0 
  PG1528+062 15 30 50 +06 00 51  14.77 -0.252 -1.091 -0.111 -0.182 -0.296   1   1    0.0    0.0    0.0    0.0    0.0    0.0 
 PG1528+062C 15 30 56 +06 00 02  13.48  0.644  0.074  0.357   0.34  0.699   1   1    0.0    0.0    0.0    0.0    0.0    0.0 
 PG1530+057A 15 33 10 +05 33 40  13.71  0.829  0.414  0.473  0.412  0.886   1   1    0.0    0.0    0.0    0.0    0.0    0.0 
  PG1530+057 15 33 11 +05 32 22  14.21  0.151 -0.789  0.162  0.036  0.199   1   1    0.0    0.0    0.0    0.0    0.0    0.0 
 PG1530+057B 15 33 18 +05 33 43  12.84  0.745  0.325  0.423  0.376  0.799   1   1    0.0    0.0    0.0    0.0    0.0    0.0 
     107 970 15 37 25 +00 18 16  10.94  1.596   1.75  1.142  1.435  2.574  57  47 0.0074 0.0017 0.0061  0.002 0.0033  0.004 
     107 568 15 37 52 -00 17 36  13.05  1.149  0.862  0.625  0.595  1.217  15   7 0.0016 0.0028 0.0039 0.0021 0.0028 0.0028 
    107 1006 15 38 33 +00 14 04  11.71  0.766  0.279  0.442  0.421  0.863  59  51  0.001  0.001 0.0025 0.0008 0.0009  0.001 
     107 720 15 38 37 -00 02 42  13.12  0.599  0.088  0.374  0.355  0.731   2   1 0.0057 0.0028 0.0106 0.0099 0.0028 0.0078 
     107 456 15 38 42 -00 20 05  12.92  0.921  0.589  0.537  0.478  1.015  20  10  0.002 0.0029 0.0045  0.002 0.0025 0.0036 
     107 457 15 38 46 -00 20 33  14.91  0.792   0.35  0.494  0.469  0.964   2   1 0.0021 0.0035 0.0099 0.0028 0.0064 0.0092 
     107 351 15 38 46 -00 32 24  12.34  0.562 -0.005  0.351  0.358  0.708  25  14  0.002 0.0024  0.004 0.0016 0.0022 0.0026 
     107 592 15 38 50 -00 17 28  11.85  1.318   1.38  0.709  0.647  1.357   9   5 0.0033 0.0047 0.0133 0.0013 0.0023  0.002 
     107 458 15 38 50 -00 24 45  11.68  1.214  1.189  0.667  0.602  1.274   2   1 0.0042 0.0057  0.005 0.0028 0.0007 0.0035 
     107 459 15 38 51 -00 22 49  12.28    0.9  0.427  0.525  0.517  1.045   2   1 0.0014 0.0106 0.0099 0.0028 0.0007 0.0035 
     107 212 15 38 56 -00 45 48  13.38  0.683  0.135  0.404  0.411  0.818   2   1 0.0064 0.0106 0.0198 0.0071 0.0085 0.0149 
     107 215 15 38 57 -00 43 24  16.05  0.115 -0.082 -0.032 -0.475 -0.511   3   2 0.0266 0.0312 0.0092 0.0935 0.2991 0.3943 
     107 213 15 38 57 -00 44 32  14.26  0.802  0.261  0.531  0.509  1.038   1   1    0.0    0.0    0.0    0.0    0.0    0.0 
     107 357 15 39 05 -00 39 29  14.42  0.675  0.025  0.416  0.421   0.84   2   1    0.0 0.0035 0.0057  0.012 0.0233 0.0113 
     107 599 15 39 09 -00 14 46  14.68  0.698  0.243  0.433  0.438  0.869  17   7 0.0083 0.0121 0.0061 0.0053 0.0121 0.0155 
     107 359 15 39 09 -00 35 49   12.8   0.58 -0.124  0.379  0.381  0.759   6   3 0.0049 0.0069 0.0118 0.0029 0.0033 0.0053 
     107 600 15 39 10 -00 16 07  14.88  0.503  0.049  0.339  0.361    0.7   9   4  0.017  0.013 0.0227 0.0097 0.0147 0.0203 
     107 601 15 39 13 -00 13 44  14.65  1.412  1.265  0.923  0.835  1.761  33  13 0.0045 0.0073 0.0247 0.0035 0.0031 0.0038 
     107 602 15 39 18 -00 15 47  12.12  0.991  0.585  0.545  0.531  1.074  17   9 0.0027 0.0029  0.007 0.0015 0.0022 0.0032 
     107 612 15 39 35 -00 15 24  14.26  0.896  0.296  0.551   0.53  1.081   2   1 0.0057 0.0014 0.0035 0.0035 0.0007 0.0021 
     107 611 15 39 36 -00 12 54  14.33   0.89  0.455   0.52  0.447  0.968   4   2 0.0065 0.0085 0.0165  0.009 0.0105  0.017 
     107 614 15 39 41 -00 13 28  13.93  0.622  0.033  0.361   0.37  0.732   4   2 0.0065  0.017  0.015  0.004  0.013  0.009 
     107 626 15 40 05 -00 17 46  13.47    1.0  0.728    0.6  0.527  1.126  24  12 0.0045 0.0082 0.0118 0.0025 0.0023 0.0035 
     107 627 15 40 07 -00 17 40  13.35  0.779  0.226  0.465  0.454  0.918  24  12 0.0055 0.0047 0.0049 0.0023 0.0027 0.0037 
     107 484 15 40 17 -00 21 31  11.31  1.237  1.291  0.664  0.577   1.24  13   7 0.0044 0.0022 0.0111 0.0019 0.0008 0.0022 
     107 636 15 40 40 -00 15 12  14.87  0.751  0.121  0.432  0.465  0.896   2   1 0.0134  0.012 0.0177 0.0085 0.0417 0.0325 
     107 639 15 40 44 -00 17 29   14.2   0.64 -0.026  0.399  0.404  0.803  10   6 0.0161 0.0092 0.0202 0.0104 0.0095 0.0127 
     107 640 15 40 49 -00 17 06  15.05  0.755  0.092  0.511  0.506  1.017   5   3  0.025 0.0103 0.0322 0.0183 0.0161 0.0246 
     G153 41 16 17 55 -15 35 52  13.42 -0.205 -1.133 -0.135 -0.154  -0.29  23  11 0.0035 0.0031 0.0063 0.0033 0.0056 0.0065 
     G138 25 16 25 14 +15 41 15  13.51  1.419  1.265  0.883  0.796  1.685   2   1 0.0007 0.0177 0.0382 0.0028 0.0028  0.005 
    -12 4523 16 30 18 -12 39 08  10.07  1.568  1.192  1.152  1.498  2.649   8   5 0.0032 0.0025 0.0025 0.0007 0.0018 0.0014 
  PG1633+099 16 35 24 +09 47 45   14.4 -0.192 -0.974 -0.093 -0.116 -0.212  13   6 0.0025 0.0022 0.0047 0.0033 0.0089 0.0111 
 PG1633+099A 16 35 26 +09 47 48  15.26  0.873   0.32  0.505  0.511  1.015  15   6 0.0036 0.0052  0.009 0.0036 0.0093 0.0111 
 PG1633+099B 16 35 34 +09 46 17  12.97  1.081  1.007   0.59  0.502   1.09  12   6 0.0017  0.002 0.0069 0.0012 0.0014  0.002 
 PG1633+099C 16 35 38 +09 46 11  13.23  1.134  1.138  0.618  0.523  1.138  10   6 0.0025 0.0022 0.0038 0.0016 0.0022 0.0038 
 PG1633+099D 16 35 40 +09 46 38  13.69  0.535 -0.025  0.324  0.327   0.65   9   5  0.002  0.002  0.005 0.0017 0.0033 0.0033 
     108 719 16 36 11 -00 25 53  12.69  1.031  0.648  0.553  0.533  1.087   4   2 0.0045 0.0025 0.0005 0.0045 0.0025  0.005 
    108 1848 16 36 58 +00 05 36  11.74  0.559  0.073  0.331  0.325  0.657   1   1    0.0    0.0    0.0    0.0    0.0    0.0 
     108 475 16 37 00 -00 35 01  11.31   1.38  1.462  0.744  0.665  1.409  71  58 0.0014 0.0013 0.0042 0.0008 0.0007 0.0011 
    108 1863 16 37 13 +00 02 13  12.24  0.803  0.378  0.446  0.398  0.844   1   1    0.0    0.0    0.0    0.0    0.0    0.0 
     108 551 16 37 47 -00 33 27   10.7  0.179  0.178  0.099   0.11  0.208 104  76 0.0011 0.0007 0.0023 0.0006  0.001 0.0011 
    108 1918 16 37 50 -00 00 58  11.38  1.432  1.839  0.773  0.661  1.434   2   1 0.0007 0.0014    0.0 0.0042    0.0 0.0042 
     108 981 16 39 17 -00 25 28  12.07  0.494  0.237   0.31  0.312  0.622   4   2 0.0025 0.0015 0.0075  0.002  0.003  0.001 
  PG1647+056 16 50 18 +05 32 48  14.77 -0.173 -1.064 -0.058 -0.022 -0.082   7   3 0.0087 0.0087 0.0076 0.0102 0.0151 0.0163 
    WOLF 629 16 55 27 -08 18 53  11.76  1.677  1.256  1.185  1.525  2.715   6   3 0.0041 0.0029 0.0033 0.0016 0.0012 0.0012 
  PG1657+078 16 59 32 +07 43 25  15.02 -0.149  -0.94 -0.063 -0.033   -0.1   9   4 0.0067 0.0053  0.009 0.0087  0.027  0.033 
 PG1657+078B 16 59 32 +07 42 05  14.72  0.708  0.065  0.417   0.42  0.838   2   1 0.0021 0.0064 0.0071 0.0014    0.0 0.0014 
 PG1657+078A 16 59 33 +07 42 19  14.03  1.069   0.73  0.573  0.539  1.113   2   1 0.0007 0.0007 0.0064 0.0064 0.0057 0.0127 
 PG1657+078C 16 59 35 +07 42 20  15.23   0.84  0.385  0.521  0.444  0.967   2   1    0.0 0.0042 0.0085 0.0057 0.0127 0.0071 
     -4 4226 17 05 15 -05 05 05  10.07  1.415  1.085   0.97  1.141  2.113   6   3 0.0033 0.0012 0.0029 0.0004 0.0008 0.0012 
      109 71 17 44 06 -00 25 22  11.49  0.323  0.153  0.186  0.223   0.41  50  42  0.001 0.0011  0.002 0.0009 0.0009 0.0011 
     109 381 17 44 12 -00 20 55  11.73  0.704  0.225  0.428  0.435  0.861  55  45 0.0011 0.0015 0.0015 0.0009 0.0008 0.0011 
     109 949 17 44 13 -00 02 51  12.83  0.806  0.363    0.5  0.517   1.02   2   1 0.0064 0.0007 0.0099 0.0078 0.0035 0.0113 
     109 954 17 44 15 -00 02 39  12.44  1.296  0.956  0.764  0.731  1.496   9   5 0.0093  0.006 0.0203 0.0017 0.0027 0.0033 
     109 956 17 44 17 -00 02 54  14.64  1.283  0.858  0.779  0.743  1.525   2   1 0.0113 0.0198 0.0035 0.0184 0.0156 0.0347 
     109 199 17 45 03 -00 29 51  10.99  1.739  1.967  1.006    0.9  1.904   3   2 0.0098  0.004 0.0035 0.0035  0.004 0.0046 
     109 231 17 45 20 -00 26 13   9.33  1.462  1.593  0.785  0.704  1.492  76  52 0.0012 0.0014 0.0028 0.0006 0.0007 0.0009 
     109 537 17 45 42 -00 21 57  10.35  0.609  0.227  0.376  0.392  0.768  66  47 0.0027 0.0012  0.002 0.0009  0.001 0.0015 
      G21 15 18 27 13 +04 03 05  13.89  0.092 -0.598 -0.039  -0.03 -0.069  19   9 0.0046 0.0053 0.0067 0.0046 0.0094 0.0094 
     110 229 18 40 46 +00 01 28  13.65   1.91  1.391  1.198  1.155  2.356  30  16 0.0031 0.0091 0.0225 0.0018  0.002 0.0026 
     110 230 18 40 52 +00 02 01  14.28  1.084  0.728  0.624  0.596  1.218  21  11 0.0031  0.005 0.0116  0.002 0.0044  0.005 
     110 232 18 40 53 +00 01 35  12.52  0.729  0.147  0.439   0.45  0.889  28  16 0.0032 0.0028 0.0045 0.0015 0.0019 0.0025 
     110 233 18 40 53 +00 00 28  12.77  1.281  0.812  0.773  0.818  1.593  22  10 0.0028 0.0034  0.007 0.0021 0.0015 0.0021 
     110 239 18 41 20 -00 00 08  13.86  0.899  0.584  0.541  0.517   1.06   1   1    0.0    0.0    0.0    0.0    0.0    0.0 
     110 339 18 41 27 +00 08 04  13.61  0.988  0.776  0.563  0.468  1.036   1   1    0.0    0.0    0.0    0.0    0.0    0.0 
     110 340 18 41 29 +00 15 00  10.03  0.303  0.127   0.17  0.182  0.353  64  51 0.0014  0.001 0.0023 0.0006 0.0009  0.001 
     110 477 18 41 44 +00 26 19  13.99  1.345  0.715   0.85  0.857  1.707  21  11 0.0072 0.0131 0.0375 0.0031 0.0039 0.0063 
     110 246 18 41 51 +00 04 58  12.71  0.586 -0.129  0.381   0.41   0.79   1   1    0.0    0.0    0.0    0.0    0.0    0.0 
     110 346 18 41 55 +00 09 37  14.76  0.999  0.752  0.697  0.646  1.345   1   1    0.0    0.0    0.0    0.0    0.0    0.0 
     110 349 18 42 13 +00 09 52   15.1  1.088  0.668  0.503 -0.059  0.477   1   1    0.0    0.0    0.0    0.0    0.0    0.0 
     110 355 18 42 19 +00 08 02  11.94  1.023  0.504  0.652  0.727  1.378  16   8 0.0028  0.003 0.0045 0.0023 0.0023 0.0035 
     110 358 18 42 36 +00 14 39  14.43  1.039  0.418  0.603  0.543   1.15   1   1    0.0    0.0    0.0    0.0    0.0    0.0 
     110 360 18 42 40 +00 08 48  14.62  1.197  0.539  0.715  0.717  1.432   5   2 0.0094 0.0192 0.0291 0.0085 0.0031 0.0081 
     110 361 18 42 45 +00 07 42  12.43  0.632  0.035  0.361  0.348  0.709  30  17 0.0022 0.0022 0.0029 0.0018  0.002 0.0029 
     110 362 18 42 48 +00 06 04  15.69  1.333  3.919  0.918  0.885  1.803   1   1    0.0    0.0    0.0    0.0    0.0    0.0 
      110 L1 18 42 50 +00 06 48  16.25  1.752  2.953  1.066  0.992  2.058   1   1    0.0    0.0    0.0    0.0    0.0    0.0 
     110 266 18 42 50 +00 04 44  12.02  0.889  0.411  0.538  0.577  1.111   8   3 0.0014 0.0028 0.0039 0.0014 0.0021 0.0032 
     110 364 18 42 52 +00 07 32  13.62  1.133  1.095  0.697  0.585  1.281  15   7 0.0021 0.0067 0.0088 0.0016 0.0026 0.0021 
     110 365 18 42 57 +00 06 58  13.47  2.261  1.895   1.36   1.27  2.631  45  20 0.0027 0.0091 0.0313 0.0021 0.0022 0.0034 
     110 157 18 42 57 -00 09 18  13.49  2.123  1.679  1.257  1.139  2.395   7   3 0.0057 0.0257  0.175 0.0034 0.0049 0.0057 
     110 496 18 43 00 +00 30 46   13.0   1.04  0.737  0.607  0.681  1.287   9   4 0.0027  0.006  0.023  0.002 0.0023 0.0043 
     110 273 18 43 00 +00 02 01  14.69  2.527    1.0  1.509  1.345  2.856   5   2 0.0161 0.0783 1.3416  0.004 0.0103 0.0107 
     110 497 18 43 03 +00 30 34   14.2  1.052   0.38  0.606  0.597  1.203   5   2 0.0054 0.0063 0.0143 0.0067 0.0045 0.0063 
     110 280 18 43 07 -00 04 02   13.0  2.151  2.133  1.235  1.148  2.384  25  12 0.0034 0.0144 0.0906 0.0018  0.003 0.0036 
     110 499 18 43 08 +00 27 38  11.74  0.987  0.639    0.6  0.674  1.273  23  13 0.0031 0.0029 0.0071 0.0019 0.0017 0.0029 
     110 502 18 43 11 +00 27 18  12.33  2.326  2.326  1.373   1.25  2.625  38  19 0.0031 0.0047 0.0226  0.002 0.0024 0.0041 
     110 504 18 43 12 +00 29 43  14.02  1.248  1.323  0.797  0.683  1.482   5   2 0.0013 0.0063 0.0268 0.0036 0.0063 0.0081 
     110 503 18 43 12 +00 29 21  11.77  0.671  0.506  0.373  0.436  0.808  26  14 0.0031  0.002 0.0051 0.0018 0.0016 0.0022 
     110 506 18 43 20 +00 30 05  11.31  0.568  0.059  0.335  0.312  0.652   2   1 0.0021 0.0021 0.0064 0.0007 0.0042 0.0042 
     110 507 18 43 20 +00 29 04  12.44  1.141   0.83  0.633  0.579  1.206   2   1  0.005 0.0057 0.0057 0.0042    0.0  0.005 
     110 290 18 43 22 -00 01 37   11.9  0.708  0.196  0.418  0.418  0.836   3   2 0.0029 0.0006 0.0046 0.0023 0.0029 0.0035 
     110 441 18 43 34 +00 19 18  11.12  0.555  0.112  0.324  0.336   0.66  43  36 0.0015 0.0015 0.0023 0.0012 0.0009  0.002 
     110 311 18 43 48 -00 00 44  15.51  1.796  1.179   1.01  0.864  1.874   4   2  0.018  0.036 0.1255  0.034  0.083  0.113 
     110 312 18 43 50 -00 00 15  16.09  1.319 -0.788  1.137  1.154  2.293   1   1    0.0    0.0    0.0    0.0    0.0    0.0 
     110 450 18 43 52 +00 22 36  11.59  0.944  0.691  0.552  0.625  1.177  49  42  0.002 0.0017 0.0033 0.0011  0.001 0.0016 
     110 316 18 43 53 +00 00 43  14.82  1.731  4.355  0.858   0.91  1.769   1   1    0.0    0.0    0.0    0.0    0.0    0.0 
     110 315 18 43 53 +00 00 27  13.64  2.069  2.256  1.206  1.133  2.338   8   4 0.0067 0.0361 0.4639 0.0032 0.0057 0.0067 
     110 319 18 43 56 +00 01 39  11.86  1.309  1.076  0.742    0.7  1.443   3   2  0.011 0.0029 0.0035  0.004 0.0017 0.0058 
     111 775 19 37 17 +00 11 44  10.74  1.738  2.029  0.965  0.896  1.862  61  48 0.0015 0.0009 0.0059 0.0008 0.0006  0.001 
     111 773 19 37 17 +00 10 38   8.96  0.206  -0.21  0.119  0.144  0.262  66  47 0.0012  0.001 0.0017 0.0007 0.0007 0.0009 
    111 1925 19 37 29 +00 24 40  12.39  0.395  0.262  0.221  0.253  0.474  26  13 0.0018 0.0014 0.0043 0.0018 0.0014 0.0024 
    111 1965 19 37 42 +00 26 30  11.42   1.71  1.865  0.951  0.877   1.83  16   8 0.0018 0.0038  0.009  0.001  0.001 0.0013 
    111 1969 19 37 44 +00 25 27  10.38  1.959  2.306  1.177  1.222    2.4  58  47 0.0017 0.0014 0.0054 0.0008 0.0009 0.0013 
    111 2039 19 38 05 +00 31 52   12.4  1.369  1.237  0.739  0.689   1.43   8   4 0.0021 0.0028  0.012 0.0021 0.0021 0.0021 
    111 2088 19 38 22 +00 30 40  13.19   1.61  1.678  0.888  0.818  1.708   8   4 0.0014 0.0042  0.011 0.0018 0.0014 0.0018 
    111 2093 19 38 24 +00 31 05  12.54  0.637  0.283   0.37  0.397  0.766   8   4 0.0025 0.0035 0.0071 0.0032 0.0021 0.0039 
     112 595 20 41 19 +00 16 11  11.35  1.601  1.993  0.899  0.901  1.801  46  37 0.0022 0.0016 0.0061 0.0009 0.0012 0.0015 
     112 704 20 42 03 +00 18 53  11.45  1.536  1.742  0.822  0.746   1.57  19  12  0.003 0.0023 0.0076 0.0021 0.0018 0.0025 
     112 223 20 42 15 +00 08 44  11.42  0.454   0.01  0.273  0.274  0.547  45  37 0.0012 0.0009 0.0021 0.0012  0.001 0.0016 
     112 250 20 42 27 +00 07 25   12.1  0.532 -0.025  0.317  0.323  0.639  18  12 0.0021 0.0019 0.0042 0.0019 0.0019 0.0026 
     112 275 20 42 36 +00 07 03   9.91   1.21  1.299  0.647  0.569  1.217  63  48 0.0001 0.0009 0.0025 0.0008 0.0005 0.0009 
     112 805 20 42 47 +00 15 51  12.09  0.152   0.15  0.063  0.075  0.138  51  42  0.001 0.0011 0.0028 0.0011 0.0015 0.0021 
     112 822 20 42 56 +00 14 47  11.55  1.031  0.883  0.558  0.502   1.06  36  27 0.0012 0.0015  0.004 0.0008  0.001 0.0012 
      MARKA2 20 43 54 -10 45 32  14.54  0.666  0.096  0.379  0.371  0.751  21  10 0.0028 0.0031 0.0046 0.0024  0.005 0.0059 
     MARK A1 20 43 58 -10 47 11  15.91  0.609 -0.014  0.367  0.373   0.74  25  10  0.004  0.009 0.0136 0.0044 0.0128 0.0148 
      MARK A 20 43 59 -10 47 42  13.26 -0.242 -1.162 -0.115 -0.125 -0.241  39  22 0.0019 0.0018 0.0038 0.0018 0.0045 0.0048 
     MARK A3 20 44 02 -10 45 39  14.82  0.938  0.651  0.587   0.51  1.098  22  10 0.0024 0.0034 0.0105 0.0021  0.003 0.0045 
    WOLF 918 21 11 30 -13 08 22  10.87  1.494  1.146  0.981  1.088  2.065   8   4  0.005 0.0039 0.0053 0.0025 0.0032 0.0028 
       G26 7 21 31 16 -09 47 28  12.01  1.669  1.235    1.3  1.695  2.986   6   3 0.0057 0.0037 0.0204 0.0053 0.0049 0.0074 
     113 440 21 40 35 +00 41 32   11.8  0.637  0.167  0.363   0.35  0.715   2   1 0.0014 0.0014 0.0042    0.0 0.0028 0.0021 
     113 221 21 40 37 +00 20 47  12.07  1.031  0.874   0.55   0.49  1.041  24  10 0.0016  0.002 0.0055 0.0018 0.0014 0.0023 
      113 L1 21 40 47 +00 28 19  15.53  1.343   1.18  0.867  0.723  1.594   2   1 0.0042 0.0509 0.1867  0.005  0.005 0.0007 
     113 337 21 40 49 +00 27 42  14.23  0.519 -0.025  0.351  0.331  0.682   5   3  0.013 0.0058 0.0085 0.0072 0.0063 0.0116 
     113 339 21 40 56 +00 27 44  12.25  0.568 -0.034   0.34  0.347  0.687  31  18  0.002  0.002 0.0038 0.0014 0.0016 0.0025 
     113 342 21 41 00 +00 27 21  10.88  1.015  0.696  0.537  0.513   1.05   7   3 0.0015 0.0015 0.0061 0.0019 0.0023 0.0049 
     113 233 21 41 00 +00 21 47   12.4  0.549  0.096  0.338  0.322  0.661   2   1 0.0021 0.0014 0.0007    0.0 0.0007 0.0007 
     113 239 21 41 08 +00 22 19  13.04  0.516  0.051  0.318  0.327  0.647   2   1 0.0057 0.0028 0.0042 0.0014 0.0035  0.005 
     113 241 21 41 10 +00 25 37  14.35  1.344  1.452  0.897  0.797  1.683  22   9 0.0019 0.0032 0.0056 0.0012 0.0031 0.0038 
     113 245 21 41 14 +00 21 38  15.67  0.628  0.112  0.396  0.318  0.716   2   1 0.0092 0.0099 0.0021  0.024 0.0106 0.0354 
     113 459 21 41 15 +00 42 50  12.13  0.535 -0.018  0.307  0.313  0.623   4   2  0.007 0.0055  0.007 0.0055  0.006 0.0105 
     113 250 21 41 25 +00 20 28  13.16  0.505 -0.003  0.309  0.316  0.626   4   2 0.0025 0.0025 0.0165 0.0035 0.0045 0.0045 
     113 466 21 41 28 +00 40 00   10.0  0.454 -0.001  0.281  0.282  0.563  58  41 0.0007 0.0008 0.0016 0.0009 0.0008 0.0012 
     113 259 21 41 45 +00 17 24  11.74  1.194  1.221  0.621  0.543  1.166  48  34  0.001 0.0016 0.0032  0.001  0.001 0.0013 
     113 260 21 41 49 +00 23 39  12.41  0.514  0.069  0.308  0.298  0.606  23  11 0.0044 0.0021 0.0029 0.0019 0.0015 0.0019 
     113 475 21 41 51 +00 39 05  10.31  1.058  0.844   0.57  0.527  1.098  40  30 0.0013 0.0011 0.0027  0.001  0.001 0.0011 
     113 366 21 41 54 +00 29 08  13.54  1.096  0.896  0.623  0.588  1.211   2   1 0.0007  0.005  0.005 0.0113 0.0021 0.0099 
     113 263 21 41 54 +00 25 24  15.48   0.28  0.074  0.194  0.207  0.401   4   1   0.01  0.008  0.025 0.0035  0.012  0.014 
     113 265 21 41 54 +00 17 49  14.93  0.639  0.101  0.411  0.395  0.807   9   4  0.018  0.012 0.0163  0.016  0.017 0.0263 
     113 268 21 41 58 +00 19 40  15.28  0.589 -0.018  0.379  0.407  0.786   6   2 0.0033 0.0094 0.0229 0.0078 0.0208 0.0229 
      113 34 21 41 59 +00 00 54  15.17  0.484 -0.054  0.306  0.346  0.652   2   1 0.0014 0.0035 0.0205 0.0106 0.0127 0.0021 
     113 372 21 42 02 +00 28 23  13.68   0.67   0.08  0.395   0.37  0.766   2   1 0.0042 0.0028 0.0141 0.0042 0.0099 0.0064 
     113 149 21 42 06 +00 09 14  13.47  0.621  0.043  0.379  0.386  0.765   2   1 0.0078 0.0149 0.0099  0.005 0.0085 0.0042 
     113 153 21 42 10 +00 14 53  14.48  0.745  0.285  0.462  0.441  0.902   3   2 0.1051 0.0381 0.0502 0.0121 0.0139 0.0064 
     113 272 21 42 21 +00 20 44   13.9  0.633  0.067   0.37   0.34   0.71   2   1 0.0014 0.0007 0.0255 0.0007 0.0134  0.012 
     113 158 21 42 22 +00 13 56  13.12  0.723  0.247  0.407  0.374  0.782   3   2 0.0035 0.0023  0.004 0.0029 0.0046 0.0029 
     113 156 21 42 22 +00 11 58  11.22  0.526 -0.057  0.303  0.314  0.618   2   1 0.0035 0.0035 0.0057 0.0042 0.0007 0.0028 
     113 491 21 42 25 +00 43 40  14.37  0.764  0.306  0.434   0.42  0.854   4   2 0.0025  0.002 0.0185 0.0085 0.0095 0.0175 
     113 492 21 42 28 +00 38 08  12.17  0.553  0.005  0.342  0.341  0.684   9   5 0.0033 0.0063 0.0063 0.0027 0.0033 0.0053 
     113 493 21 42 29 +00 37 57  11.77  0.786  0.392   0.43  0.393  0.824   8   4 0.0039 0.0035 0.0064 0.0028 0.0018 0.0039 
     113 495 21 42 30 +00 37 54  12.44  0.947   0.53  0.512  0.497   1.01   6   3 0.0025 0.0029 0.0053 0.0033 0.0037 0.0057 
     113 163 21 42 36 +00 16 33  14.54  0.658  0.106   0.38  0.355  0.735  15   7 0.0041 0.0049 0.0093 0.0054 0.0083 0.0108 
     113 281 21 42 39 +00 18 41  15.25  0.529 -0.026  0.347  0.359  0.706   2   1 0.0078 0.0014 0.0311 0.0021 0.0368 0.0389 
     113 165 21 42 39 +00 15 20  15.64  0.601  0.003  0.354  0.392  0.746   2   1 0.0007 0.0057 0.0297 0.0212 0.0431 0.0644 
     113 167 21 42 42 +00 15 55  14.84  0.597 -0.034  0.351  0.376  0.728   2   1 0.0007 0.0099  0.024 0.0071 0.0141 0.0219 
     113 177 21 42 57 +00 14 33  13.56  0.789  0.318  0.456  0.436   0.89  27  13 0.0052  0.004  0.006 0.0044 0.0037 0.0056 
     113 182 21 43 09 +00 14 38  14.37  0.659  0.065  0.402  0.422  0.824  13   6 0.0144 0.0089 0.0089 0.0039 0.0086 0.0089 
     113 187 21 43 21 +00 16 39  15.08  1.063  0.969  0.638  0.535  1.174   7   4 0.0061 0.0163 0.0299 0.0068 0.0042 0.0072 
     113 189 21 43 28 +00 17 09  15.42  1.118  0.958  0.713  0.605  1.319   8   4 0.0138 0.0127 0.0714 0.0113 0.0074 0.0156 
     113 307 21 43 31 +00 17 49  14.21  1.128  0.911   0.63  0.614  1.245   2   1  0.005 0.0269 0.0035 0.0014 0.0219 0.0198 
     113 191 21 43 34 +00 15 43  12.34  0.799  0.223  0.471  0.466  0.937   7   4 0.0042 0.0023 0.0045 0.0023 0.0023 0.0034 
     113 195 21 43 41 +00 17 09  13.69   0.73  0.201  0.418  0.413  0.832  10   5 0.0051 0.0057 0.0101 0.0032 0.0038 0.0032 
      G93 48 21 52 25 +02 23 20  12.74 -0.008 -0.792 -0.097 -0.094 -0.191  56  40 0.0013 0.0012 0.0024 0.0012 0.0024 0.0027 
 PG2213-006C 22 16 18 -00 22 18  15.11  0.721  0.177  0.426  0.404   0.83   7   4 0.0045 0.0057 0.0068 0.0023 0.0068 0.0064 
 PG2213-006B 22 16 22 -00 21 51  12.71  0.749  0.297  0.427  0.402  0.829   7   4 0.0011 0.0023 0.0027 0.0008 0.0015 0.0015 
 PG2213-006A 22 16 24 -00 21 29  14.18  0.673    0.1  0.406  0.403  0.808   9   5  0.005 0.0033 0.0057  0.003  0.005  0.006 
  PG2213-006 22 16 28 -00 21 17  14.12 -0.217 -1.125 -0.092  -0.11 -0.203  10   5 0.0022 0.0029 0.0063 0.0044 0.0085 0.0092 
     G156 31 22 38 28 -15 19 17  12.36  1.993  1.408  1.648  2.042  3.684  20   8 0.0027 0.0049  0.013 0.0027 0.0027 0.0029 
     114 531 22 40 37 +00 51 49  12.09  0.733  0.186  0.422  0.403  0.825  42  32 0.0011 0.0015 0.0028 0.0009 0.0012 0.0015 
     114 637 22 40 43 +01 03 02  12.07  0.801  0.307  0.456  0.415  0.872  15   8 0.0044 0.0018  0.008 0.0026 0.0023 0.0028 
     114 446 22 41 04 +00 45 56  12.06  0.737  0.237  0.397  0.369  0.769   2   1 0.0035 0.0035 0.0064 0.0035 0.0028 0.0007 
     114 654 22 41 26 +01 10 03  11.83  0.656  0.178  0.368  0.341  0.711   6   3 0.0008 0.0037 0.0057 0.0016 0.0033 0.0037 
     114 656 22 41 35 +01 11 01  12.64  0.965  0.698  0.547  0.506  1.051   5   1 0.0036 0.0067 0.0219  0.004 0.0018 0.0049 
     114 548 22 41 37 +00 58 59   11.6  1.362  1.573  0.738  0.651  1.387  52  42 0.0014 0.0017 0.0058  0.001  0.001 0.0014 
     114 750 22 41 45 +01 12 30  11.92 -0.041 -0.354  0.027 -0.015  0.011  57  46 0.0015 0.0013 0.0024 0.0013 0.0021 0.0025 
     114 670 22 42 10 +01 10 09   11.1  1.206  1.223  0.645  0.561  1.208  16  10 0.0028 0.0015 0.0118  0.002 0.0023  0.002 
     114 176 22 43 11 +00 21 09   9.24  1.485  1.853    0.8  0.717  1.521  60  43  0.001 0.0013 0.0032 0.0007 0.0008 0.0009 
      GD 246 23 12 35 +10 50 27  13.09 -0.318 -1.187 -0.148 -0.183 -0.332  73  57 0.0018 0.0015 0.0022 0.0012 0.0028 0.0032 
       F 108 23 16 12 -01 50 35  12.96 -0.235 -1.052 -0.103 -0.135 -0.239  76  58 0.0014 0.0016 0.0021 0.0014 0.0029  0.003 
     G156 57 22 53 16 -14 15 38  10.18  1.556  1.182  1.174  1.542  2.713  14   7 0.0027 0.0019 0.0072 0.0011 0.0027 0.0027 
  PG2317+046 23 19 55 +04 52 34  12.88 -0.246 -1.137 -0.074 -0.035 -0.118  10   4 0.0085 0.0041 0.0079 0.0032 0.0029 0.0079 
  PG2331+055 23 33 44 +05 46 35  15.18 -0.066 -0.487 -0.012 -0.031 -0.044   2   1 0.0057 0.0071 0.0035 0.0078 0.0057 0.0127 
 PG2331+055A 23 33 49 +05 46 48  13.05  0.741  0.257  0.419  0.401  0.821   2   1 0.0021 0.0014 0.0014 0.0014 0.0014 0.0014 
 PG2331+055B 23 33 51 +05 45 06  14.74  0.819  0.429  0.481  0.454  0.935   2   1 0.0035 0.0007 0.0014 0.0035 0.0064 0.0021 
 PG2336+004B 23 38 38 +00 42 42  12.43  0.507 -0.035  0.314  0.316  0.625   2   1 0.0007 0.0021 0.0021    0.0 0.0014 0.0014 
 PG2336+004A 23 38 42 +00 42 24  11.28  0.679  0.135  0.398  0.372  0.767   2   1 0.0007 0.0014    0.0    0.0 0.0014 0.0014 
  PG2336+004 23 38 43 +00 42 55   15.9 -0.172 -0.781 -0.061 -0.048  -0.11   2   1 0.0113 0.0099 0.0007 0.0092 0.0127 0.0226 
     115 554 23 41 31 +01 26 24  11.81  1.005  0.548  0.586  0.538  1.127   2   1 0.0042 0.0028 0.0028 0.0057 0.0021 0.0028 
     115 486 23 41 33 +01 16 43  12.48  0.493 -0.049  0.298  0.308  0.607  16   9 0.0025 0.0035 0.0048  0.002  0.002  0.002 
     115 412 23 42 01 +01 08 58  12.21  0.573  -0.04  0.327  0.335  0.665   2   1 0.0021  0.005 0.0035 0.0007 0.0021 0.0021 
     115 268 23 42 30 +00 52 09  12.49  0.634  0.077  0.366  0.348  0.714   1   1    0.0    0.0    0.0    0.0    0.0    0.0 
     115 420 23 42 36 +01 05 56  11.16  0.468 -0.027  0.286  0.293   0.58  51  42 0.0013 0.0011  0.002 0.0013  0.001 0.0015 
     115 271 23 42 41 +00 45 08    9.7  0.615  0.101  0.353  0.349  0.701  77  55  0.001  0.001 0.0014 0.0009 0.0008 0.0011 
     115 516 23 44 15 +01 14 11  10.43  1.028  0.759  0.563  0.534  1.098  60  49 0.0012  0.001 0.0019 0.0009 0.0008  0.001 
  PG2349+002 23 51 53 +00 28 17  13.28 -0.191 -0.921 -0.103 -0.116 -0.219  11   5 0.0063 0.0106 0.0078 0.0057 0.0078  0.006 
