Title: Predicting QSO Continua in the Ly{alpha} Forest 
Authors: Suzuki N., Tytler D., Kirkman D., O'Meara J.M., Lubin D. 
Table: Principal Component Spectra {zeta}_j_: 
       1216 Angstroms {<=} {lambda} {<=} 1600 Angstroms
================================================================================
Byte-by-byte Description of file: datafile4.txt
--------------------------------------------------------------------------------
   Bytes Format Units Label  Explanations
--------------------------------------------------------------------------------
   1-  6 F6.1   0.1nm Wave   Rest frame wavelength in Angstroms
   8- 14 F7.5   ---   Flux   Mean flux of 50 QSOs normalized near 1280 Angstroms
  16- 22 F7.5   --- e_Flux   Standard deviation of Flux
  24- 31 F8.5   ---   zeta1  The 1st principal component
  33- 40 F8.5   ---   zeta2  The 2nd principal component
  42- 49 F8.5   ---   zeta3  The 3rd principal component
  51- 58 F8.5   ---   zeta4  The 4th principal component
  60- 67 F8.5   ---   zeta5  The 5th principal component
  69- 76 F8.5   ---   zeta6  The 6th principal component
  78- 85 F8.5   ---   zeta7  The 7th principal component
  87- 94 F8.5   ---   zeta8  The 8th principal component
  96-103 F8.5   ---   zeta9  The 9th principal component
 105-112 F8.5   ---   zeta10 The 10th principal component
--------------------------------------------------------------------------------
1216.0 5.39860 1.93192 -0.31652  0.18684 -0.00811  0.30349 -0.38358  0.08155 -0.06726  0.12496 -0.18303  0.03378
1216.5 5.25604 1.82068 -0.30407  0.16365 -0.01258  0.27172 -0.26224  0.06730 -0.03551  0.06621 -0.03089 -0.02143
1217.0 5.02616 1.66459 -0.28313  0.12734 -0.01742  0.22022 -0.10538  0.03272  0.02735 -0.00139  0.12671 -0.05631
1217.5 4.77968 1.51342 -0.25997  0.09309 -0.02083  0.17574 -0.00112 -0.00456  0.10191 -0.03606  0.18854 -0.05364
1218.0 4.53312 1.36783 -0.23660  0.06652 -0.02503  0.13371  0.07216 -0.02431  0.14354 -0.03611  0.16676 -0.01828
1218.5 4.30530 1.23655 -0.21414  0.05041 -0.03237  0.09077  0.14690 -0.04369  0.14583 -0.00195  0.12113 -0.02125
1219.0 4.08992 1.12071 -0.19364  0.03613 -0.03675  0.04452  0.20874 -0.04859  0.11915  0.02409  0.07408 -0.03937
1219.5 3.89222 1.01926 -0.17487  0.02654 -0.04070  0.00344  0.23949 -0.04743  0.10075  0.03820  0.02208 -0.04648
1220.0 3.71422 0.93482 -0.15906  0.02260 -0.04782 -0.02077  0.24045 -0.04588  0.09126  0.05508 -0.00846 -0.02731
1220.5 3.55114 0.86222 -0.14664  0.02287 -0.06896 -0.01370  0.20879 -0.00759  0.08320  0.00907 -0.02545 -0.04724
1221.0 3.39830 0.79010 -0.13269  0.01950 -0.08110 -0.02693  0.20337  0.00946  0.07600  0.02058 -0.04043 -0.05235
1221.5 3.26008 0.72620 -0.12017  0.01714 -0.09171 -0.04002  0.18855  0.02865  0.06670  0.03371 -0.05819 -0.04859
1222.0 3.13392 0.66953 -0.10881  0.01513 -0.10077 -0.05139  0.16900  0.04697  0.05607  0.04753 -0.07444 -0.03931
1222.5 3.01730 0.61865 -0.09835  0.01280 -0.10827 -0.06071  0.14777  0.06269  0.04473  0.06041 -0.08716 -0.02715
1223.0 2.90862 0.57301 -0.08872  0.00984 -0.11444 -0.06748  0.12694  0.07584  0.03276  0.06923 -0.09279 -0.01420
1223.5 2.81000 0.53340 -0.08007  0.00718 -0.11937 -0.07226  0.10559  0.08655  0.02033  0.07679 -0.09487 -0.00218
1224.0 2.72092 0.49916 -0.07230  0.00489 -0.12342 -0.07522  0.08382  0.09516  0.00804  0.08275 -0.09470  0.00837
1224.5 2.64048 0.47040 -0.06547  0.00293 -0.12672 -0.07684  0.06270  0.10143 -0.00378  0.08714 -0.09193  0.01789
1225.0 2.54020 0.44083 -0.05666  0.00173 -0.13171 -0.08019  0.03655  0.11367 -0.01736  0.09584 -0.09626  0.03422
1225.5 2.47682 0.42098 -0.05153  0.00003 -0.13304 -0.07949  0.01737  0.11538 -0.02868  0.09572 -0.08787  0.03988
1226.0 2.41982 0.40405 -0.04703 -0.00201 -0.13383 -0.07832  0.00064  0.11505 -0.03941  0.09395 -0.07778  0.04262
1226.5 2.36860 0.38916 -0.04304 -0.00427 -0.13408 -0.07678 -0.01380  0.11283 -0.04941  0.09069 -0.06591  0.04265
1227.0 2.32256 0.37610 -0.03952 -0.00688 -0.13389 -0.07529 -0.02631  0.10927 -0.05839  0.08623 -0.05362  0.04039
1227.5 2.28166 0.36434 -0.03636 -0.00976 -0.13349 -0.07357 -0.03650  0.10387 -0.06614  0.08027 -0.04073  0.03579
1228.0 2.24490 0.35394 -0.03359 -0.01281 -0.13275 -0.07196 -0.04443  0.09777 -0.07299  0.07314 -0.02768  0.02961
1228.5 2.21226 0.34436 -0.03109 -0.01608 -0.13178 -0.07017 -0.05086  0.09034 -0.07869  0.06510 -0.01537  0.02138
1229.0 2.18334 0.33602 -0.02893 -0.01956 -0.13070 -0.06862 -0.05525  0.08198 -0.08299  0.05618 -0.00395  0.01293
1229.5 2.15798 0.32878 -0.02704 -0.02304 -0.12962 -0.06689 -0.05812  0.07307 -0.08606  0.04636  0.00735  0.00232
1230.0 2.13562 0.32239 -0.02539 -0.02640 -0.12842 -0.06512 -0.06005  0.06384 -0.08797  0.03631  0.01644 -0.00793
1230.5 2.11622 0.31722 -0.02400 -0.02984 -0.12734 -0.06335 -0.06073  0.05406 -0.08834  0.02581  0.02447 -0.01878
1231.0 2.09956 0.31323 -0.02285 -0.03313 -0.12636 -0.06146 -0.06085  0.04434 -0.08779  0.01515  0.03108 -0.02862
1231.5 2.08528 0.31008 -0.02195 -0.03627 -0.12537 -0.05935 -0.06027  0.03503 -0.08609  0.00473  0.03617 -0.03901
1232.0 2.07334 0.30793 -0.02126 -0.03927 -0.12461 -0.05709 -0.05923  0.02592 -0.08316 -0.00574  0.04012 -0.04728
1232.5 2.06336 0.30652 -0.02075 -0.04194 -0.12400 -0.05480 -0.05810  0.01693 -0.07900 -0.01554  0.04259 -0.05507
1233.0 2.05500 0.30558 -0.02047 -0.04444 -0.12332 -0.05208 -0.05683  0.00842 -0.07424 -0.02515  0.04378 -0.06174
1233.5 2.04802 0.30527 -0.02035 -0.04667 -0.12289 -0.04933 -0.05538  0.00026 -0.06856 -0.03418  0.04365 -0.06678
1234.0 2.04220 0.30532 -0.02038 -0.04855 -0.12251 -0.04643 -0.05407 -0.00721 -0.06225 -0.04251  0.04290 -0.07098
1234.5 2.03740 0.30512 -0.02051 -0.05003 -0.12200 -0.04335 -0.05297 -0.01440 -0.05498 -0.05050  0.04114 -0.07337
1235.0 2.03308 0.30535 -0.02079 -0.05132 -0.12153 -0.04008 -0.05190 -0.02128 -0.04761 -0.05817  0.03902 -0.07472
1235.5 2.02912 0.30531 -0.02112 -0.05209 -0.12097 -0.03693 -0.05097 -0.02763 -0.03970 -0.06504  0.03610 -0.07486
1236.0 2.02534 0.30511 -0.02151 -0.05267 -0.12018 -0.03372 -0.05028 -0.03387 -0.03156 -0.07169  0.03263 -0.07348
1236.5 2.02116 0.30463 -0.02194 -0.05285 -0.11919 -0.03061 -0.04985 -0.03977 -0.02345 -0.07754  0.02897 -0.07166
1237.0 2.01644 0.30365 -0.02238 -0.05256 -0.11803 -0.02767 -0.04947 -0.04532 -0.01527 -0.08287  0.02508 -0.06790
1237.5 2.01102 0.30238 -0.02279 -0.05206 -0.11664 -0.02483 -0.04925 -0.05091 -0.00710 -0.08779  0.02126 -0.06404
1238.0 2.00472 0.30044 -0.02315 -0.05121 -0.11492 -0.02221 -0.04907 -0.05619  0.00102 -0.09234  0.01696 -0.05884
1238.5 1.99664 0.29800 -0.02349 -0.05005 -0.11294 -0.01972 -0.04897 -0.06131  0.00866 -0.09624  0.01306 -0.05311
1239.0 1.98752 0.29517 -0.02379 -0.04867 -0.11072 -0.01773 -0.04901 -0.06619  0.01601 -0.09958  0.00863 -0.04743
1239.5 1.97674 0.29136 -0.02399 -0.04702 -0.10803 -0.01604 -0.04883 -0.07079  0.02353 -0.10265  0.00508 -0.04053
1240.0 1.96438 0.28711 -0.02415 -0.04519 -0.10512 -0.01464 -0.04873 -0.07511  0.02988 -0.10489  0.00113 -0.03351
1240.5 1.95022 0.28204 -0.02419 -0.04311 -0.10191 -0.01361 -0.04861 -0.07921  0.03608 -0.10667 -0.00221 -0.02542
1241.0 1.93426 0.27653 -0.02414 -0.04102 -0.09852 -0.01278 -0.04822 -0.08281  0.04178 -0.10794 -0.00553 -0.01745
1241.5 1.91666 0.27045 -0.02400 -0.03886 -0.09494 -0.01233 -0.04780 -0.08601  0.04663 -0.10834 -0.00816 -0.00918
1242.0 1.89732 0.26362 -0.02376 -0.03664 -0.09104 -0.01238 -0.04716 -0.08865  0.05111 -0.10804 -0.01047 -0.00063
1242.5 1.87650 0.25644 -0.02344 -0.03438 -0.08714 -0.01251 -0.04635 -0.09055  0.05482 -0.10705 -0.01247  0.00819
1243.0 1.85422 0.24880 -0.02305 -0.03218 -0.08303 -0.01291 -0.04535 -0.09204  0.05796 -0.10537 -0.01404  0.01673
1243.5 1.83072 0.24091 -0.02256 -0.03004 -0.07905 -0.01354 -0.04404 -0.09288  0.06009 -0.10290 -0.01549  0.02535
1244.0 1.80592 0.23261 -0.02199 -0.02803 -0.07489 -0.01433 -0.04256 -0.09319  0.06210 -0.09956 -0.01530  0.03418
1244.5 1.78028 0.22432 -0.02138 -0.02610 -0.07093 -0.01518 -0.04100 -0.09280  0.06306 -0.09608 -0.01511  0.04289
1245.0 1.75398 0.21541 -0.02064 -0.02429 -0.06688 -0.01614 -0.03914 -0.09171  0.06350 -0.09146 -0.01473  0.05056
1245.5 1.72692 0.20682 -0.01992 -0.02253 -0.06306 -0.01712 -0.03711 -0.09006  0.06372 -0.08648 -0.01331  0.05926
1246.0 1.69960 0.19808 -0.01912 -0.02107 -0.05939 -0.01805 -0.03489 -0.08778  0.06286 -0.08098 -0.01167  0.06586
1246.5 1.67206 0.18926 -0.01829 -0.01964 -0.05584 -0.01882 -0.03268 -0.08500  0.06169 -0.07498 -0.00892  0.07302
1247.0 1.64470 0.18058 -0.01744 -0.01839 -0.05251 -0.01963 -0.03021 -0.08176  0.05978 -0.06896 -0.00673  0.07899
1247.5 1.61760 0.17204 -0.01655 -0.01733 -0.04939 -0.02014 -0.02790 -0.07830  0.05790 -0.06244 -0.00335  0.08456
1248.0 1.59090 0.16369 -0.01567 -0.01628 -0.04649 -0.02064 -0.02561 -0.07435  0.05536 -0.05607 -0.00042  0.08970
1248.5 1.56452 0.15564 -0.01482 -0.01542 -0.04383 -0.02106 -0.02325 -0.06983  0.05268 -0.04972  0.00343  0.09398
1249.0 1.53898 0.14768 -0.01392 -0.01452 -0.04144 -0.02109 -0.02119 -0.06558  0.04933 -0.04347  0.00702  0.09698
1249.5 1.51430 0.14008 -0.01308 -0.01388 -0.03920 -0.02091 -0.01919 -0.06074  0.04639 -0.03726  0.01046  0.09981
1250.0 1.49044 0.13314 -0.01226 -0.01318 -0.03728 -0.02076 -0.01745 -0.05648  0.04332 -0.03147  0.01365  0.10176
1250.5 1.46768 0.12628 -0.01147 -0.01262 -0.03562 -0.02019 -0.01574 -0.05174  0.04011 -0.02597  0.01768  0.10195
1251.0 1.44598 0.12027 -0.01075 -0.01210 -0.03414 -0.01958 -0.01450 -0.04722  0.03713 -0.02111  0.02108  0.10276
1251.5 1.42540 0.11426 -0.01003 -0.01160 -0.03285 -0.01868 -0.01344 -0.04283  0.03392 -0.01670  0.02438  0.10201
1252.0 1.40594 0.10887 -0.00940 -0.01113 -0.03170 -0.01753 -0.01262 -0.03845  0.03134 -0.01264  0.02729  0.10075
1252.5 1.38762 0.10406 -0.00881 -0.01072 -0.03084 -0.01640 -0.01216 -0.03434  0.02866 -0.00950  0.02971  0.09927
1253.0 1.37052 0.09966 -0.00825 -0.01038 -0.03012 -0.01510 -0.01207 -0.03031  0.02640 -0.00635  0.03207  0.09664
1253.5 1.35478 0.09581 -0.00778 -0.01003 -0.02953 -0.01371 -0.01206 -0.02656  0.02458 -0.00436  0.03439  0.09364
1254.0 1.33998 0.09256 -0.00737 -0.00982 -0.02915 -0.01219 -0.01236 -0.02290  0.02274 -0.00255  0.03631  0.09033
1254.5 1.32652 0.08980 -0.00697 -0.00962 -0.02885 -0.01067 -0.01305 -0.01954  0.02138 -0.00136  0.03814  0.08667
1255.0 1.31406 0.08743 -0.00666 -0.00947 -0.02860 -0.00898 -0.01370 -0.01635  0.02015 -0.00043  0.03918  0.08341
1255.5 1.30282 0.08569 -0.00635 -0.00939 -0.02850 -0.00731 -0.01456 -0.01347  0.01960 -0.00022  0.04064  0.07950
1256.0 1.29248 0.08445 -0.00613 -0.00946 -0.02845 -0.00570 -0.01566 -0.01072  0.01908 -0.00031  0.04193  0.07529
1256.5 1.28322 0.08367 -0.00593 -0.00965 -0.02837 -0.00398 -0.01676 -0.00834  0.01875 -0.00066  0.04324  0.07150
1257.0 1.27474 0.08331 -0.00574 -0.00987 -0.02839 -0.00225 -0.01809 -0.00579  0.01873 -0.00163  0.04412  0.06795
1257.5 1.26724 0.08332 -0.00560 -0.01020 -0.02842 -0.00078 -0.01924 -0.00363  0.01917 -0.00208  0.04495  0.06389
1258.0 1.26022 0.08376 -0.00547 -0.01065 -0.02843  0.00073 -0.02050 -0.00187  0.01940 -0.00341  0.04611  0.06072
1258.5 1.25380 0.08440 -0.00533 -0.01114 -0.02845  0.00221 -0.02158 -0.00008  0.01974 -0.00502  0.04670  0.05743
1259.0 1.24808 0.08518 -0.00524 -0.01166 -0.02843  0.00354 -0.02260  0.00143  0.02034 -0.00602  0.04767  0.05441
1259.5 1.24290 0.08644 -0.00511 -0.01240 -0.02844  0.00484 -0.02355  0.00293  0.02093 -0.00763  0.04900  0.05183
1260.0 1.23780 0.08754 -0.00498 -0.01308 -0.02844  0.00599 -0.02424  0.00389  0.02123 -0.00917  0.04931  0.05014
1260.5 1.23298 0.08862 -0.00487 -0.01379 -0.02822  0.00696 -0.02495  0.00514  0.02201 -0.01083  0.05006  0.04784
1261.0 1.22842 0.08962 -0.00470 -0.01447 -0.02805  0.00787 -0.02534  0.00600  0.02214 -0.01223  0.05068  0.04617
1261.5 1.22388 0.09061 -0.00454 -0.01512 -0.02793  0.00849 -0.02562  0.00651  0.02236 -0.01411  0.05099  0.04506
1262.0 1.21928 0.09135 -0.00435 -0.01582 -0.02761  0.00912 -0.02572  0.00685  0.02248 -0.01563  0.05088  0.04454
1262.5 1.21454 0.09164 -0.00413 -0.01639 -0.02721  0.00944 -0.02562  0.00693  0.02239 -0.01725  0.05045  0.04388
1263.0 1.20970 0.09176 -0.00390 -0.01685 -0.02684  0.00977 -0.02526  0.00700  0.02227 -0.01884  0.04982  0.04384
1263.5 1.20454 0.09137 -0.00363 -0.01728 -0.02637  0.00974 -0.02465  0.00681  0.02173 -0.02056  0.04848  0.04379
1264.0 1.19910 0.09064 -0.00335 -0.01761 -0.02576  0.00962 -0.02414  0.00631  0.02124 -0.02198  0.04722  0.04411
1264.5 1.19328 0.08949 -0.00304 -0.01766 -0.02526  0.00936 -0.02314  0.00564  0.02054 -0.02344  0.04518  0.04445
1265.0 1.18714 0.08780 -0.00269 -0.01757 -0.02463  0.00899 -0.02224  0.00489  0.01968 -0.02461  0.04260  0.04515
1265.5 1.18054 0.08567 -0.00234 -0.01742 -0.02385  0.00841 -0.02109  0.00382  0.01860 -0.02619  0.03901  0.04522
1266.0 1.17360 0.08315 -0.00197 -0.01705 -0.02305  0.00774 -0.01972  0.00289  0.01751 -0.02717  0.03563  0.04596
1266.5 1.16634 0.08067 -0.00158 -0.01658 -0.02244  0.00692 -0.01829  0.00165  0.01644 -0.02801  0.03164  0.04670
1267.0 1.15882 0.07765 -0.00121 -0.01586 -0.02153  0.00607 -0.01679  0.00014  0.01526 -0.02892  0.02781  0.04701
1267.5 1.15098 0.07460 -0.00082 -0.01508 -0.02064  0.00509 -0.01518 -0.00118  0.01396 -0.02953  0.02312  0.04749
1268.0 1.14268 0.07167 -0.00043 -0.01426 -0.01975  0.00409 -0.01359 -0.00234  0.01283 -0.03007  0.01829  0.04793
1268.5 1.13456 0.06867 -0.00005 -0.01320 -0.01891  0.00307 -0.01187 -0.00387  0.01150 -0.03011  0.01358  0.04787
1269.0 1.12600 0.06553  0.00031 -0.01206 -0.01794  0.00200 -0.01000 -0.00538  0.01012 -0.03027  0.00821  0.04732
1269.5 1.11750 0.06275  0.00065 -0.01093 -0.01704  0.00112 -0.00835 -0.00667  0.00898 -0.02980  0.00353  0.04703
1270.0 1.10898 0.06024  0.00099 -0.00979 -0.01603  0.00013 -0.00673 -0.00788  0.00790 -0.02942 -0.00125  0.04654
1270.5 1.10046 0.05759  0.00128 -0.00862 -0.01516 -0.00077 -0.00488 -0.00903  0.00719 -0.02824 -0.00562  0.04543
1271.0 1.09212 0.05511  0.00155 -0.00744 -0.01422 -0.00152 -0.00326 -0.00999  0.00612 -0.02729 -0.01003  0.04382
1271.5 1.08382 0.05286  0.00176 -0.00637 -0.01334 -0.00224 -0.00205 -0.01107  0.00525 -0.02567 -0.01354  0.04294
1272.0 1.07588 0.05023  0.00191 -0.00538 -0.01241 -0.00274 -0.00052 -0.01143  0.00450 -0.02382 -0.01665  0.04102
1272.5 1.06828 0.04779  0.00202 -0.00442 -0.01149 -0.00321  0.00068 -0.01192  0.00404 -0.02225 -0.01949  0.03869
1273.0 1.06074 0.04523  0.00210 -0.00354 -0.01058 -0.00342  0.00166 -0.01222  0.00353 -0.01991 -0.02149  0.03613
1273.5 1.05354 0.04243  0.00212 -0.00280 -0.00972 -0.00359  0.00237 -0.01242  0.00312 -0.01752 -0.02304  0.03347
1274.0 1.04690 0.03971  0.00208 -0.00224 -0.00880 -0.00358  0.00309 -0.01249  0.00274 -0.01529 -0.02382  0.03073
1274.5 1.04028 0.03671  0.00202 -0.00161 -0.00788 -0.00340  0.00340 -0.01209  0.00271 -0.01293 -0.02407  0.02855
1275.0 1.03418 0.03367  0.00186 -0.00117 -0.00704 -0.00318  0.00366 -0.01176  0.00247 -0.01047 -0.02383  0.02480
1275.5 1.02984 0.02968  0.00151 -0.00119 -0.00617 -0.00232  0.00278 -0.01087  0.00235 -0.00830 -0.02124  0.02225
1276.0 1.02450 0.02682  0.00131 -0.00097 -0.00527 -0.00190  0.00280 -0.01037  0.00220 -0.00622 -0.02011  0.01921
1276.5 1.01932 0.02405  0.00107 -0.00083 -0.00455 -0.00146  0.00234 -0.00964  0.00195 -0.00426 -0.01846  0.01664
1277.0 1.01470 0.02136  0.00079 -0.00068 -0.00367 -0.00086  0.00192 -0.00902  0.00193 -0.00217 -0.01643  0.01441
1277.5 1.01066 0.01835  0.00059 -0.00057 -0.00289 -0.00060  0.00157 -0.00783  0.00199 -0.00124 -0.01406  0.01060
1278.0 1.00738 0.01553  0.00037 -0.00040 -0.00219 -0.00028  0.00116 -0.00675  0.00191 -0.00038 -0.01146  0.00769
1278.5 1.00444 0.01285  0.00020 -0.00029 -0.00156 -0.00012  0.00053 -0.00515  0.00169  0.00008 -0.00888  0.00434
1279.0 1.00188 0.01057  0.00003 -0.00014 -0.00102 -0.00010  0.00035 -0.00375  0.00160  0.00021 -0.00637  0.00125
1279.5 0.99976 0.00917 -0.00007 -0.00001 -0.00063 -0.00002 -0.00012 -0.00214  0.00169  0.00037 -0.00347 -0.00155
1280.0 0.99774 0.00864 -0.00016  0.00011 -0.00018 -0.00006 -0.00010 -0.00047  0.00124  0.00030 -0.00054 -0.00412
1280.5 0.99628 0.00943 -0.00020  0.00020  0.00013 -0.00017 -0.00036  0.00116  0.00087  0.00021  0.00181 -0.00629
1281.0 0.99450 0.01078 -0.00025  0.00027  0.00046 -0.00030 -0.00046  0.00237  0.00060 -0.00003  0.00399 -0.00814
1281.5 0.99290 0.01252 -0.00027  0.00027  0.00062 -0.00028 -0.00048  0.00404  0.00007 -0.00004  0.00606 -0.00963
1282.0 0.99138 0.01410 -0.00027  0.00033  0.00075 -0.00009 -0.00061  0.00513 -0.00067  0.00012  0.00780 -0.01018
1282.5 0.98980 0.01564 -0.00030  0.00030  0.00097  0.00008 -0.00085  0.00629 -0.00125  0.00025  0.00948 -0.01053
1283.0 0.98794 0.01646 -0.00040  0.00019  0.00103  0.00050 -0.00089  0.00704 -0.00226  0.00103  0.01105 -0.01015
1283.5 0.98624 0.01755 -0.00048 -0.00008  0.00116  0.00100 -0.00123  0.00771 -0.00283  0.00131  0.01245 -0.00961
1284.0 0.98454 0.01879 -0.00055 -0.00029  0.00134  0.00145 -0.00154  0.00852 -0.00384  0.00212  0.01414 -0.00881
1284.5 0.98322 0.02008 -0.00065 -0.00058  0.00136  0.00211 -0.00166  0.00909 -0.00471  0.00237  0.01549 -0.00817
1285.0 0.98120 0.02184 -0.00075 -0.00079  0.00149  0.00251 -0.00212  0.00978 -0.00536  0.00290  0.01694 -0.00725
1285.5 0.98018 0.02325 -0.00087 -0.00111  0.00149  0.00305 -0.00216  0.01024 -0.00631  0.00331  0.01855 -0.00651
1286.0 0.97950 0.02468 -0.00098 -0.00155  0.00142  0.00374 -0.00227  0.01048 -0.00741  0.00342  0.01981 -0.00568
1286.5 0.97906 0.02631 -0.00108 -0.00191  0.00146  0.00446 -0.00253  0.01090 -0.00827  0.00329  0.02141 -0.00521
1287.0 0.97886 0.02785 -0.00120 -0.00244  0.00136  0.00519 -0.00282  0.01119 -0.00955  0.00317  0.02285 -0.00401
1287.5 0.97876 0.02935 -0.00130 -0.00296  0.00133  0.00604 -0.00291  0.01142 -0.01068  0.00304  0.02400 -0.00325
1288.0 0.97892 0.03119 -0.00146 -0.00356  0.00133  0.00677 -0.00296  0.01164 -0.01153  0.00299  0.02579 -0.00278
1288.5 0.97894 0.03262 -0.00151 -0.00409  0.00122  0.00753 -0.00302  0.01182 -0.01260  0.00290  0.02761 -0.00228
1289.0 0.97952 0.03435 -0.00164 -0.00473  0.00112  0.00835 -0.00307  0.01179 -0.01392  0.00269  0.02924 -0.00128
1289.5 0.98020 0.03599 -0.00173 -0.00535  0.00103  0.00927 -0.00309  0.01186 -0.01476  0.00271  0.03045 -0.00028
1290.0 0.98072 0.03781 -0.00180 -0.00605  0.00088  0.01008 -0.00321  0.01194 -0.01600  0.00225  0.03202 -0.00004
1290.5 0.98156 0.03967 -0.00187 -0.00675  0.00078  0.01085 -0.00308  0.01198 -0.01699  0.00216  0.03383  0.00079
1291.0 0.98254 0.04147 -0.00195 -0.00752  0.00062  0.01171 -0.00319  0.01205 -0.01772  0.00225  0.03501  0.00153
1291.5 0.98342 0.04341 -0.00202 -0.00821  0.00046  0.01263 -0.00322  0.01227 -0.01882  0.00196  0.03696  0.00207
1292.0 0.98450 0.04551 -0.00207 -0.00899  0.00035  0.01353 -0.00313  0.01240 -0.01984  0.00184  0.03852  0.00287
1292.5 0.98560 0.04758 -0.00215 -0.00982  0.00005  0.01428 -0.00324  0.01255 -0.02076  0.00161  0.03968  0.00382
1293.0 0.98664 0.04967 -0.00222 -0.01055 -0.00013  0.01523 -0.00309  0.01249 -0.02173  0.00140  0.04101  0.00459
1293.5 0.98788 0.05195 -0.00229 -0.01132 -0.00039  0.01614 -0.00307  0.01278 -0.02265  0.00128  0.04265  0.00518
1294.0 0.98912 0.05424 -0.00235 -0.01214 -0.00059  0.01705 -0.00306  0.01291 -0.02354  0.00116  0.04440  0.00601
1294.5 0.99040 0.05671 -0.00245 -0.01297 -0.00083  0.01800 -0.00283  0.01295 -0.02457  0.00097  0.04574  0.00676
1295.0 0.99182 0.05906 -0.00254 -0.01378 -0.00106  0.01900 -0.00277  0.01306 -0.02570  0.00084  0.04684  0.00723
1295.5 0.99306 0.06154 -0.00263 -0.01463 -0.00129  0.01994 -0.00256  0.01342 -0.02667  0.00070  0.04806  0.00816
1296.0 0.99418 0.06412 -0.00274 -0.01548 -0.00157  0.02093 -0.00235  0.01341 -0.02770  0.00047  0.04939  0.00900
1296.5 0.99554 0.06659 -0.00286 -0.01636 -0.00186  0.02183 -0.00207  0.01349 -0.02857  0.00022  0.05043  0.00969
1297.0 0.99680 0.06907 -0.00295 -0.01714 -0.00223  0.02277 -0.00160  0.01350 -0.02970  0.00012  0.05178  0.01023
1297.5 0.99804 0.07183 -0.00305 -0.01800 -0.00237  0.02391 -0.00123  0.01372 -0.03103  0.00014  0.05334  0.01080
1298.0 0.99928 0.07420 -0.00316 -0.01877 -0.00271  0.02491 -0.00073  0.01376 -0.03188 -0.00030  0.05430  0.01162
1298.5 1.00032 0.07684 -0.00329 -0.01961 -0.00292  0.02579 -0.00014  0.01383 -0.03299 -0.00041  0.05588  0.01222
1299.0 1.00164 0.07905 -0.00336 -0.02033 -0.00315  0.02665  0.00041  0.01397 -0.03412 -0.00086  0.05711  0.01270
1299.5 1.00246 0.08149 -0.00343 -0.02109 -0.00350  0.02762  0.00095  0.01387 -0.03517 -0.00106  0.05820  0.01357
1300.0 1.00344 0.08372 -0.00350 -0.02180 -0.00362  0.02843  0.00184  0.01406 -0.03629 -0.00095  0.05936  0.01402
1300.5 1.00430 0.08591 -0.00361 -0.02251 -0.00377  0.02931  0.00247  0.01411 -0.03707 -0.00114  0.06039  0.01454
1301.0 1.00498 0.08802 -0.00365 -0.02317 -0.00397  0.03006  0.00327  0.01402 -0.03808 -0.00117  0.06170  0.01541
1301.5 1.00556 0.08982 -0.00368 -0.02376 -0.00415  0.03070  0.00398  0.01394 -0.03881 -0.00156  0.06282  0.01620
1302.0 1.00604 0.09153 -0.00370 -0.02429 -0.00437  0.03141  0.00488  0.01395 -0.03941 -0.00148  0.06381  0.01695
1302.5 1.00632 0.09302 -0.00370 -0.02478 -0.00448  0.03185  0.00570  0.01419 -0.04009 -0.00157  0.06486  0.01773
1303.0 1.00646 0.09430 -0.00370 -0.02518 -0.00461  0.03226  0.00639  0.01433 -0.04078 -0.00162  0.06565  0.01894
1303.5 1.00632 0.09545 -0.00368 -0.02552 -0.00478  0.03280  0.00737  0.01425 -0.04098 -0.00148  0.06634  0.01992
1304.0 1.00606 0.09624 -0.00363 -0.02581 -0.00483  0.03307  0.00817  0.01433 -0.04112 -0.00143  0.06658  0.02079
1304.5 1.00572 0.09679 -0.00361 -0.02597 -0.00481  0.03315  0.00899  0.01436 -0.04115 -0.00163  0.06759  0.02237
1305.0 1.00490 0.09746 -0.00354 -0.02622 -0.00491  0.03331  0.00987  0.01433 -0.04146 -0.00118  0.06772  0.02388
1305.5 1.00396 0.09747 -0.00349 -0.02629 -0.00496  0.03328  0.01059  0.01455 -0.04114 -0.00141  0.06731  0.02505
1306.0 1.00288 0.09737 -0.00339 -0.02630 -0.00498  0.03317  0.01143  0.01471 -0.04104 -0.00108  0.06718  0.02666
1306.5 1.00164 0.09708 -0.00334 -0.02627 -0.00504  0.03301  0.01234  0.01488 -0.04050 -0.00104  0.06651  0.02852
1307.0 1.00008 0.09651 -0.00326 -0.02612 -0.00505  0.03276  0.01322  0.01526 -0.04013 -0.00082  0.06605  0.02983
1307.5 0.99838 0.09577 -0.00318 -0.02595 -0.00499  0.03240  0.01393  0.01536 -0.03962 -0.00059  0.06545  0.03177
1308.0 0.99648 0.09485 -0.00312 -0.02574 -0.00489  0.03207  0.01462  0.01544 -0.03915 -0.00069  0.06445  0.03348
1308.5 0.99450 0.09355 -0.00303 -0.02541 -0.00490  0.03159  0.01540  0.01577 -0.03842 -0.00075  0.06283  0.03564
1309.0 0.99214 0.09215 -0.00296 -0.02503 -0.00475  0.03103  0.01614  0.01590 -0.03766 -0.00052  0.06204  0.03765
1309.5 0.98970 0.09084 -0.00289 -0.02471 -0.00467  0.03057  0.01674  0.01611 -0.03712 -0.00069  0.06018  0.03928
1310.0 0.98732 0.08939 -0.00284 -0.02427 -0.00454  0.03002  0.01763  0.01627 -0.03638 -0.00064  0.05907  0.04112
1310.5 0.98484 0.08758 -0.00279 -0.02381 -0.00437  0.02924  0.01821  0.01657 -0.03546 -0.00068  0.05703  0.04306
1311.0 0.98208 0.08599 -0.00273 -0.02326 -0.00416  0.02871  0.01910  0.01689 -0.03484 -0.00069  0.05503  0.04528
1311.5 0.97930 0.08440 -0.00268 -0.02279 -0.00397  0.02805  0.01954  0.01687 -0.03403 -0.00061  0.05361  0.04670
1312.0 0.97664 0.08288 -0.00267 -0.02223 -0.00379  0.02737  0.02035  0.01714 -0.03328 -0.00081  0.05181  0.04833
1312.5 0.97370 0.08133 -0.00264 -0.02168 -0.00353  0.02673  0.02093  0.01711 -0.03243 -0.00135  0.04979  0.05008
1313.0 0.97076 0.08001 -0.00261 -0.02117 -0.00333  0.02595  0.02158  0.01740 -0.03192 -0.00144  0.04762  0.05176
1313.5 0.96804 0.07897 -0.00260 -0.02071 -0.00311  0.02549  0.02224  0.01753 -0.03109 -0.00145  0.04614  0.05286
1314.0 0.96520 0.07774 -0.00255 -0.02017 -0.00284  0.02486  0.02275  0.01761 -0.03052 -0.00156  0.04399  0.05396
1314.5 0.96226 0.07666 -0.00251 -0.01967 -0.00259  0.02420  0.02347  0.01771 -0.02970 -0.00151  0.04214  0.05515
1315.0 0.95940 0.07576 -0.00247 -0.01923 -0.00229  0.02364  0.02380  0.01789 -0.02934 -0.00186  0.04047  0.05596
1315.5 0.95668 0.07487 -0.00242 -0.01874 -0.00195  0.02310  0.02433  0.01801 -0.02863 -0.00195  0.03906  0.05636
1316.0 0.95416 0.07410 -0.00237 -0.01839 -0.00174  0.02254  0.02459  0.01804 -0.02826 -0.00186  0.03747  0.05719
1316.5 0.95134 0.07329 -0.00228 -0.01805 -0.00147  0.02193  0.02500  0.01843 -0.02751 -0.00174  0.03651  0.05734
1317.0 0.94874 0.07266 -0.00219 -0.01768 -0.00123  0.02151  0.02528  0.01856 -0.02724 -0.00166  0.03552  0.05783
1317.5 0.94628 0.07197 -0.00209 -0.01747 -0.00093  0.02095  0.02535  0.01889 -0.02676 -0.00126  0.03402  0.05804
1318.0 0.94388 0.07126 -0.00199 -0.01721 -0.00075  0.02055  0.02559  0.01903 -0.02604 -0.00123  0.03323  0.05825
1318.5 0.94144 0.07064 -0.00187 -0.01708 -0.00049  0.02008  0.02567  0.01927 -0.02560 -0.00106  0.03272  0.05816
1319.0 0.93928 0.07008 -0.00172 -0.01697 -0.00032  0.01971  0.02551  0.01973 -0.02530 -0.00061  0.03219  0.05787
1319.5 0.93716 0.06940 -0.00160 -0.01687 -0.00011  0.01935  0.02530  0.02019 -0.02470  0.00010  0.03168  0.05762
1320.0 0.93510 0.06881 -0.00147 -0.01678  0.00012  0.01911  0.02496  0.02072 -0.02435  0.00032  0.03133  0.05729
1320.5 0.93312 0.06834 -0.00132 -0.01689  0.00028  0.01880  0.02461  0.02077 -0.02382  0.00108  0.03118  0.05653
1321.0 0.93124 0.06806 -0.00119 -0.01700  0.00041  0.01859  0.02429  0.02133 -0.02367  0.00162  0.03071  0.05603
1321.5 0.92944 0.06783 -0.00104 -0.01713  0.00049  0.01847  0.02380  0.02183 -0.02338  0.00203  0.03094  0.05517
1322.0 0.92784 0.06756 -0.00089 -0.01729  0.00054  0.01824  0.02325  0.02234 -0.02299  0.00287  0.03066  0.05438
1322.5 0.92624 0.06788 -0.00076 -0.01767  0.00063  0.01814  0.02285  0.02293 -0.02311  0.00354  0.03095  0.05328
1323.0 0.92490 0.06798 -0.00063 -0.01792  0.00063  0.01823  0.02217  0.02338 -0.02283  0.00413  0.03105  0.05244
1323.5 0.92368 0.06829 -0.00050 -0.01823  0.00064  0.01829  0.02175  0.02397 -0.02286  0.00475  0.03127  0.05084
1324.0 0.92254 0.06877 -0.00041 -0.01861  0.00070  0.01848  0.02092  0.02439 -0.02294  0.00518  0.03192  0.04947
1324.5 0.92142 0.06943 -0.00033 -0.01910  0.00064  0.01858  0.02037  0.02484 -0.02316  0.00569  0.03216  0.04777
1325.0 0.92060 0.07020 -0.00029 -0.01959  0.00067  0.01878  0.01981  0.02541 -0.02343  0.00621  0.03240  0.04629
1325.5 0.91992 0.07119 -0.00020 -0.02009  0.00056  0.01919  0.01930  0.02573 -0.02397  0.00651  0.03295  0.04439
1326.0 0.91926 0.07216 -0.00018 -0.02066  0.00045  0.01965  0.01877  0.02598 -0.02432  0.00679  0.03318  0.04211
1326.5 0.91880 0.07334 -0.00013 -0.02128  0.00043  0.02004  0.01812  0.02631 -0.02501  0.00695  0.03377  0.04013
1327.0 0.91852 0.07474 -0.00015 -0.02193  0.00036  0.02053  0.01773  0.02675 -0.02578  0.00707  0.03440  0.03756
1327.5 0.91820 0.07625 -0.00017 -0.02262  0.00018  0.02112  0.01723  0.02668 -0.02670  0.00711  0.03534  0.03552
1328.0 0.91816 0.07779 -0.00020 -0.02328  0.00013  0.02180  0.01687  0.02677 -0.02760  0.00697  0.03616  0.03332
1328.5 0.91834 0.07943 -0.00022 -0.02399  0.00006  0.02250  0.01646  0.02689 -0.02859  0.00680  0.03665  0.03070
1329.0 0.91830 0.08132 -0.00026 -0.02472 -0.00004  0.02325  0.01632  0.02695 -0.02981  0.00646  0.03761  0.02794
1329.5 0.91854 0.08320 -0.00031 -0.02547 -0.00019  0.02396  0.01612  0.02685 -0.03075  0.00636  0.03800  0.02554
1330.0 0.91882 0.08519 -0.00038 -0.02622 -0.00032  0.02473  0.01580  0.02679 -0.03187  0.00608  0.03911  0.02262
1330.5 0.91928 0.08726 -0.00041 -0.02700 -0.00040  0.02541  0.01554  0.02647 -0.03315  0.00539  0.04016  0.01989
1331.0 0.91968 0.08941 -0.00045 -0.02778 -0.00060  0.02615  0.01553  0.02629 -0.03390  0.00509  0.04117  0.01760
1331.5 0.91992 0.09135 -0.00050 -0.02843 -0.00072  0.02689  0.01527  0.02620 -0.03500  0.00479  0.04174  0.01502
1332.0 0.92042 0.09347 -0.00053 -0.02918 -0.00088  0.02761  0.01498  0.02588 -0.03603  0.00442  0.04273  0.01220
1332.5 0.92068 0.09527 -0.00057 -0.02983 -0.00096  0.02816  0.01494  0.02560 -0.03677  0.00409  0.04340  0.00982
1333.0 0.92110 0.09726 -0.00058 -0.03056 -0.00117  0.02880  0.01488  0.02536 -0.03732  0.00368  0.04383  0.00803
1333.5 0.92130 0.09903 -0.00060 -0.03116 -0.00121  0.02934  0.01460  0.02514 -0.03793  0.00339  0.04469  0.00611
1334.0 0.92148 0.10047 -0.00060 -0.03170 -0.00155  0.02974  0.01434  0.02480 -0.03862  0.00317  0.04496  0.00397
1334.5 0.92168 0.10187 -0.00058 -0.03224 -0.00172  0.03013  0.01397  0.02479 -0.03870  0.00289  0.04574  0.00267
1335.0 0.92160 0.10312 -0.00059 -0.03277 -0.00185  0.03038  0.01378  0.02454 -0.03909  0.00255  0.04583  0.00157
1335.5 0.92152 0.10409 -0.00052 -0.03327 -0.00207  0.03060  0.01347  0.02445 -0.03887  0.00267  0.04582  0.00007
1336.0 0.92106 0.10471 -0.00047 -0.03360 -0.00219  0.03078  0.01299  0.02442 -0.03857  0.00286  0.04594 -0.00032
1336.5 0.92072 0.10502 -0.00045 -0.03390 -0.00242  0.03080  0.01266  0.02403 -0.03793  0.00264  0.04601 -0.00111
1337.0 0.92026 0.10546 -0.00041 -0.03423 -0.00261  0.03081  0.01222  0.02418 -0.03757  0.00253  0.04570 -0.00108
1337.5 0.91952 0.10532 -0.00037 -0.03438 -0.00271  0.03070  0.01181  0.02403 -0.03702  0.00282  0.04523 -0.00130
1338.0 0.91876 0.10519 -0.00031 -0.03457 -0.00296  0.03051  0.01125  0.02406 -0.03629  0.00271  0.04476 -0.00043
1338.5 0.91790 0.10491 -0.00023 -0.03470 -0.00312  0.03033  0.01093  0.02396 -0.03530  0.00270  0.04448 -0.00010
1339.0 0.91680 0.10440 -0.00021 -0.03476 -0.00320  0.03005  0.01050  0.02381 -0.03439  0.00274  0.04328  0.00046
1339.5 0.91578 0.10361 -0.00016 -0.03471 -0.00338  0.02970  0.01003  0.02376 -0.03317  0.00274  0.04217  0.00094
1340.0 0.91464 0.10281 -0.00011 -0.03459 -0.00344  0.02937  0.00969  0.02372 -0.03211  0.00285  0.04144  0.00215
1340.5 0.91326 0.10191 -0.00006 -0.03444 -0.00356  0.02894  0.00955  0.02338 -0.03111  0.00278  0.04022  0.00292
1341.0 0.91212 0.10088 -0.00003 -0.03423 -0.00360  0.02845  0.00942  0.02342 -0.02977  0.00267  0.03911  0.00409
1341.5 0.91062 0.09996 -0.00004 -0.03400 -0.00366  0.02812  0.00924  0.02300 -0.02881  0.00287  0.03791  0.00552
1342.0 0.90924 0.09884 -0.00003 -0.03371 -0.00352  0.02761  0.00920  0.02267 -0.02755  0.00246  0.03693  0.00636
1342.5 0.90794 0.09769  0.00000 -0.03335 -0.00347  0.02716  0.00936  0.02230 -0.02635  0.00231  0.03587  0.00762
1343.0 0.90656 0.09683  0.00002 -0.03303 -0.00344  0.02691  0.00947  0.02185 -0.02540  0.00209  0.03446  0.00849
1343.5 0.90512 0.09546  0.00000 -0.03255 -0.00326  0.02635  0.00970  0.02137 -0.02422  0.00170  0.03353  0.00964
1344.0 0.90378 0.09433  0.00000 -0.03213 -0.00309  0.02597  0.01005  0.02074 -0.02306  0.00156  0.03252  0.01078
1344.5 0.90244 0.09327  0.00001 -0.03172 -0.00286  0.02555  0.01026  0.02011 -0.02203  0.00135  0.03154  0.01148
1345.0 0.90114 0.09204  0.00002 -0.03119 -0.00261  0.02513  0.01070  0.01959 -0.02111  0.00093  0.03093  0.01249
1345.5 0.89984 0.09096  0.00005 -0.03075 -0.00231  0.02469  0.01139  0.01897 -0.02039  0.00055  0.02997  0.01357
1346.0 0.89850 0.08976  0.00006 -0.03022 -0.00194  0.02430  0.01187  0.01829 -0.01929  0.00040  0.02955  0.01425
1346.5 0.89726 0.08871  0.00010 -0.02972 -0.00167  0.02400  0.01239  0.01772 -0.01836  0.00040  0.02910  0.01510
1347.0 0.89598 0.08752  0.00014 -0.02921 -0.00138  0.02351  0.01298  0.01688 -0.01747 -0.00004  0.02851  0.01568
1347.5 0.89480 0.08644  0.00018 -0.02864 -0.00101  0.02324  0.01376  0.01640 -0.01662 -0.00006  0.02847  0.01652
1348.0 0.89348 0.08538  0.00024 -0.02814 -0.00066  0.02289  0.01423  0.01577 -0.01571 -0.00009  0.02800  0.01726
1348.5 0.89232 0.08444  0.00029 -0.02766 -0.00028  0.02248  0.01478  0.01540 -0.01469  0.00006  0.02817  0.01803
1349.0 0.89120 0.08348  0.00034 -0.02716  0.00001  0.02218  0.01514  0.01497 -0.01390  0.00002  0.02810  0.01860
1349.5 0.89004 0.08233  0.00043 -0.02664  0.00033  0.02174  0.01551  0.01452 -0.01283  0.00032  0.02746  0.01913
1350.0 0.88884 0.08152  0.00048 -0.02619  0.00066  0.02151  0.01594  0.01425 -0.01197  0.00074  0.02759  0.01989
1350.5 0.88770 0.08065  0.00056 -0.02581  0.00097  0.02106  0.01623  0.01429 -0.01113  0.00135  0.02744  0.02063
1351.0 0.88648 0.07974  0.00063 -0.02540  0.00134  0.02075  0.01642  0.01391 -0.01013  0.00160  0.02739  0.02116
1351.5 0.88532 0.07911  0.00065 -0.02510  0.00160  0.02055  0.01661  0.01414 -0.00925  0.00199  0.02714  0.02121
1352.0 0.88424 0.07827  0.00069 -0.02475  0.00186  0.02039  0.01655  0.01433 -0.00828  0.00241  0.02688  0.02201
1352.5 0.88320 0.07763  0.00074 -0.02451  0.00209  0.02016  0.01666  0.01452 -0.00751  0.00310  0.02631  0.02257
1353.0 0.88222 0.07687  0.00074 -0.02423  0.00227  0.01997  0.01665  0.01471 -0.00681  0.00354  0.02651  0.02293
1353.5 0.88140 0.07632  0.00074 -0.02405  0.00242  0.01987  0.01664  0.01503 -0.00646  0.00396  0.02598  0.02296
1354.0 0.88066 0.07572  0.00070 -0.02386  0.00254  0.01989  0.01650  0.01541 -0.00577  0.00453  0.02529  0.02330
1354.5 0.87988 0.07544  0.00065 -0.02380  0.00268  0.01986  0.01648  0.01580 -0.00506  0.00509  0.02506  0.02295
1355.0 0.87936 0.07503  0.00060 -0.02368  0.00280  0.01988  0.01642  0.01627 -0.00472  0.00555  0.02473  0.02298
1355.5 0.87934 0.07539  0.00051 -0.02392  0.00289  0.02009  0.01627  0.01666 -0.00498  0.00571  0.02430  0.02256
1356.0 0.87906 0.07531  0.00043 -0.02392  0.00294  0.02016  0.01630  0.01714 -0.00482  0.00611  0.02411  0.02218
1356.5 0.87868 0.07538  0.00037 -0.02398  0.00301  0.02032  0.01629  0.01765 -0.00459  0.00628  0.02344  0.02166
1357.0 0.87856 0.07551  0.00030 -0.02408  0.00306  0.02049  0.01614  0.01797 -0.00450  0.00679  0.02306  0.02095
1357.5 0.87846 0.07574  0.00021 -0.02426  0.00300  0.02055  0.01584  0.01860 -0.00422  0.00676  0.02278  0.02004
1358.0 0.87842 0.07611  0.00011 -0.02451  0.00286  0.02062  0.01533  0.01905 -0.00429  0.00683  0.02287  0.01925
1358.5 0.87848 0.07666  0.00002 -0.02481  0.00272  0.02085  0.01479  0.01963 -0.00445  0.00685  0.02299  0.01866
1359.0 0.87862 0.07718 -0.00014 -0.02516  0.00243  0.02086  0.01392  0.02002 -0.00479  0.00704  0.02342  0.01813
1359.5 0.87884 0.07779 -0.00024 -0.02549  0.00222  0.02105  0.01319  0.02024 -0.00492  0.00706  0.02353  0.01758
1360.0 0.87914 0.07848 -0.00034 -0.02583  0.00204  0.02105  0.01243  0.02102 -0.00527  0.00705  0.02383  0.01741
1360.5 0.87944 0.07902 -0.00045 -0.02611  0.00181  0.02117  0.01152  0.02132 -0.00548  0.00685  0.02402  0.01773
1361.0 0.87992 0.07989 -0.00055 -0.02647  0.00157  0.02132  0.01077  0.02177 -0.00574  0.00696  0.02427  0.01778
1361.5 0.88010 0.08054 -0.00061 -0.02677  0.00144  0.02153  0.01006  0.02206 -0.00591  0.00703  0.02357  0.01867
1362.0 0.88062 0.08146 -0.00070 -0.02714  0.00134  0.02172  0.00965  0.02235 -0.00629  0.00718  0.02327  0.01916
1362.5 0.88112 0.08197 -0.00074 -0.02736  0.00118  0.02192  0.00902  0.02262 -0.00639  0.00705  0.02293  0.01914
1363.0 0.88166 0.08260 -0.00077 -0.02762  0.00117  0.02213  0.00907  0.02305 -0.00684  0.00735  0.02137  0.02032
1363.5 0.88224 0.08305 -0.00078 -0.02786  0.00111  0.02241  0.00879  0.02301 -0.00680  0.00748  0.01987  0.02102
1364.0 0.88276 0.08342 -0.00081 -0.02808  0.00108  0.02252  0.00863  0.02302 -0.00688  0.00771  0.01863  0.02136
1364.5 0.88346 0.08396 -0.00082 -0.02833  0.00098  0.02274  0.00875  0.02309 -0.00708  0.00774  0.01692  0.02199
1365.0 0.88386 0.08462 -0.00084 -0.02859  0.00083  0.02301  0.00846  0.02332 -0.00720  0.00786  0.01551  0.02207
1365.5 0.88454 0.08496 -0.00084 -0.02881  0.00078  0.02308  0.00859  0.02321 -0.00697  0.00802  0.01402  0.02225
1366.0 0.88524 0.08543 -0.00084 -0.02905  0.00070  0.02319  0.00871  0.02313 -0.00698  0.00793  0.01231  0.02232
1366.5 0.88610 0.08592 -0.00085 -0.02930  0.00063  0.02343  0.00864  0.02292 -0.00692  0.00763  0.01011  0.02227
1367.0 0.88702 0.08642 -0.00086 -0.02958  0.00052  0.02341  0.00872  0.02275 -0.00683  0.00777  0.00829  0.02255
1367.5 0.88784 0.08672 -0.00084 -0.02976  0.00040  0.02345  0.00892  0.02249 -0.00701  0.00737  0.00623  0.02262
1368.0 0.88884 0.08739 -0.00083 -0.03007  0.00033  0.02357  0.00925  0.02219 -0.00689  0.00727  0.00467  0.02263
1368.5 0.88978 0.08776 -0.00084 -0.03029  0.00027  0.02363  0.00932  0.02193 -0.00690  0.00688  0.00332  0.02224
1369.0 0.89070 0.08815 -0.00083 -0.03046  0.00025  0.02372  0.00950  0.02160 -0.00694  0.00636  0.00162  0.02237
1369.5 0.89182 0.08864 -0.00082 -0.03070  0.00016  0.02378  0.00963  0.02139 -0.00695  0.00586 -0.00011  0.02279
1370.0 0.89304 0.08911 -0.00084 -0.03093  0.00017  0.02379  0.01000  0.02097 -0.00689  0.00525 -0.00152  0.02256
1370.5 0.89432 0.08961 -0.00084 -0.03115  0.00016  0.02382  0.01024  0.02070 -0.00697  0.00476 -0.00298  0.02317
1371.0 0.89550 0.09011 -0.00084 -0.03137  0.00016  0.02391  0.01043  0.02032 -0.00699  0.00425 -0.00423  0.02348
1371.5 0.89688 0.09056 -0.00085 -0.03156  0.00020  0.02391  0.01089  0.02003 -0.00732  0.00354 -0.00572  0.02386
1372.0 0.89842 0.09099 -0.00086 -0.03175  0.00015  0.02398  0.01098  0.01963 -0.00725  0.00301 -0.00647  0.02423
1372.5 0.89994 0.09155 -0.00089 -0.03199  0.00027  0.02399  0.01144  0.01907 -0.00748  0.00231 -0.00752  0.02484
1373.0 0.90146 0.09207 -0.00088 -0.03222  0.00042  0.02404  0.01152  0.01868 -0.00761  0.00151 -0.00800  0.02491
1373.5 0.90312 0.09251 -0.00091 -0.03239  0.00045  0.02409  0.01175  0.01846 -0.00789  0.00066 -0.00904  0.02537
1374.0 0.90502 0.09313 -0.00092 -0.03265  0.00046  0.02405  0.01205  0.01796 -0.00844 -0.00033 -0.00943  0.02598
1374.5 0.90678 0.09373 -0.00095 -0.03289  0.00061  0.02407  0.01225  0.01744 -0.00845 -0.00110 -0.01019  0.02633
1375.0 0.90884 0.09426 -0.00097 -0.03314  0.00057  0.02411  0.01230  0.01716 -0.00887 -0.00183 -0.01006  0.02659
1375.5 0.91078 0.09497 -0.00099 -0.03340  0.00074  0.02406  0.01258  0.01672 -0.00943 -0.00253 -0.01047  0.02720
1376.0 0.91288 0.09569 -0.00101 -0.03370  0.00071  0.02407  0.01261  0.01648 -0.00976 -0.00300 -0.01083  0.02734
1376.5 0.91510 0.09644 -0.00104 -0.03400  0.00078  0.02401  0.01272  0.01594 -0.01034 -0.00402 -0.01094  0.02730
1377.0 0.91748 0.09733 -0.00108 -0.03437  0.00075  0.02403  0.01279  0.01564 -0.01096 -0.00462 -0.01083  0.02758
1377.5 0.91984 0.09811 -0.00111 -0.03469  0.00071  0.02404  0.01279  0.01501 -0.01129 -0.00539 -0.01130  0.02790
1378.0 0.92242 0.09908 -0.00116 -0.03509  0.00067  0.02395  0.01281  0.01460 -0.01193 -0.00625 -0.01126  0.02798
1378.5 0.92512 0.10015 -0.00121 -0.03551  0.00056  0.02394  0.01293  0.01438 -0.01259 -0.00706 -0.01156  0.02823
1379.0 0.92786 0.10123 -0.00126 -0.03594  0.00053  0.02400  0.01293  0.01398 -0.01338 -0.00760 -0.01148  0.02829
1379.5 0.93080 0.10237 -0.00134 -0.03641  0.00033  0.02390  0.01298  0.01388 -0.01377 -0.00862 -0.01186  0.02789
1380.0 0.93372 0.10349 -0.00140 -0.03687  0.00016  0.02390  0.01300  0.01343 -0.01452 -0.00922 -0.01181  0.02794
1380.5 0.93696 0.10467 -0.00150 -0.03736 -0.00002  0.02395  0.01294  0.01321 -0.01511 -0.00994 -0.01205  0.02792
1381.0 0.94006 0.10603 -0.00159 -0.03793 -0.00029  0.02396  0.01309  0.01280 -0.01582 -0.01048 -0.01224  0.02754
1381.5 0.94356 0.10729 -0.00172 -0.03842 -0.00047  0.02399  0.01316  0.01271 -0.01671 -0.01125 -0.01256  0.02725
1382.0 0.94690 0.10885 -0.00186 -0.03901 -0.00082  0.02423  0.01324  0.01244 -0.01717 -0.01224 -0.01292  0.02702
1382.5 0.95058 0.11026 -0.00200 -0.03962 -0.00115  0.02419  0.01324  0.01237 -0.01794 -0.01272 -0.01356  0.02643
1383.0 0.95422 0.11198 -0.00217 -0.04028 -0.00148  0.02433  0.01367  0.01232 -0.01887 -0.01378 -0.01387  0.02610
1383.5 0.95794 0.11353 -0.00233 -0.04087 -0.00192  0.02447  0.01390  0.01227 -0.01943 -0.01479 -0.01463  0.02567
1384.0 0.96192 0.11510 -0.00252 -0.04150 -0.00229  0.02467  0.01398  0.01229 -0.01995 -0.01544 -0.01516  0.02541
1384.5 0.96584 0.11684 -0.00274 -0.04213 -0.00267  0.02492  0.01430  0.01224 -0.02082 -0.01635 -0.01568  0.02432
1385.0 0.96978 0.11870 -0.00296 -0.04281 -0.00310  0.02513  0.01459  0.01220 -0.02145 -0.01737 -0.01679  0.02405
1385.5 0.97378 0.12040 -0.00320 -0.04341 -0.00355  0.02534  0.01491  0.01219 -0.02193 -0.01816 -0.01730  0.02362
1386.0 0.97778 0.12247 -0.00344 -0.04414 -0.00408  0.02560  0.01546  0.01231 -0.02254 -0.01928 -0.01811  0.02296
1386.5 0.98194 0.12448 -0.00372 -0.04485 -0.00451  0.02588  0.01577  0.01256 -0.02290 -0.02007 -0.01922  0.02178
1387.0 0.98604 0.12642 -0.00401 -0.04546 -0.00505  0.02620  0.01627  0.01275 -0.02340 -0.02110 -0.01984  0.02108
1387.5 0.98994 0.12849 -0.00427 -0.04615 -0.00549  0.02636  0.01674  0.01292 -0.02395 -0.02228 -0.02084  0.01994
1388.0 0.99392 0.13048 -0.00455 -0.04678 -0.00592  0.02668  0.01710  0.01324 -0.02410 -0.02296 -0.02191  0.01938
1388.5 0.99802 0.13261 -0.00488 -0.04742 -0.00635  0.02698  0.01765  0.01348 -0.02430 -0.02394 -0.02304  0.01799
1389.0 1.00180 0.13479 -0.00518 -0.04809 -0.00691  0.02722  0.01811  0.01367 -0.02457 -0.02479 -0.02384  0.01685
1389.5 1.00554 0.13699 -0.00552 -0.04870 -0.00723  0.02757  0.01858  0.01387 -0.02489 -0.02585 -0.02455  0.01559
1390.0 1.00910 0.13914 -0.00578 -0.04936 -0.00769  0.02767  0.01910  0.01423 -0.02507 -0.02677 -0.02580  0.01394
1390.5 1.01282 0.14116 -0.00609 -0.04989 -0.00807  0.02800  0.01955  0.01439 -0.02507 -0.02779 -0.02636  0.01224
1391.0 1.01628 0.14351 -0.00639 -0.05058 -0.00848  0.02820  0.01992  0.01476 -0.02500 -0.02863 -0.02723  0.01081
1391.5 1.01954 0.14554 -0.00670 -0.05110 -0.00883  0.02831  0.02049  0.01489 -0.02509 -0.02963 -0.02837  0.00884
1392.0 1.02248 0.14747 -0.00699 -0.05160 -0.00914  0.02855  0.02073  0.01517 -0.02513 -0.03016 -0.02934  0.00715
1392.5 1.02544 0.14930 -0.00726 -0.05206 -0.00947  0.02863  0.02121  0.01572 -0.02497 -0.03088 -0.03024  0.00522
1393.0 1.02828 0.15131 -0.00754 -0.05261 -0.00972  0.02886  0.02148  0.01575 -0.02446 -0.03182 -0.03076  0.00327
1393.5 1.03090 0.15302 -0.00781 -0.05303 -0.01001  0.02891  0.02180  0.01601 -0.02413 -0.03257 -0.03148  0.00088
1394.0 1.03314 0.15457 -0.00803 -0.05345 -0.01021  0.02892  0.02205  0.01615 -0.02411 -0.03295 -0.03213 -0.00094
1394.5 1.03522 0.15620 -0.00826 -0.05386 -0.01049  0.02904  0.02223  0.01658 -0.02368 -0.03360 -0.03251 -0.00308
1395.0 1.03698 0.15754 -0.00845 -0.05421 -0.01069  0.02892  0.02248  0.01670 -0.02322 -0.03427 -0.03326 -0.00478
1395.5 1.03868 0.15893 -0.00863 -0.05458 -0.01087  0.02891  0.02273  0.01699 -0.02278 -0.03474 -0.03373 -0.00632
1396.0 1.03994 0.15992 -0.00879 -0.05483 -0.01088  0.02886  0.02268  0.01728 -0.02243 -0.03549 -0.03403 -0.00883
1396.5 1.04106 0.16080 -0.00894 -0.05503 -0.01098  0.02880  0.02289  0.01747 -0.02192 -0.03583 -0.03439 -0.01038
1397.0 1.04182 0.16152 -0.00904 -0.05524 -0.01104  0.02867  0.02282  0.01790 -0.02142 -0.03590 -0.03448 -0.01226
1397.5 1.04246 0.16197 -0.00914 -0.05536 -0.01099  0.02847  0.02298  0.01807 -0.02071 -0.03636 -0.03443 -0.01371
1398.0 1.04288 0.16252 -0.00924 -0.05550 -0.01100  0.02829  0.02302  0.01829 -0.02036 -0.03675 -0.03484 -0.01487
1398.5 1.04286 0.16276 -0.00931 -0.05556 -0.01096  0.02831  0.02288  0.01843 -0.01969 -0.03685 -0.03437 -0.01602
1399.0 1.04278 0.16289 -0.00933 -0.05559 -0.01087  0.02806  0.02285  0.01899 -0.01915 -0.03720 -0.03421 -0.01690
1399.5 1.04212 0.16259 -0.00932 -0.05552 -0.01071  0.02783  0.02268  0.01901 -0.01856 -0.03747 -0.03397 -0.01773
1400.0 1.04132 0.16236 -0.00933 -0.05546 -0.01060  0.02767  0.02242  0.01950 -0.01796 -0.03755 -0.03393 -0.01839
1400.5 1.04044 0.16166 -0.00928 -0.05526 -0.01032  0.02737  0.02236  0.01989 -0.01731 -0.03782 -0.03346 -0.01913
1401.0 1.03926 0.16103 -0.00923 -0.05510 -0.01012  0.02721  0.02197  0.02038 -0.01676 -0.03792 -0.03312 -0.01924
1401.5 1.03752 0.16011 -0.00917 -0.05486 -0.00984  0.02689  0.02160  0.02076 -0.01620 -0.03781 -0.03254 -0.01899
1402.0 1.03576 0.15892 -0.00906 -0.05453 -0.00946  0.02659  0.02133  0.02101 -0.01535 -0.03800 -0.03209 -0.01935
1402.5 1.03362 0.15758 -0.00893 -0.05417 -0.00918  0.02643  0.02105  0.02141 -0.01487 -0.03799 -0.03137 -0.01928
1403.0 1.03148 0.15638 -0.00881 -0.05387 -0.00872  0.02606  0.02072  0.02173 -0.01431 -0.03803 -0.03095 -0.01841
1403.5 1.02906 0.15458 -0.00863 -0.05338 -0.00838  0.02571  0.02009  0.02238 -0.01371 -0.03768 -0.02991 -0.01777
1404.0 1.02616 0.15299 -0.00846 -0.05297 -0.00798  0.02533  0.01964  0.02271 -0.01298 -0.03756 -0.02881 -0.01706
1404.5 1.02310 0.15097 -0.00825 -0.05243 -0.00746  0.02494  0.01905  0.02303 -0.01239 -0.03721 -0.02786 -0.01636
1405.0 1.01984 0.14888 -0.00806 -0.05184 -0.00692  0.02446  0.01854  0.02347 -0.01203 -0.03696 -0.02691 -0.01539
1405.5 1.01648 0.14690 -0.00784 -0.05133 -0.00636  0.02407  0.01793  0.02396 -0.01115 -0.03671 -0.02575 -0.01482
1406.0 1.01294 0.14464 -0.00763 -0.05066 -0.00580  0.02364  0.01716  0.02422 -0.01078 -0.03651 -0.02486 -0.01356
1406.5 1.00898 0.14240 -0.00734 -0.05006 -0.00524  0.02318  0.01675  0.02482 -0.00982 -0.03621 -0.02329 -0.01264
1407.0 1.00504 0.14009 -0.00711 -0.04939 -0.00468  0.02274  0.01596  0.02501 -0.00936 -0.03562 -0.02208 -0.01188
1407.5 1.00086 0.13765 -0.00685 -0.04870 -0.00402  0.02212  0.01524  0.02540 -0.00868 -0.03526 -0.02127 -0.01090
1408.0 0.99658 0.13534 -0.00657 -0.04803 -0.00342  0.02160  0.01443  0.02601 -0.00809 -0.03477 -0.01987 -0.00983
1408.5 0.99216 0.13287 -0.00632 -0.04725 -0.00282  0.02113  0.01379  0.02637 -0.00758 -0.03426 -0.01880 -0.00853
1409.0 0.98742 0.13048 -0.00604 -0.04654 -0.00209  0.02056  0.01308  0.02654 -0.00697 -0.03360 -0.01754 -0.00750
1409.5 0.98276 0.12807 -0.00576 -0.04578 -0.00140  0.01999  0.01225  0.02697 -0.00621 -0.03325 -0.01647 -0.00693
1410.0 0.97798 0.12567 -0.00549 -0.04501 -0.00078  0.01950  0.01145  0.02719 -0.00554 -0.03281 -0.01522 -0.00595
1410.5 0.97314 0.12322 -0.00521 -0.04420 -0.00008  0.01878  0.01074  0.02781 -0.00480 -0.03205 -0.01392 -0.00498
1411.0 0.96814 0.12098 -0.00491 -0.04347  0.00052  0.01834  0.00998  0.02804 -0.00427 -0.03133 -0.01269 -0.00436
1411.5 0.96334 0.11880 -0.00469 -0.04273  0.00120  0.01769  0.00913  0.02834 -0.00356 -0.03097 -0.01174 -0.00324
1412.0 0.95850 0.11653 -0.00441 -0.04190  0.00175  0.01719  0.00852  0.02884 -0.00320 -0.03028 -0.01094 -0.00273
1412.5 0.95352 0.11435 -0.00417 -0.04112  0.00237  0.01657  0.00779  0.02906 -0.00240 -0.02983 -0.01032 -0.00178
1413.0 0.94856 0.11240 -0.00396 -0.04038  0.00290  0.01604  0.00724  0.02942 -0.00181 -0.02932 -0.00913 -0.00173
1413.5 0.94358 0.11043 -0.00372 -0.03966  0.00355  0.01540  0.00649  0.02953 -0.00117 -0.02884 -0.00850 -0.00098
1414.0 0.93872 0.10855 -0.00350 -0.03891  0.00397  0.01506  0.00598  0.03005 -0.00047 -0.02833 -0.00804 -0.00007
1414.5 0.93392 0.10693 -0.00330 -0.03829  0.00451  0.01459  0.00539  0.03033  0.00012 -0.02778 -0.00795 -0.00014
1415.0 0.92918 0.10533 -0.00314 -0.03767  0.00497  0.01407  0.00490  0.03068  0.00080 -0.02712 -0.00718  0.00067
1415.5 0.92464 0.10352 -0.00294 -0.03692  0.00531  0.01373  0.00453  0.03101  0.00149 -0.02685 -0.00722  0.00070
1416.0 0.91984 0.10204 -0.00279 -0.03633  0.00573  0.01333  0.00389  0.03126  0.00192 -0.02653 -0.00702  0.00085
1416.5 0.91536 0.10067 -0.00266 -0.03579  0.00597  0.01293  0.00370  0.03153  0.00260 -0.02590 -0.00714  0.00155
1417.0 0.91088 0.09928 -0.00253 -0.03521  0.00631  0.01251  0.00332  0.03181  0.00320 -0.02586 -0.00675  0.00127
1417.5 0.90660 0.09802 -0.00241 -0.03472  0.00650  0.01211  0.00289  0.03218  0.00374 -0.02537 -0.00734  0.00153
1418.0 0.90228 0.09671 -0.00228 -0.03422  0.00665  0.01176  0.00257  0.03225  0.00421 -0.02489 -0.00793  0.00113
1418.5 0.89800 0.09557 -0.00217 -0.03374  0.00687  0.01144  0.00231  0.03267  0.00499 -0.02477 -0.00865  0.00129
1419.0 0.89410 0.09461 -0.00207 -0.03334  0.00696  0.01120  0.00220  0.03286  0.00543 -0.02458 -0.00895  0.00042
1419.5 0.89002 0.09361 -0.00198 -0.03296  0.00705  0.01083  0.00186  0.03302  0.00593 -0.02425 -0.00943  0.00041
1420.0 0.88626 0.09271 -0.00188 -0.03262  0.00711  0.01065  0.00163  0.03323  0.00667 -0.02388 -0.01053 -0.00009
1420.5 0.88244 0.09204 -0.00185 -0.03236  0.00706  0.01035  0.00145  0.03334  0.00698 -0.02379 -0.01110 -0.00092
1421.0 0.87882 0.09143 -0.00179 -0.03212  0.00708  0.01000  0.00135  0.03352  0.00772 -0.02365 -0.01204 -0.00160
1421.5 0.87526 0.09080 -0.00174 -0.03187  0.00710  0.00981  0.00126  0.03354  0.00805 -0.02331 -0.01258 -0.00212
1422.0 0.87176 0.09027 -0.00167 -0.03168  0.00701  0.00955  0.00088  0.03365  0.00844 -0.02310 -0.01355 -0.00385
1422.5 0.86848 0.08988 -0.00162 -0.03153  0.00692  0.00940  0.00070  0.03362  0.00884 -0.02278 -0.01409 -0.00441
1423.0 0.86520 0.08947 -0.00160 -0.03137  0.00672  0.00918  0.00063  0.03365  0.00891 -0.02275 -0.01468 -0.00547
1423.5 0.86192 0.08928 -0.00154 -0.03131  0.00669  0.00898  0.00057  0.03369  0.00964 -0.02265 -0.01530 -0.00689
1424.0 0.85882 0.08903 -0.00153 -0.03118  0.00659  0.00897  0.00044  0.03358  0.01005 -0.02254 -0.01646 -0.00794
1424.5 0.85594 0.08899 -0.00150 -0.03118  0.00656  0.00874  0.00025  0.03368  0.01045 -0.02227 -0.01688 -0.00881
1425.0 0.85300 0.08879 -0.00149 -0.03111  0.00644  0.00856  0.00017  0.03349  0.01058 -0.02240 -0.01727 -0.01010
1425.5 0.85006 0.08879 -0.00147 -0.03112  0.00635  0.00852  0.00002  0.03333  0.01087 -0.02198 -0.01781 -0.01110
1426.0 0.84742 0.08854 -0.00145 -0.03104  0.00628  0.00840 -0.00005  0.03320  0.01111 -0.02200 -0.01789 -0.01206
1426.5 0.84472 0.08863 -0.00145 -0.03108  0.00619  0.00838 -0.00007  0.03310  0.01125 -0.02192 -0.01865 -0.01301
1427.0 0.84234 0.08858 -0.00145 -0.03106  0.00614  0.00841 -0.00005  0.03296  0.01130 -0.02183 -0.01870 -0.01391
1427.5 0.83976 0.08858 -0.00141 -0.03104  0.00612  0.00836 -0.00016  0.03300  0.01144 -0.02190 -0.01864 -0.01506
1428.0 0.83740 0.08853 -0.00144 -0.03103  0.00608  0.00843 -0.00031  0.03261  0.01165 -0.02194 -0.01884 -0.01564
1428.5 0.83500 0.08851 -0.00145 -0.03106  0.00604  0.00853 -0.00004  0.03253  0.01144 -0.02192 -0.01890 -0.01599
1429.0 0.83280 0.08843 -0.00142 -0.03107  0.00602  0.00860 -0.00016  0.03221  0.01164 -0.02176 -0.01886 -0.01688
1429.5 0.83086 0.08835 -0.00144 -0.03102  0.00598  0.00863 -0.00008  0.03204  0.01191 -0.02201 -0.01851 -0.01707
1430.0 0.82876 0.08827 -0.00142 -0.03101  0.00605  0.00881  0.00022  0.03196  0.01166 -0.02187 -0.01862 -0.01766
1430.5 0.82676 0.08825 -0.00141 -0.03105  0.00607  0.00888  0.00008  0.03154  0.01164 -0.02204 -0.01823 -0.01813
1431.0 0.82490 0.08817 -0.00141 -0.03106  0.00612  0.00899  0.00042  0.03143  0.01135 -0.02188 -0.01807 -0.01856
1431.5 0.82304 0.08794 -0.00139 -0.03101  0.00607  0.00923  0.00063  0.03114  0.01130 -0.02201 -0.01741 -0.01836
1432.0 0.82140 0.08788 -0.00137 -0.03104  0.00611  0.00931  0.00077  0.03088  0.01127 -0.02194 -0.01756 -0.01898
1432.5 0.81970 0.08778 -0.00134 -0.03105  0.00608  0.00964  0.00110  0.03060  0.01103 -0.02179 -0.01730 -0.01892
1433.0 0.81820 0.08762 -0.00132 -0.03104  0.00622  0.00969  0.00114  0.03031  0.01100 -0.02172 -0.01716 -0.01934
1433.5 0.81646 0.08736 -0.00130 -0.03100  0.00616  0.00985  0.00155  0.02972  0.01093 -0.02170 -0.01720 -0.01977
1434.0 0.81500 0.08725 -0.00126 -0.03102  0.00621  0.01001  0.00183  0.02963  0.01056 -0.02152 -0.01658 -0.01993
1434.5 0.81356 0.08703 -0.00123 -0.03100  0.00622  0.01021  0.00206  0.02915  0.01044 -0.02160 -0.01637 -0.02017
1435.0 0.81224 0.08685 -0.00121 -0.03095  0.00629  0.01040  0.00263  0.02900  0.01046 -0.02129 -0.01637 -0.02044
1435.5 0.81110 0.08646 -0.00120 -0.03082  0.00638  0.01083  0.00316  0.02883  0.01007 -0.02146 -0.01639 -0.02014
1436.0 0.80978 0.08627 -0.00119 -0.03073  0.00645  0.01112  0.00358  0.02857  0.00998 -0.02149 -0.01638 -0.02079
1436.5 0.80866 0.08604 -0.00115 -0.03066  0.00655  0.01142  0.00415  0.02818  0.00993 -0.02129 -0.01633 -0.02111
1437.0 0.80762 0.08602 -0.00115 -0.03063  0.00679  0.01174  0.00476  0.02794  0.00971 -0.02125 -0.01616 -0.02132
1437.5 0.80666 0.08592 -0.00117 -0.03057  0.00689  0.01209  0.00519  0.02773  0.00992 -0.02112 -0.01618 -0.02155
1438.0 0.80600 0.08582 -0.00123 -0.03049  0.00712  0.01251  0.00553  0.02729  0.01034 -0.02108 -0.01588 -0.02264
1438.5 0.80548 0.08577 -0.00128 -0.03042  0.00735  0.01287  0.00534  0.02715  0.01047 -0.02124 -0.01525 -0.02314
1439.0 0.80512 0.08574 -0.00138 -0.03034  0.00756  0.01335  0.00553  0.02691  0.01056 -0.02118 -0.01440 -0.02408
1439.5 0.80498 0.08599 -0.00150 -0.03034  0.00777  0.01383  0.00527  0.02677  0.01108 -0.02106 -0.01374 -0.02490
1440.0 0.80472 0.08616 -0.00161 -0.03032  0.00799  0.01421  0.00508  0.02653  0.01135 -0.02058 -0.01241 -0.02571
1440.5 0.80452 0.08656 -0.00171 -0.03035  0.00820  0.01465  0.00465  0.02620  0.01187 -0.02058 -0.01207 -0.02651
1441.0 0.80432 0.08703 -0.00182 -0.03043  0.00835  0.01504  0.00431  0.02597  0.01189 -0.02035 -0.01114 -0.02708
1441.5 0.80410 0.08734 -0.00192 -0.03044  0.00848  0.01542  0.00389  0.02578  0.01223 -0.01981 -0.01048 -0.02763
1442.0 0.80386 0.08791 -0.00198 -0.03053  0.00860  0.01577  0.00338  0.02570  0.01257 -0.01941 -0.00998 -0.02843
1442.5 0.80344 0.08826 -0.00208 -0.03057  0.00870  0.01608  0.00288  0.02586  0.01235 -0.01911 -0.00935 -0.02862
1443.0 0.80292 0.08846 -0.00211 -0.03063  0.00875  0.01639  0.00271  0.02606  0.01219 -0.01839 -0.00921 -0.02882
1443.5 0.80250 0.08867 -0.00216 -0.03069  0.00876  0.01663  0.00276  0.02594  0.01222 -0.01838 -0.00943 -0.02863
1444.0 0.80188 0.08907 -0.00219 -0.03079  0.00884  0.01704  0.00230  0.02609  0.01206 -0.01771 -0.00944 -0.02904
1444.5 0.80116 0.08931 -0.00222 -0.03089  0.00886  0.01735  0.00215  0.02610  0.01151 -0.01731 -0.00935 -0.02911
1445.0 0.80074 0.08959 -0.00228 -0.03094  0.00886  0.01763  0.00186  0.02633  0.01132 -0.01686 -0.00954 -0.02909
1445.5 0.80000 0.08981 -0.00231 -0.03100  0.00892  0.01791  0.00186  0.02646  0.01116 -0.01611 -0.00940 -0.02929
1446.0 0.79952 0.09005 -0.00235 -0.03106  0.00897  0.01820  0.00165  0.02649  0.01102 -0.01577 -0.00916 -0.02968
1446.5 0.79880 0.09035 -0.00236 -0.03116  0.00904  0.01836  0.00152  0.02658  0.01081 -0.01558 -0.00916 -0.02963
1447.0 0.79820 0.09058 -0.00238 -0.03124  0.00907  0.01852  0.00124  0.02672  0.01076 -0.01501 -0.00946 -0.02976
1447.5 0.79772 0.09087 -0.00237 -0.03136  0.00916  0.01873  0.00109  0.02658  0.01100 -0.01502 -0.00909 -0.02974
1448.0 0.79706 0.09104 -0.00235 -0.03145  0.00920  0.01890  0.00092  0.02655  0.01107 -0.01431 -0.00914 -0.02970
1448.5 0.79636 0.09121 -0.00238 -0.03149  0.00928  0.01906  0.00079  0.02628  0.01120 -0.01421 -0.00899 -0.03001
1449.0 0.79558 0.09129 -0.00234 -0.03155  0.00925  0.01915  0.00066  0.02621  0.01141 -0.01403 -0.00914 -0.03011
1449.5 0.79508 0.09150 -0.00235 -0.03165  0.00932  0.01929  0.00059  0.02615  0.01150 -0.01353 -0.00893 -0.03042
1450.0 0.79434 0.09152 -0.00233 -0.03170  0.00934  0.01932  0.00045  0.02588  0.01162 -0.01367 -0.00905 -0.02981
1450.5 0.79368 0.09182 -0.00231 -0.03184  0.00944  0.01933  0.00037  0.02576  0.01230 -0.01348 -0.00882 -0.02999
1451.0 0.79284 0.09196 -0.00229 -0.03189  0.00957  0.01950  0.00027  0.02537  0.01233 -0.01323 -0.00879 -0.03033
1451.5 0.79230 0.09212 -0.00228 -0.03197  0.00955  0.01955  0.00030  0.02528  0.01278 -0.01310 -0.00876 -0.03063
1452.0 0.79136 0.09219 -0.00218 -0.03205  0.00958  0.01949  0.00016  0.02514  0.01307 -0.01309 -0.00858 -0.03038
1452.5 0.79074 0.09229 -0.00221 -0.03211  0.00967  0.01944  0.00033  0.02491  0.01346 -0.01282 -0.00856 -0.03061
1453.0 0.79014 0.09246 -0.00218 -0.03219  0.00970  0.01949  0.00008  0.02469  0.01405 -0.01269 -0.00856 -0.03064
1453.5 0.78940 0.09260 -0.00217 -0.03224  0.00982  0.01960  0.00011  0.02444  0.01412 -0.01247 -0.00912 -0.03104
1454.0 0.78892 0.09271 -0.00216 -0.03229  0.00984  0.01956  0.00015  0.02414  0.01455 -0.01240 -0.00897 -0.03119
1454.5 0.78830 0.09276 -0.00213 -0.03226  0.01003  0.01957  0.00018  0.02419  0.01484 -0.01236 -0.00934 -0.03089
1455.0 0.78786 0.09290 -0.00212 -0.03234  0.01006  0.01952  0.00034  0.02389  0.01527 -0.01207 -0.00939 -0.03147
1455.5 0.78734 0.09299 -0.00214 -0.03235  0.01016  0.01952  0.00023  0.02379  0.01560 -0.01187 -0.00972 -0.03144
1456.0 0.78686 0.09317 -0.00210 -0.03241  0.01013  0.01956  0.00038  0.02385  0.01589 -0.01162 -0.00971 -0.03204
1456.5 0.78642 0.09301 -0.00211 -0.03233  0.01023  0.01949  0.00041  0.02363  0.01594 -0.01149 -0.01014 -0.03233
1457.0 0.78604 0.09308 -0.00211 -0.03233  0.01041  0.01944  0.00047  0.02353  0.01633 -0.01118 -0.01060 -0.03265
1457.5 0.78576 0.09319 -0.00212 -0.03234  0.01041  0.01941  0.00075  0.02344  0.01664 -0.01107 -0.01104 -0.03303
1458.0 0.78548 0.09332 -0.00212 -0.03238  0.01055  0.01938  0.00070  0.02350  0.01681 -0.01090 -0.01140 -0.03298
1458.5 0.78528 0.09328 -0.00214 -0.03232  0.01065  0.01934  0.00077  0.02345  0.01725 -0.01062 -0.01173 -0.03286
1459.0 0.78498 0.09345 -0.00216 -0.03234  0.01071  0.01936  0.00100  0.02354  0.01750 -0.01042 -0.01231 -0.03286
1459.5 0.78480 0.09335 -0.00219 -0.03226  0.01077  0.01943  0.00105  0.02346  0.01753 -0.01032 -0.01260 -0.03330
1460.0 0.78450 0.09348 -0.00219 -0.03226  0.01086  0.01945  0.00143  0.02364  0.01788 -0.01020 -0.01312 -0.03322
1460.5 0.78430 0.09347 -0.00222 -0.03222  0.01095  0.01934  0.00148  0.02336  0.01828 -0.00977 -0.01383 -0.03341
1461.0 0.78414 0.09356 -0.00222 -0.03223  0.01109  0.01926  0.00174  0.02346  0.01846 -0.00971 -0.01382 -0.03348
1461.5 0.78410 0.09360 -0.00228 -0.03221  0.01116  0.01917  0.00179  0.02332  0.01865 -0.00962 -0.01424 -0.03308
1462.0 0.78390 0.09357 -0.00230 -0.03215  0.01123  0.01914  0.00209  0.02324  0.01927 -0.00958 -0.01494 -0.03312
1462.5 0.78374 0.09355 -0.00232 -0.03212  0.01123  0.01909  0.00245  0.02325  0.01926 -0.00942 -0.01535 -0.03284
1463.0 0.78372 0.09365 -0.00236 -0.03211  0.01131  0.01910  0.00266  0.02325  0.01970 -0.00958 -0.01547 -0.03299
1463.5 0.78370 0.09340 -0.00238 -0.03200  0.01138  0.01896  0.00286  0.02295  0.02015 -0.00933 -0.01575 -0.03253
1464.0 0.78354 0.09360 -0.00240 -0.03207  0.01133  0.01893  0.00312  0.02298  0.02070 -0.00961 -0.01596 -0.03213
1464.5 0.78350 0.09354 -0.00241 -0.03202  0.01144  0.01880  0.00328  0.02294  0.02102 -0.00949 -0.01638 -0.03160
1465.0 0.78342 0.09361 -0.00246 -0.03203  0.01147  0.01871  0.00363  0.02279  0.02149 -0.00964 -0.01654 -0.03090
1465.5 0.78332 0.09357 -0.00247 -0.03201  0.01149  0.01859  0.00387  0.02283  0.02196 -0.00972 -0.01697 -0.03029
1466.0 0.78324 0.09359 -0.00251 -0.03198  0.01152  0.01860  0.00405  0.02263  0.02252 -0.00985 -0.01729 -0.02998
1466.5 0.78326 0.09358 -0.00252 -0.03201  0.01152  0.01837  0.00428  0.02247  0.02284 -0.00999 -0.01727 -0.02943
1467.0 0.78326 0.09354 -0.00258 -0.03198  0.01149  0.01829  0.00448  0.02222  0.02336 -0.00998 -0.01771 -0.02833
1467.5 0.78332 0.09370 -0.00259 -0.03205  0.01155  0.01814  0.00477  0.02215  0.02376 -0.01023 -0.01752 -0.02801
1468.0 0.78330 0.09382 -0.00263 -0.03207  0.01155  0.01808  0.00496  0.02194  0.02467 -0.01029 -0.01789 -0.02753
1468.5 0.78348 0.09373 -0.00268 -0.03204  0.01147  0.01794  0.00513  0.02190  0.02488 -0.01040 -0.01790 -0.02712
1469.0 0.78338 0.09378 -0.00268 -0.03208  0.01149  0.01778  0.00515  0.02153  0.02538 -0.01057 -0.01819 -0.02679
1469.5 0.78348 0.09381 -0.00273 -0.03209  0.01147  0.01767  0.00550  0.02153  0.02580 -0.01047 -0.01823 -0.02614
1470.0 0.78352 0.09379 -0.00274 -0.03215  0.01147  0.01730  0.00552  0.02115  0.02637 -0.01057 -0.01834 -0.02507
1470.5 0.78380 0.09398 -0.00280 -0.03221  0.01140  0.01730  0.00567  0.02096  0.02682 -0.01050 -0.01841 -0.02473
1471.0 0.78388 0.09398 -0.00280 -0.03223  0.01135  0.01707  0.00592  0.02083  0.02728 -0.01060 -0.01812 -0.02426
1471.5 0.78404 0.09405 -0.00285 -0.03230  0.01123  0.01685  0.00597  0.02073  0.02758 -0.01055 -0.01839 -0.02361
1472.0 0.78436 0.09428 -0.00290 -0.03236  0.01125  0.01681  0.00578  0.02052  0.02807 -0.01066 -0.01849 -0.02320
1472.5 0.78458 0.09447 -0.00291 -0.03247  0.01121  0.01663  0.00591  0.02037  0.02857 -0.01080 -0.01844 -0.02263
1473.0 0.78484 0.09443 -0.00295 -0.03249  0.01114  0.01643  0.00605  0.02013  0.02883 -0.01076 -0.01840 -0.02196
1473.5 0.78530 0.09483 -0.00301 -0.03268  0.01113  0.01619  0.00609  0.01997  0.02910 -0.01038 -0.01860 -0.02169
1474.0 0.78560 0.09492 -0.00304 -0.03274  0.01106  0.01615  0.00608  0.01987  0.02939 -0.01032 -0.01824 -0.02095
1474.5 0.78580 0.09519 -0.00309 -0.03283  0.01100  0.01598  0.00616  0.01991  0.02973 -0.01054 -0.01881 -0.02065
1475.0 0.78620 0.09538 -0.00311 -0.03297  0.01087  0.01583  0.00610  0.01963  0.03022 -0.01030 -0.01827 -0.02031
1475.5 0.78662 0.09567 -0.00316 -0.03313  0.01078  0.01561  0.00605  0.01957  0.03040 -0.01025 -0.01811 -0.01953
1476.0 0.78704 0.09578 -0.00318 -0.03321  0.01072  0.01548  0.00605  0.01936  0.03052 -0.01010 -0.01808 -0.01915
1476.5 0.78770 0.09616 -0.00323 -0.03338  0.01062  0.01539  0.00603  0.01913  0.03082 -0.01023 -0.01775 -0.01867
1477.0 0.78826 0.09648 -0.00328 -0.03359  0.01053  0.01523  0.00593  0.01899  0.03093 -0.00991 -0.01749 -0.01843
1477.5 0.78874 0.09662 -0.00330 -0.03364  0.01054  0.01512  0.00595  0.01874  0.03125 -0.00974 -0.01732 -0.01801
1478.0 0.78946 0.09697 -0.00333 -0.03382  0.01047  0.01500  0.00590  0.01883  0.03148 -0.00960 -0.01743 -0.01730
1478.5 0.79004 0.09740 -0.00336 -0.03400  0.01041  0.01494  0.00589  0.01856  0.03176 -0.00955 -0.01733 -0.01683
1479.0 0.79064 0.09775 -0.00340 -0.03420  0.01032  0.01477  0.00574  0.01835  0.03176 -0.00962 -0.01720 -0.01660
1479.5 0.79140 0.09810 -0.00346 -0.03439  0.01026  0.01471  0.00558  0.01815  0.03189 -0.00930 -0.01675 -0.01544
1480.0 0.79200 0.09847 -0.00346 -0.03458  0.01021  0.01463  0.00540  0.01816  0.03213 -0.00902 -0.01639 -0.01534
1480.5 0.79282 0.09898 -0.00352 -0.03479  0.01010  0.01465  0.00546  0.01787  0.03242 -0.00924 -0.01616 -0.01465
1481.0 0.79348 0.09930 -0.00354 -0.03497  0.01010  0.01448  0.00526  0.01767  0.03232 -0.00878 -0.01637 -0.01428
1481.5 0.79436 0.09985 -0.00358 -0.03522  0.00998  0.01442  0.00511  0.01766  0.03251 -0.00888 -0.01605 -0.01365
1482.0 0.79508 0.10007 -0.00362 -0.03534  0.00996  0.01432  0.00498  0.01745  0.03255 -0.00858 -0.01561 -0.01292
1482.5 0.79578 0.10054 -0.00363 -0.03558  0.00990  0.01423  0.00479  0.01729  0.03278 -0.00857 -0.01506 -0.01263
1483.0 0.79662 0.10094 -0.00368 -0.03576  0.00986  0.01421  0.00469  0.01716  0.03277 -0.00843 -0.01469 -0.01226
1483.5 0.79748 0.10149 -0.00370 -0.03602  0.00977  0.01417  0.00448  0.01703  0.03303 -0.00808 -0.01437 -0.01151
1484.0 0.79826 0.10191 -0.00373 -0.03621  0.00972  0.01422  0.00423  0.01687  0.03323 -0.00808 -0.01474 -0.01099
1484.5 0.79930 0.10235 -0.00374 -0.03643  0.00967  0.01409  0.00397  0.01676  0.03332 -0.00797 -0.01444 -0.01039
1485.0 0.80014 0.10289 -0.00377 -0.03668  0.00970  0.01408  0.00377  0.01649  0.03330 -0.00771 -0.01417 -0.00991
1485.5 0.80112 0.10324 -0.00378 -0.03688  0.00959  0.01398  0.00355  0.01618  0.03340 -0.00751 -0.01379 -0.00902
1486.0 0.80208 0.10380 -0.00382 -0.03714  0.00957  0.01386  0.00321  0.01621  0.03354 -0.00720 -0.01389 -0.00850
1486.5 0.80288 0.10423 -0.00382 -0.03736  0.00950  0.01387  0.00307  0.01602  0.03373 -0.00714 -0.01348 -0.00777
1487.0 0.80392 0.10464 -0.00384 -0.03759  0.00942  0.01383  0.00284  0.01564  0.03381 -0.00677 -0.01352 -0.00715
1487.5 0.80484 0.10522 -0.00387 -0.03781  0.00939  0.01383  0.00248  0.01569  0.03421 -0.00663 -0.01322 -0.00689
1488.0 0.80570 0.10567 -0.00390 -0.03805  0.00937  0.01370  0.00207  0.01551  0.03430 -0.00631 -0.01315 -0.00588
1488.5 0.80670 0.10617 -0.00388 -0.03830  0.00937  0.01358  0.00174  0.01518  0.03450 -0.00598 -0.01340 -0.00524
1489.0 0.80754 0.10645 -0.00389 -0.03846  0.00933  0.01355  0.00140  0.01497  0.03478 -0.00578 -0.01287 -0.00435
1489.5 0.80860 0.10704 -0.00390 -0.03873  0.00941  0.01349  0.00102  0.01478  0.03501 -0.00556 -0.01272 -0.00370
1490.0 0.80944 0.10744 -0.00391 -0.03897  0.00927  0.01332  0.00055  0.01463  0.03524 -0.00506 -0.01291 -0.00282
1490.5 0.81040 0.10796 -0.00391 -0.03921  0.00931  0.01329 -0.00001  0.01438  0.03546 -0.00478 -0.01259 -0.00210
1491.0 0.81124 0.10844 -0.00389 -0.03944  0.00939  0.01321 -0.00018  0.01419  0.03571 -0.00430 -0.01273 -0.00169
1491.5 0.81234 0.10867 -0.00389 -0.03961  0.00930  0.01307 -0.00083  0.01383  0.03590 -0.00398 -0.01297 -0.00126
1492.0 0.81328 0.10916 -0.00387 -0.03984  0.00936  0.01297 -0.00107  0.01386  0.03619 -0.00357 -0.01321 -0.00026
1492.5 0.81416 0.10967 -0.00389 -0.04007  0.00939  0.01283 -0.00167  0.01355  0.03654 -0.00295 -0.01324  0.00049
1493.0 0.81520 0.11016 -0.00388 -0.04032  0.00936  0.01275 -0.00205  0.01306  0.03688 -0.00268 -0.01368  0.00079
1493.5 0.81622 0.11056 -0.00388 -0.04051  0.00932  0.01263 -0.00259  0.01306  0.03722 -0.00210 -0.01412  0.00144
1494.0 0.81740 0.11100 -0.00387 -0.04074  0.00933  0.01258 -0.00312  0.01277  0.03736 -0.00166 -0.01398  0.00169
1494.5 0.81840 0.11153 -0.00387 -0.04098  0.00932  0.01232 -0.00363  0.01256  0.03786 -0.00105 -0.01414  0.00262
1495.0 0.81956 0.11190 -0.00387 -0.04116  0.00930  0.01216 -0.00427  0.01228  0.03819 -0.00057 -0.01448  0.00296
1495.5 0.82066 0.11225 -0.00386 -0.04129  0.00943  0.01203 -0.00478  0.01217  0.03841  0.00013 -0.01535  0.00339
1496.0 0.82182 0.11279 -0.00386 -0.04154  0.00947  0.01199 -0.00534  0.01193  0.03861  0.00082 -0.01520  0.00462
1496.5 0.82300 0.11311 -0.00387 -0.04167  0.00948  0.01177 -0.00589  0.01177  0.03889  0.00156 -0.01582  0.00499
1497.0 0.82438 0.11367 -0.00386 -0.04190  0.00959  0.01171 -0.00663  0.01156  0.03906  0.00224 -0.01649  0.00567
1497.5 0.82572 0.11407 -0.00387 -0.04205  0.00971  0.01147 -0.00715  0.01138  0.03937  0.00309 -0.01715  0.00645
1498.0 0.82708 0.11450 -0.00389 -0.04224  0.00964  0.01146 -0.00757  0.01123  0.03943  0.00405 -0.01757  0.00681
1498.5 0.82864 0.11485 -0.00388 -0.04237  0.00972  0.01128 -0.00812  0.01115  0.03960  0.00468 -0.01832  0.00714
1499.0 0.83016 0.11537 -0.00391 -0.04255  0.00984  0.01119 -0.00883  0.01111  0.03968  0.00580 -0.01912  0.00759
1499.5 0.83164 0.11575 -0.00394 -0.04268  0.00984  0.01110 -0.00929  0.01083  0.03988  0.00674 -0.01989  0.00807
1500.0 0.84186 0.11592 -0.00451 -0.04277  0.00751  0.01339 -0.00875  0.00851  0.03641  0.00887 -0.01038  0.01361
1500.5 0.84304 0.11636 -0.00452 -0.04294  0.00759  0.01323 -0.00891  0.00850  0.03632  0.00929 -0.01276  0.01508
1501.0 0.84428 0.11676 -0.00453 -0.04309  0.00772  0.01309 -0.00931  0.00832  0.03645  0.00946 -0.01452  0.01573
1501.5 0.84560 0.11689 -0.00454 -0.04314  0.00776  0.01295 -0.00963  0.00803  0.03635  0.00945 -0.01649  0.01683
1502.0 0.84694 0.11730 -0.00458 -0.04328  0.00783  0.01276 -0.01003  0.00788  0.03638  0.00953 -0.01850  0.01812
1502.5 0.84842 0.11757 -0.00461 -0.04334  0.00801  0.01256 -0.01021  0.00777  0.03642  0.00969 -0.02052  0.01897
1503.0 0.84988 0.11786 -0.00460 -0.04342  0.00812  0.01237 -0.01048  0.00748  0.03671  0.01001 -0.02217  0.01982
1503.5 0.85134 0.11843 -0.00463 -0.04362  0.00828  0.01215 -0.01087  0.00711  0.03671  0.01018 -0.02349  0.02103
1504.0 0.85276 0.11884 -0.00462 -0.04373  0.00847  0.01197 -0.01138  0.00681  0.03678  0.01038 -0.02544  0.02169
1504.5 0.85454 0.11921 -0.00469 -0.04381  0.00868  0.01174 -0.01159  0.00654  0.03693  0.01052 -0.02700  0.02238
1505.0 0.85588 0.11957 -0.00472 -0.04390  0.00880  0.01146 -0.01198  0.00584  0.03710  0.01106 -0.02838  0.02292
1505.5 0.85772 0.12008 -0.00475 -0.04403  0.00901  0.01110 -0.01242  0.00552  0.03718  0.01158 -0.02940  0.02377
1506.0 0.85960 0.12063 -0.00480 -0.04417  0.00922  0.01087 -0.01256  0.00496  0.03760  0.01228 -0.03026  0.02411
1506.5 0.86130 0.12111 -0.00486 -0.04428  0.00942  0.01058 -0.01311  0.00459  0.03773  0.01278 -0.03090  0.02420
1507.0 0.86332 0.12167 -0.00493 -0.04441  0.00958  0.01030 -0.01340  0.00387  0.03801  0.01372 -0.03171  0.02503
1507.5 0.86538 0.12228 -0.00497 -0.04456  0.00982  0.01004 -0.01402  0.00353  0.03811  0.01439 -0.03244  0.02567
1508.0 0.86748 0.12292 -0.00504 -0.04471  0.01002  0.00977 -0.01433  0.00277  0.03873  0.01500 -0.03281  0.02620
1508.5 0.86964 0.12353 -0.00515 -0.04482  0.01018  0.00943 -0.01472  0.00212  0.03895  0.01615 -0.03308  0.02653
1509.0 0.87208 0.12437 -0.00525 -0.04500  0.01044  0.00922 -0.01544  0.00152  0.03948  0.01736 -0.03402  0.02686
1509.5 0.87458 0.12527 -0.00536 -0.04525  0.01061  0.00891 -0.01584  0.00108  0.03982  0.01865 -0.03407  0.02745
1510.0 0.87714 0.12600 -0.00551 -0.04539  0.01078  0.00869 -0.01616  0.00012  0.04009  0.01988 -0.03421  0.02779
1510.5 0.87984 0.12709 -0.00565 -0.04569  0.01097  0.00837 -0.01669 -0.00042  0.04042  0.02104 -0.03454  0.02812
1511.0 0.88264 0.12804 -0.00581 -0.04596  0.01103  0.00813 -0.01717 -0.00099  0.04046  0.02231 -0.03439  0.02835
1511.5 0.88558 0.12905 -0.00598 -0.04618  0.01115  0.00788 -0.01770 -0.00153  0.04093  0.02409 -0.03489  0.02848
1512.0 0.88866 0.13016 -0.00615 -0.04646  0.01127  0.00760 -0.01853 -0.00243  0.04109  0.02556 -0.03539  0.02920
1512.5 0.89194 0.13142 -0.00636 -0.04679  0.01130  0.00742 -0.01921 -0.00311  0.04094  0.02748 -0.03634  0.02964
1513.0 0.89534 0.13252 -0.00657 -0.04702  0.01138  0.00706 -0.01978 -0.00394  0.04113  0.02949 -0.03727  0.03051
1513.5 0.89890 0.13381 -0.00678 -0.04737  0.01126  0.00694 -0.02050 -0.00464  0.04107  0.03146 -0.03829  0.03151
1514.0 0.90266 0.13524 -0.00701 -0.04775  0.01132  0.00667 -0.02113 -0.00548  0.04076  0.03361 -0.03886  0.03215
1514.5 0.90662 0.13642 -0.00723 -0.04806  0.01123  0.00656 -0.02172 -0.00620  0.04011  0.03544 -0.03951  0.03268
1515.0 0.91066 0.13786 -0.00748 -0.04843  0.01112  0.00629 -0.02215 -0.00722  0.04003  0.03770 -0.04046  0.03309
1515.5 0.91482 0.13944 -0.00776 -0.04885  0.01104  0.00611 -0.02270 -0.00805  0.03954  0.03972 -0.04125  0.03351
1516.0 0.91940 0.14085 -0.00802 -0.04920  0.01093  0.00597 -0.02305 -0.00914  0.03885  0.04159 -0.04168  0.03449
1516.5 0.92410 0.14240 -0.00830 -0.04959  0.01082  0.00581 -0.02357 -0.00994  0.03844  0.04336 -0.04242  0.03500
1517.0 0.92888 0.14410 -0.00859 -0.05007  0.01059  0.00559 -0.02422 -0.01105  0.03732  0.04545 -0.04246  0.03539
1517.5 0.93402 0.14572 -0.00888 -0.05049  0.01043  0.00550 -0.02456 -0.01214  0.03644  0.04716 -0.04302  0.03530
1518.0 0.93932 0.14767 -0.00919 -0.05106  0.01022  0.00536 -0.02500 -0.01341  0.03553  0.04906 -0.04338  0.03515
1518.5 0.94496 0.14933 -0.00946 -0.05154  0.00996  0.00523 -0.02574 -0.01471  0.03392  0.05061 -0.04293  0.03491
1519.0 0.95070 0.15133 -0.00978 -0.05209  0.00977  0.00524 -0.02613 -0.01648  0.03268  0.05237 -0.04302  0.03399
1519.5 0.95676 0.15315 -0.01005 -0.05263  0.00949  0.00515 -0.02653 -0.01801  0.03099  0.05422 -0.04267  0.03325
1520.0 0.96320 0.15530 -0.01038 -0.05315  0.00922  0.00515 -0.02718 -0.01992  0.02974  0.05645 -0.04236  0.03283
1520.5 0.96996 0.15780 -0.01071 -0.05388  0.00885  0.00517 -0.02738 -0.02180  0.02822  0.05844 -0.04168  0.03197
1521.0 0.97684 0.16017 -0.01109 -0.05448  0.00861  0.00546 -0.02729 -0.02342  0.02702  0.06039 -0.04065  0.03150
1521.5 0.98436 0.16300 -0.01148 -0.05521  0.00834  0.00540 -0.02743 -0.02526  0.02573  0.06284 -0.03991  0.03130
1522.0 0.99180 0.16586 -0.01190 -0.05592  0.00808  0.00551 -0.02741 -0.02706  0.02489  0.06464 -0.04015  0.03045
1522.5 0.99974 0.16869 -0.01231 -0.05666  0.00771  0.00566 -0.02720 -0.02821  0.02412  0.06658 -0.03891  0.03050
1523.0 1.00792 0.17177 -0.01280 -0.05738  0.00744  0.00589 -0.02718 -0.02986  0.02308  0.06830 -0.03915  0.03018
1523.5 1.01656 0.17524 -0.01332 -0.05821  0.00733  0.00583 -0.02722 -0.03154  0.02276  0.07035 -0.03868  0.03007
1524.0 1.02514 0.17870 -0.01385 -0.05907  0.00713  0.00586 -0.02716 -0.03305  0.02220  0.07222 -0.03796  0.02951
1524.5 1.03386 0.18191 -0.01433 -0.05987  0.00691  0.00570 -0.02720 -0.03463  0.02183  0.07375 -0.03823  0.02916
1525.0 1.04258 0.18588 -0.01490 -0.06090  0.00674  0.00570 -0.02741 -0.03623  0.02082  0.07586 -0.03672  0.02738
1525.5 1.05140 0.18925 -0.01541 -0.06178  0.00658  0.00524 -0.02817 -0.03880  0.01978  0.07682 -0.03591  0.02706
1526.0 1.06056 0.19259 -0.01593 -0.06263  0.00651  0.00466 -0.02855 -0.04101  0.01925  0.07768 -0.03568  0.02621
1526.5 1.07002 0.19613 -0.01653 -0.06346  0.00631  0.00410 -0.02875 -0.04285  0.01981  0.07878 -0.03401  0.02629
1527.0 1.07998 0.20001 -0.01719 -0.06431  0.00636  0.00327 -0.02859 -0.04481  0.02050  0.07998 -0.03274  0.02702
1527.5 1.09008 0.20368 -0.01783 -0.06509  0.00632  0.00237 -0.02813 -0.04640  0.02120  0.08110 -0.03127  0.02808
1528.0 1.10068 0.20767 -0.01852 -0.06595  0.00638  0.00131 -0.02784 -0.04811  0.02182  0.08190 -0.02885  0.02943
1528.5 1.11150 0.21162 -0.01920 -0.06681  0.00651  0.00016 -0.02729 -0.05008  0.02175  0.08264 -0.02648  0.02895
1529.0 1.12230 0.21538 -0.01984 -0.06765  0.00669 -0.00083 -0.02723 -0.05215  0.02101  0.08290 -0.02294  0.02837
1529.5 1.13330 0.21924 -0.02047 -0.06850  0.00690 -0.00153 -0.02656 -0.05502  0.02006  0.08374 -0.02028  0.02721
1530.0 1.14414 0.22331 -0.02107 -0.06939  0.00739 -0.00178 -0.02628 -0.05835  0.01907  0.08485 -0.01806  0.02653
1530.5 1.15524 0.22746 -0.02168 -0.07022  0.00769 -0.00160 -0.02575 -0.06201  0.01785  0.08698 -0.01621  0.02577
1531.0 1.16650 0.23174 -0.02235 -0.07107  0.00820 -0.00142 -0.02518 -0.06533  0.01625  0.08865 -0.01430  0.02487
1531.5 1.17812 0.23613 -0.02303 -0.07187  0.00870 -0.00139 -0.02471 -0.06866  0.01421  0.09121 -0.01199  0.02462
1532.0 1.19050 0.24035 -0.02376 -0.07255  0.00924 -0.00104 -0.02414 -0.07119  0.01174  0.09388 -0.01057  0.02416
1532.5 1.20350 0.24471 -0.02456 -0.07313  0.00986 -0.00091 -0.02361 -0.07361  0.00851  0.09644 -0.00902  0.02286
1533.0 1.21728 0.24922 -0.02546 -0.07355  0.01067 -0.00095 -0.02323 -0.07621  0.00580  0.09881 -0.00635  0.02141
1533.5 1.23156 0.25391 -0.02642 -0.07400  0.01142 -0.00144 -0.02282 -0.07878  0.00241  0.10037 -0.00238  0.01967
1534.0 1.24604 0.25879 -0.02743 -0.07440  0.01214 -0.00213 -0.02249 -0.08157 -0.00131  0.10155  0.00136  0.01724
1534.5 1.26116 0.26422 -0.02856 -0.07480  0.01300 -0.00279 -0.02205 -0.08448 -0.00522  0.10233  0.00519  0.01479
1535.0 1.27680 0.27013 -0.02982 -0.07522  0.01381 -0.00333 -0.02109 -0.08779 -0.00966  0.10239  0.00858  0.01083
1535.5 1.29354 0.27665 -0.03129 -0.07556  0.01467 -0.00378 -0.01962 -0.09066 -0.01383  0.10225  0.01157  0.00651
1536.0 1.31002 0.28336 -0.03279 -0.07580  0.01571 -0.00436 -0.01782 -0.09376 -0.01798  0.10212  0.01484  0.00166
1536.5 1.32770 0.29103 -0.03447 -0.07606  0.01694 -0.00485 -0.01527 -0.09729 -0.02216  0.10191  0.01681 -0.00392
1537.0 1.34592 0.29862 -0.03616 -0.07621  0.01825 -0.00549 -0.01287 -0.10031 -0.02634  0.10112  0.01914 -0.00886
1537.5 1.36534 0.30678 -0.03801 -0.07620  0.01993 -0.00589 -0.00989 -0.10316 -0.03073  0.09906  0.02204 -0.01494
1538.0 1.38582 0.31501 -0.03991 -0.07587  0.02157 -0.00633 -0.00665 -0.10613 -0.03635  0.09606  0.02463 -0.02163
1538.5 1.40676 0.32387 -0.04183 -0.07561  0.02335 -0.00763 -0.00370 -0.10919 -0.04150  0.09233  0.02852 -0.03052
1539.0 1.43012 0.33371 -0.04401 -0.07516  0.02540 -0.00974 -0.00032 -0.11120 -0.04744  0.08671  0.03315 -0.04126
1539.5 1.45488 0.34434 -0.04631 -0.07453  0.02777 -0.01262  0.00482 -0.11309 -0.05454  0.07972  0.03726 -0.05181
1540.0 1.48116 0.35579 -0.04883 -0.07363  0.03006 -0.01518  0.01022 -0.11499 -0.06077  0.07160  0.04086 -0.06155
1540.5 1.50890 0.36806 -0.05146 -0.07258  0.03261 -0.01835  0.01629 -0.11659 -0.06729  0.06310  0.04401 -0.07171
1541.0 1.53848 0.38076 -0.05425 -0.07119  0.03531 -0.02152  0.02326 -0.11725 -0.07303  0.05384  0.04669 -0.07863
1541.5 1.56958 0.39452 -0.05732 -0.06946  0.03812 -0.02487  0.03056 -0.11648 -0.07842  0.04409  0.04663 -0.08478
1542.0 1.60226 0.40934 -0.06060 -0.06735  0.04108 -0.02801  0.03708 -0.11419 -0.08394  0.03513  0.04556 -0.08883
1542.5 1.63774 0.42582 -0.06428 -0.06466  0.04441 -0.03082  0.04259 -0.10935 -0.09049  0.02595  0.04083 -0.09066
1543.0 1.67496 0.44408 -0.06814 -0.06154  0.04855 -0.03378  0.04695 -0.10397 -0.09765  0.01542  0.03409 -0.09042
1543.5 1.71298 0.46300 -0.07205 -0.05804  0.05277 -0.03661  0.05048 -0.09695 -0.10557  0.00528  0.02759 -0.08880
1544.0 1.75256 0.48340 -0.07606 -0.05393  0.05795 -0.03971  0.05189 -0.08924 -0.11536 -0.00655  0.01740 -0.08618
1544.5 1.79464 0.50554 -0.08037 -0.04891  0.06367 -0.04150  0.05110 -0.08053 -0.12705 -0.02029  0.00549 -0.07834
1545.0 1.83692 0.52812 -0.08485 -0.04336  0.06955 -0.04383  0.04553 -0.06995 -0.13539 -0.03412 -0.00626 -0.06852
1545.5 1.88192 0.55384 -0.08976 -0.03699  0.07656 -0.04751  0.03421 -0.05699 -0.14350 -0.05084 -0.01746 -0.05362
1546.0 1.92810 0.58091 -0.09467 -0.03045  0.08422 -0.05148  0.01809 -0.04615 -0.14756 -0.06491 -0.03460 -0.03729
1546.5 1.97468 0.61054 -0.09974 -0.02353  0.09260 -0.05571 -0.00108 -0.03748 -0.14833 -0.07534 -0.06171 -0.01815
1547.0 2.01894 0.64252 -0.10506 -0.01666  0.09950 -0.05946 -0.01969 -0.03132 -0.15117 -0.07768 -0.09252 -0.00053
1547.5 2.05650 0.66939 -0.10975 -0.00970  0.10386 -0.05916 -0.03422 -0.02254 -0.14762 -0.08047 -0.12007  0.01249
1548.0 2.08570 0.68928 -0.11351 -0.00270  0.10564 -0.05724 -0.04433 -0.00900 -0.13878 -0.08641 -0.13273  0.02187
1548.5 2.10410 0.70059 -0.11611  0.00365  0.10443 -0.05378 -0.04724  0.00597 -0.12553 -0.09425 -0.12837  0.03032
1549.0 2.11054 0.70384 -0.11723  0.00837  0.10226 -0.05237 -0.04499  0.01797 -0.10731 -0.10243 -0.11700  0.04359
1549.5 2.10830 0.70075 -0.11707  0.01192  0.09992 -0.05275 -0.04206  0.02566 -0.08455 -0.10606 -0.10401  0.06058
1550.0 2.09730 0.69089 -0.11555  0.01449  0.09755 -0.05539 -0.03745  0.02975 -0.06009 -0.10592 -0.09073  0.08046
1550.5 2.07696 0.67507 -0.11279  0.01596  0.09557 -0.05867 -0.03074  0.03105 -0.03603 -0.10566 -0.07354  0.10024
1551.0 2.04838 0.65532 -0.10918  0.01627  0.09386 -0.06266 -0.02483  0.03017 -0.01474 -0.10519 -0.05254  0.11481
1551.5 2.01054 0.63125 -0.10470  0.01497  0.09201 -0.06784 -0.01615  0.02515  0.00035 -0.10286 -0.03286  0.12452
1552.0 1.96348 0.60227 -0.09941  0.01199  0.08892 -0.07413 -0.00332  0.01677  0.01007 -0.09923 -0.00954  0.12314
1552.5 1.91020 0.56890 -0.09335  0.00799  0.08447 -0.08072  0.00879  0.00810  0.01503 -0.09221  0.01392  0.11167
1553.0 1.85428 0.53631 -0.08741  0.00385  0.07890 -0.08650  0.02004  0.00195  0.01999 -0.08549  0.03523  0.09043
1553.5 1.79864 0.50558 -0.08167 -0.00014  0.07323 -0.09210  0.02967 -0.00039  0.01931 -0.07755  0.05123  0.06490
1554.0 1.74764 0.47825 -0.07660 -0.00328  0.06859 -0.09553  0.03646 -0.00064  0.01918 -0.06956  0.05363  0.05404
1554.5 1.70074 0.45242 -0.07202 -0.00559  0.06409 -0.09651  0.04062  0.00083  0.02090 -0.05938  0.05028  0.04884
1555.0 1.65672 0.42856 -0.06778 -0.00742  0.05957 -0.09697  0.04377  0.00446  0.02366 -0.04832  0.04499  0.05035
1555.5 1.61422 0.40579 -0.06382 -0.00881  0.05531 -0.09640  0.04528  0.01086  0.02541 -0.03482  0.03920  0.05389
1556.0 1.57496 0.38501 -0.06015 -0.00957  0.05174 -0.09584  0.04323  0.01480  0.02422 -0.02556  0.03774  0.05507
1556.5 1.53686 0.36505 -0.05661 -0.01009  0.04858 -0.09490  0.03937  0.01930  0.02482 -0.01754  0.03492  0.05646
1557.0 1.50072 0.34679 -0.05341 -0.01039  0.04537 -0.09390  0.03541  0.02259  0.02452 -0.00927  0.03366  0.05690
1557.5 1.46718 0.32990 -0.05047 -0.01048  0.04223 -0.09269  0.02986  0.02675  0.02301 -0.00301  0.03418  0.05611
1558.0 1.43490 0.31373 -0.04755 -0.01027  0.03938 -0.09197  0.02426  0.03111  0.02100  0.00182  0.03260  0.05426
1558.5 1.40488 0.29884 -0.04493 -0.01000  0.03680 -0.09056  0.01875  0.03532  0.01728  0.00553  0.03107  0.05157
1559.0 1.37664 0.28493 -0.04238 -0.00967  0.03469 -0.08953  0.01334  0.03931  0.01293  0.00826  0.03054  0.04872
1559.5 1.35012 0.27282 -0.04006 -0.00932  0.03282 -0.08889  0.00828  0.04315  0.00890  0.01035  0.03141  0.04656
1560.0 1.32536 0.26183 -0.03796 -0.00885  0.03132 -0.08794  0.00295  0.04654  0.00490  0.01177  0.03172  0.04465
1560.5 1.30244 0.25276 -0.03611 -0.00879  0.03036 -0.08736 -0.00231  0.04902  0.00259  0.01415  0.03157  0.04245
1561.0 1.28100 0.24473 -0.03454 -0.00898  0.02933 -0.08655 -0.00612  0.05036  0.00180  0.01592  0.03130  0.03880
1561.5 1.26050 0.23722 -0.03306 -0.00941  0.02859 -0.08543 -0.01078  0.05134  0.00278  0.01802  0.03067  0.03480
1562.0 1.24126 0.23054 -0.03170 -0.00973  0.02793 -0.08456 -0.01433  0.05169  0.00340  0.02081  0.03077  0.03107
1562.5 1.22298 0.22422 -0.03037 -0.01027  0.02744 -0.08372 -0.01729  0.05150  0.00453  0.02333  0.03212  0.02756
1563.0 1.20520 0.21813 -0.02912 -0.01060  0.02708 -0.08242 -0.02049  0.05147  0.00629  0.02577  0.03334  0.02520
1563.5 1.18858 0.21224 -0.02793 -0.01100  0.02669 -0.08094 -0.02329  0.05169  0.00708  0.02859  0.03448  0.02299
1564.0 1.17340 0.20813 -0.02691 -0.01125  0.02677 -0.08042 -0.02584  0.05266  0.00846  0.02874  0.03736  0.02084
1564.5 1.15894 0.20388 -0.02597 -0.01165  0.02674 -0.07930 -0.02835  0.05278  0.00989  0.02955  0.03843  0.02020
1565.0 1.14514 0.19982 -0.02514 -0.01198  0.02701 -0.07772 -0.03041  0.05301  0.01114  0.03022  0.03958  0.01883
1565.5 1.13300 0.19599 -0.02444 -0.01224  0.02721 -0.07607 -0.03203  0.05267  0.01209  0.02940  0.04061  0.01714
1566.0 1.12130 0.19262 -0.02383 -0.01257  0.02734 -0.07460 -0.03301  0.05224  0.01286  0.02840  0.04134  0.01579
1566.5 1.11040 0.18940 -0.02326 -0.01285  0.02747 -0.07316 -0.03415  0.05163  0.01384  0.02698  0.04189  0.01392
1567.0 1.10028 0.18670 -0.02275 -0.01315  0.02775 -0.07196 -0.03493  0.05110  0.01457  0.02523  0.04247  0.01104
1567.5 1.09054 0.18407 -0.02229 -0.01344  0.02806 -0.07063 -0.03573  0.05021  0.01537  0.02376  0.04244  0.00795
1568.0 1.08150 0.18143 -0.02181 -0.01372  0.02820 -0.06956 -0.03645  0.04892  0.01615  0.02235  0.04307  0.00460
1568.5 1.07208 0.17903 -0.02132 -0.01411  0.02841 -0.06864 -0.03724  0.04805  0.01683  0.02097  0.04347  0.00081
1569.0 1.06278 0.17640 -0.02081 -0.01452  0.02856 -0.06770 -0.03776  0.04661  0.01786  0.01965  0.04275 -0.00417
1569.5 1.05374 0.17390 -0.02035 -0.01491  0.02848 -0.06661 -0.03860  0.04523  0.01898  0.01863  0.04250 -0.00850
1570.0 1.04490 0.17170 -0.01991 -0.01536  0.02836 -0.06573 -0.03918  0.04391  0.02008  0.01793  0.04256 -0.01325
1570.5 1.03650 0.16944 -0.01951 -0.01575  0.02822 -0.06470 -0.03981  0.04243  0.02118  0.01713  0.04226 -0.01666
1571.0 1.02830 0.16704 -0.01911 -0.01601  0.02801 -0.06361 -0.04026  0.04095  0.02207  0.01590  0.04196 -0.02047
1571.5 1.02066 0.16502 -0.01877 -0.01630  0.02787 -0.06257 -0.04076  0.03965  0.02330  0.01552  0.04220 -0.02393
1572.0 1.01310 0.16279 -0.01841 -0.01648  0.02773 -0.06134 -0.04147  0.03855  0.02438  0.01464  0.04271 -0.02650
1572.5 1.00578 0.16094 -0.01813 -0.01661  0.02770 -0.06012 -0.04191  0.03741  0.02582  0.01419  0.04380 -0.02967
1573.0 0.99906 0.15912 -0.01779 -0.01692  0.02756 -0.05898 -0.04260  0.03687  0.02712  0.01348  0.04498 -0.03174
1573.5 0.99240 0.15710 -0.01741 -0.01719  0.02733 -0.05783 -0.04327  0.03650  0.02858  0.01288  0.04541 -0.03374
1574.0 0.98596 0.15495 -0.01703 -0.01738  0.02712 -0.05656 -0.04366  0.03617  0.03006  0.01236  0.04612 -0.03577
1574.5 0.97946 0.15311 -0.01668 -0.01763  0.02687 -0.05537 -0.04409  0.03612  0.03138  0.01164  0.04755 -0.03783
1575.0 0.97310 0.15106 -0.01631 -0.01786  0.02659 -0.05404 -0.04461  0.03594  0.03279  0.01160  0.04780 -0.03981
1575.5 0.96692 0.14933 -0.01592 -0.01812  0.02639 -0.05299 -0.04507  0.03593  0.03402  0.01133  0.04861 -0.04176
1576.0 0.96078 0.14736 -0.01552 -0.01835  0.02604 -0.05179 -0.04535  0.03628  0.03518  0.01086  0.04973 -0.04390
1576.5 0.95470 0.14533 -0.01513 -0.01848  0.02562 -0.05054 -0.04565  0.03697  0.03610  0.01049  0.04990 -0.04614
1577.0 0.94894 0.14354 -0.01474 -0.01864  0.02526 -0.04945 -0.04590  0.03747  0.03730  0.01049  0.05049 -0.04819
1577.5 0.94310 0.14172 -0.01437 -0.01882  0.02501 -0.04819 -0.04598  0.03763  0.03828  0.01018  0.05128 -0.05004
1578.0 0.93754 0.13999 -0.01404 -0.01903  0.02469 -0.04695 -0.04604  0.03755  0.03919  0.01045  0.05159 -0.05147
1578.5 0.93242 0.13844 -0.01372 -0.01918  0.02455 -0.04571 -0.04610  0.03763  0.04026  0.01052  0.05206 -0.05238
1579.0 0.92702 0.13708 -0.01343 -0.01932  0.02442 -0.04462 -0.04617  0.03742  0.04117  0.01048  0.05272 -0.05328
1579.5 0.92222 0.13570 -0.01317 -0.01950  0.02434 -0.04340 -0.04618  0.03723  0.04207  0.01078  0.05286 -0.05369
1580.0 0.91722 0.13438 -0.01291 -0.01973  0.02427 -0.04219 -0.04612  0.03670  0.04308  0.01073  0.05264 -0.05393
1580.5 0.91262 0.13302 -0.01266 -0.01986  0.02419 -0.04105 -0.04597  0.03661  0.04363  0.01102  0.05263 -0.05388
1581.0 0.90810 0.13185 -0.01242 -0.02007  0.02422 -0.03990 -0.04614  0.03590  0.04435  0.01110  0.05245 -0.05390
1581.5 0.90378 0.13067 -0.01220 -0.02018  0.02428 -0.03882 -0.04591  0.03552  0.04503  0.01129  0.05221 -0.05353
1582.0 0.89958 0.12938 -0.01199 -0.02029  0.02432 -0.03776 -0.04571  0.03477  0.04572  0.01116  0.05121 -0.05267
1582.5 0.89544 0.12820 -0.01178 -0.02043  0.02428 -0.03672 -0.04561  0.03444  0.04621  0.01093  0.05066 -0.05199
1583.0 0.89162 0.12719 -0.01160 -0.02069  0.02434 -0.03568 -0.04543  0.03374  0.04669  0.01067  0.04971 -0.05110
1583.5 0.88772 0.12606 -0.01141 -0.02084  0.02443 -0.03457 -0.04503  0.03304  0.04725  0.01059  0.04892 -0.05057
1584.0 0.88394 0.12494 -0.01122 -0.02096  0.02443 -0.03372 -0.04480  0.03246  0.04761  0.00979  0.04734 -0.04920
1584.5 0.88050 0.12387 -0.01101 -0.02118  0.02450 -0.03282 -0.04448  0.03191  0.04781  0.00910  0.04619 -0.04859
1585.0 0.87714 0.12280 -0.01083 -0.02139  0.02449 -0.03190 -0.04416  0.03155  0.04804  0.00837  0.04465 -0.04713
1585.5 0.87384 0.12181 -0.01065 -0.02157  0.02458 -0.03099 -0.04370  0.03085  0.04846  0.00754  0.04344 -0.04627
1586.0 0.87068 0.12073 -0.01043 -0.02179  0.02461 -0.03015 -0.04323  0.03041  0.04851  0.00674  0.04145 -0.04542
1586.5 0.86770 0.11980 -0.01029 -0.02199  0.02464 -0.02929 -0.04267  0.02982  0.04876  0.00531  0.04006 -0.04455
1587.0 0.86462 0.11871 -0.01005 -0.02219  0.02470 -0.02854 -0.04222  0.02919  0.04884  0.00453  0.03852 -0.04352
1587.5 0.86186 0.11793 -0.00988 -0.02252  0.02462 -0.02775 -0.04175  0.02888  0.04880  0.00321  0.03649 -0.04297
1588.0 0.85914 0.11697 -0.00970 -0.02270  0.02468 -0.02694 -0.04123  0.02822  0.04873  0.00188  0.03479 -0.04218
1588.5 0.85650 0.11636 -0.00954 -0.02303  0.02475 -0.02621 -0.04056  0.02784  0.04883  0.00055  0.03303 -0.04133
1589.0 0.85410 0.11557 -0.00934 -0.02327  0.02476 -0.02551 -0.04013  0.02739  0.04893 -0.00075  0.03115 -0.04059
1589.5 0.85164 0.11484 -0.00913 -0.02364  0.02474 -0.02478 -0.03942  0.02685  0.04891 -0.00235  0.02940 -0.03946
1590.0 0.84954 0.11425 -0.00895 -0.02393  0.02475 -0.02407 -0.03897  0.02658  0.04896 -0.00345  0.02764 -0.03909
1590.5 0.84732 0.11368 -0.00878 -0.02424  0.02475 -0.02335 -0.03846  0.02614  0.04871 -0.00509  0.02586 -0.03838
1591.0 0.84526 0.11316 -0.00859 -0.02459  0.02474 -0.02248 -0.03793  0.02602  0.04882 -0.00637  0.02430 -0.03796
1591.5 0.84446 0.11287 -0.00861 -0.02476  0.02482 -0.02157 -0.03799  0.02706  0.04666 -0.00558  0.02030 -0.04039
1592.0 0.84274 0.11264 -0.00846 -0.02513  0.02482 -0.02098 -0.03740  0.02686  0.04640 -0.00703  0.01929 -0.03980
1592.5 0.84080 0.11238 -0.00831 -0.02551  0.02476 -0.02030 -0.03697  0.02665  0.04636 -0.00837  0.01842 -0.03925
1593.0 0.83914 0.11197 -0.00814 -0.02582  0.02474 -0.01965 -0.03652  0.02636  0.04589 -0.00973  0.01755 -0.03823
1593.5 0.83752 0.11187 -0.00799 -0.02622  0.02479 -0.01904 -0.03602  0.02619  0.04573 -0.01076  0.01662 -0.03763
1594.0 0.83604 0.11153 -0.00785 -0.02652  0.02481 -0.01834 -0.03552  0.02592  0.04518 -0.01202  0.01626 -0.03698
1594.5 0.83468 0.11144 -0.00768 -0.02694  0.02479 -0.01774 -0.03505  0.02563  0.04498 -0.01322  0.01608 -0.03671
1595.0 0.83312 0.11124 -0.00756 -0.02733  0.02466 -0.01693 -0.03452  0.02544  0.04456 -0.01422  0.01555 -0.03596
1595.5 0.83186 0.11136 -0.00743 -0.02780  0.02468 -0.01628 -0.03416  0.02524  0.04412 -0.01505  0.01534 -0.03569
1596.0 0.83056 0.11127 -0.00732 -0.02814  0.02462 -0.01557 -0.03365  0.02513  0.04355 -0.01579  0.01571 -0.03593
1596.5 0.82946 0.11145 -0.00720 -0.02863  0.02454 -0.01496 -0.03323  0.02509  0.04327 -0.01647  0.01593 -0.03533
1597.0 0.82824 0.11150 -0.00708 -0.02902  0.02450 -0.01433 -0.03277  0.02506  0.04272 -0.01734  0.01624 -0.03499
1597.5 0.82738 0.11177 -0.00700 -0.02950  0.02442 -0.01359 -0.03236  0.02474  0.04231 -0.01805  0.01683 -0.03516
1598.0 0.82632 0.11195 -0.00691 -0.02986  0.02437 -0.01303 -0.03193  0.02470  0.04193 -0.01847  0.01747 -0.03475
1598.5 0.82516 0.11207 -0.00682 -0.03025  0.02424 -0.01226 -0.03151  0.02454  0.04165 -0.01909  0.01812 -0.03480
1599.0 0.82430 0.11239 -0.00675 -0.03073  0.02412 -0.01163 -0.03114  0.02468  0.04084 -0.01949  0.01877 -0.03481
1599.5 0.82334 0.11271 -0.00665 -0.03114  0.02413 -0.01110 -0.03068  0.02456  0.04051 -0.01976  0.01974 -0.03465
1600.0 0.82256 0.11283 -0.00658 -0.03155  0.02389 -0.01042 -0.03011  0.02443  0.04001 -0.01994  0.02032 -0.03489
