-1.326 -0.042 -0.000 -0.040 -0.016 -0.011 -0.001 -0.004  0.000  0.001
 0.023  1.158  0.054 -0.488  0.078 -0.120 -0.016  0.013  0.003 -0.006
-0.143  0.457  0.883  0.528 -0.251 -0.224 -0.115  0.001  0.014 -0.016
 0.484 -0.405  0.348 -0.705 -0.829  0.255  0.186 -0.015 -0.008 -0.034
-0.112  0.053 -0.241  0.335 -0.013 -0.680  0.973  0.249  0.207 -0.197
-0.596  1.105  0.430  0.419  0.224  1.162  0.310  0.025  0.517  0.185
-0.628  1.206 -0.806  0.704 -0.468  0.563 -0.181  0.679 -0.292 -0.317
 0.414 -0.301 -1.021 -0.112 -0.552 -0.529 -0.665 -0.141  0.840 -0.249
 1.667  0.372 -0.254  0.213 -0.082 -0.506  0.264  0.327 -0.490  0.445
 3.039  0.344 -0.426 -0.321 -0.515 -0.585 -0.139  0.118 -0.080 -0.144
