       1235.00   1.98050e-15
       1240.00   2.52880e-15
       1245.00   2.23103e-15
       1250.00   1.97915e-15
       1255.00   1.85267e-15
       1260.00   1.68182e-15
       1265.00   1.51696e-15
       1270.00   1.80938e-15
       1275.00   2.05070e-15
       1280.00   2.53565e-15
       1285.00   2.24681e-15
       1290.00   2.25162e-15
       1295.00   1.71698e-15
       1300.00   1.24935e-15
       1305.00   1.23328e-15
       1310.00   1.61463e-15
       1315.00   1.81329e-15
       1320.00   1.78082e-15
       1325.00   1.69301e-15
       1330.00   1.36399e-15
       1335.00   1.39156e-15
       1340.00   1.68258e-15
       1345.00   1.77985e-15
       1350.00   1.60286e-15
       1355.00   1.91117e-15
       1360.00   1.82720e-15
       1365.00   1.77854e-15
       1370.00   1.68504e-15
       1375.00   1.75877e-15
       1380.00   1.77918e-15
       1385.00   1.40464e-15
       1390.00   1.34266e-15
       1395.00   1.36280e-15
       1400.00   1.21652e-15
       1405.00   1.65516e-15
       1410.00   1.31854e-15
       1415.00   1.24936e-15
       1420.00   1.42035e-15
       1425.00   1.28362e-15
       1430.00   1.45674e-15
       1435.00   1.38145e-15
       1440.00   1.80636e-15
       1445.00   1.45172e-15
       1450.00   1.49855e-15
       1455.00   1.54296e-15
       1460.00   1.32759e-15
       1465.00   1.52861e-15
       1470.00   1.56656e-15
       1475.00   1.46718e-15
       1480.00   1.64481e-15
       1485.00   1.67621e-15
       1490.00   1.33308e-15
       1495.00   1.56103e-15
       1500.00   1.57235e-15
       1505.00   1.30117e-15
       1510.00   1.32766e-15
       1515.00   1.58568e-15
       1520.00   1.63092e-15
       1525.00   1.00831e-15
       1530.00   1.19694e-15
       1535.00   1.19560e-15
       1540.00   9.90519e-16
       1545.00   1.18883e-15
       1550.00   1.01100e-15
       1555.00   1.39190e-15
       1560.00   1.45402e-15
       1565.00   1.28364e-15
       1570.00   1.42470e-15
       1575.00   1.47301e-15
       1580.00   1.20202e-15
       1585.00   1.32196e-15
       1590.00   1.41441e-15
       1595.00   1.31194e-15
       1600.00   9.11480e-16
       1605.00   1.04167e-15
       1610.00   7.62422e-16
       1615.00   1.08764e-15
       1620.00   1.12105e-15
       1625.00   9.67441e-16
       1630.00   1.03983e-15
       1635.00   1.07570e-15
       1640.00   7.47053e-16
       1645.00   1.17840e-15
       1650.00   1.18999e-15
       1655.00   1.09233e-15
       1660.00   1.43311e-15
       1665.00   1.39774e-15
       1670.00   1.07446e-15
       1675.00   1.09587e-15
       1680.00   1.31505e-15
       1685.00   1.00009e-15
       1690.00   8.99614e-16
       1695.00   9.76114e-16
       1700.00   1.20116e-15
       1705.00   1.12321e-15
       1710.00   9.45568e-16
       1715.00   1.01224e-15
       1720.00   8.88999e-16
       1725.00   1.08970e-15
       1730.00   1.21059e-15
       1735.00   1.41611e-15
       1740.00   1.21978e-15
       1745.00   1.23499e-15
       1750.00   1.03098e-15
       1755.00   1.23084e-15
       1760.00   1.07306e-15
       1765.00   1.18819e-15
       1770.00   1.42162e-15
       1775.00   1.23838e-15
       1780.00   1.16823e-15
       1785.00   1.06691e-15
       1790.00   9.68481e-16
       1795.00   9.89920e-16
       1800.00   1.22787e-15
       1805.00   1.06208e-15
       1810.00   1.10531e-15
       1815.00   1.23544e-15
       1820.00   1.19459e-15
       1825.00   1.16889e-15
       1830.00   1.11567e-15
       1835.00   1.13396e-15
       1840.00   1.02089e-15
       1845.00   1.04750e-15
       1850.00   1.19011e-15
       1855.00   1.03830e-15
       1860.00   9.61372e-16
       1865.00   1.03149e-15
       1870.00   1.11147e-15
       1875.00   1.22753e-15
       1880.00   1.18208e-15
       1885.00   1.15754e-15
       1890.00   1.13406e-15
       1895.00   1.18078e-15
       1900.00   1.27887e-15
       1905.00   1.17393e-15
       1910.00   1.09333e-15
       1915.00   9.62260e-16
       1920.00   8.63937e-16
       1925.00   8.69721e-16
       1930.00   9.64918e-16
       1935.00   9.41201e-16
       1940.00   9.38642e-16
       1945.00   1.01689e-15
       1950.00   1.00685e-15
       1955.00   1.04700e-15
       1960.00   1.08859e-15
       1965.00   1.06846e-15
       1970.00   1.02780e-15
       1975.00   1.12457e-15
       1980.00   1.18033e-15
       1985.00   8.28142e-16
       1990.00   8.07975e-16
       1995.00   8.88799e-16
       2000.00   6.13644e-16
       2005.00   1.12417e-15
       2010.00   1.10975e-15
       2015.00   1.08448e-15
       2020.00   1.05546e-15
       2025.00   1.15706e-15
       2030.00   5.51223e-16
       2035.00   4.15826e-16
       2040.00   1.06600e-15
       2045.00   9.33870e-16
       2050.00   1.14628e-15
       2055.00   1.04807e-15
       2060.00   5.89396e-16
       2065.00   8.36647e-16
       2070.00   6.86500e-16
       2075.00   1.08630e-15
       2080.00   8.09558e-16
       2085.00   1.11849e-15
       2090.00   1.09993e-15
       2095.00   1.13162e-15
       2100.00   7.71107e-16
       2105.00   9.98358e-16
       2110.00   6.42060e-16
       2115.00   9.56558e-16
       2120.00   1.00291e-15
       2125.00   7.93529e-16
       2130.00   1.01125e-15
       2135.00   9.53000e-16
       2140.00   1.03885e-15
       2145.00   7.23371e-16
       2150.00   9.98191e-16
       2155.00   1.03030e-15
       2160.00   9.33983e-16
       2165.00   9.26782e-16
       2170.00   8.23053e-16
       2175.00   7.81451e-16
       2180.00   7.32642e-16
       2185.00   8.61674e-16
       2190.00   8.40912e-16
       2195.00   9.52856e-16
       2200.00   7.31952e-16
       2205.00   7.59523e-16
       2210.00   1.10339e-15
       2215.00   9.80140e-16
       2220.00   1.06431e-15
       2225.00   7.19207e-16
       2230.00   8.33225e-16
       2235.00   9.70602e-16
       2240.00   9.35104e-16
       2245.00   8.10134e-16
       2250.00   8.78644e-16
       2255.00   9.58083e-16
       2260.00   1.42053e-15
       2265.00   1.33121e-15
       2270.00   8.39654e-16
       2275.00   1.06717e-15
       2280.00   1.31997e-15
       2285.00   1.16767e-15
       2290.00   8.26145e-16
       2295.00   9.67553e-16
       2300.00   8.59989e-16
       2305.00   1.05130e-15
       2310.00   9.10589e-16
       2315.00   8.73284e-16
       2320.00   7.56377e-16
       2325.00   7.42277e-16
       2330.00   6.84832e-16
       2335.00   9.67772e-16
       2340.00   8.73493e-16
       2345.00   7.46503e-16
       2350.00   7.56815e-16
       2355.00   7.76803e-16
       2360.00   1.00638e-15
       2365.00   1.24340e-15
       2370.00   8.49421e-16
       2375.00   9.87249e-16
       2380.00   6.30243e-16
       2385.00   7.12959e-16
       2390.00   6.23900e-16
       2395.00   5.22425e-16
       2400.00   5.98502e-16
       2405.00   8.95378e-16
       2410.00   6.09245e-16
       2415.00   6.39090e-16
       2420.00   9.29380e-16
       2425.00   9.20520e-16
       2430.00   1.11260e-15
       2435.00   1.21801e-15
       2440.00   1.01161e-15
       2445.00   1.00257e-15
       2450.00   1.09175e-15
       2455.00   1.06708e-15
       2460.00   1.18264e-15
       2465.00   1.27966e-15
       2470.00   1.13928e-15
       2475.00   7.03032e-16
       2480.00   8.79134e-16
       2485.00   1.07676e-15
       2490.00   8.69182e-16
       2495.00   6.83850e-16
       2500.00   8.44924e-16
       2505.00   9.69209e-16
       2510.00   9.00408e-16
       2515.00   8.88177e-16
       2520.00   7.68608e-16
       2525.00   4.95113e-16
       2530.00   7.44485e-16
       2535.00   9.69054e-16
       2540.00   7.81492e-16
       2545.00   9.43739e-16
       2550.00   8.47494e-16
       2555.00   8.75745e-16
       2560.00   8.93512e-16
       2565.00   9.33296e-16
       2570.00   1.14405e-15
       2575.00   1.26559e-15
       2580.00   1.12620e-15
       2585.00   1.13566e-15
       2590.00   1.04522e-15
       2595.00   1.00285e-15
       2600.00   1.01135e-15
       2605.00   9.15312e-16
       2610.00   9.56427e-16
       2615.00   1.13731e-15
       2620.00   1.14863e-15
       2625.00   1.23810e-15
       2630.00   1.25888e-15
       2635.00   1.37052e-15
       2640.00   1.63572e-15
       2645.00   1.71297e-15
       2650.00   1.80955e-15
       2655.00   1.86172e-15
       2660.00   1.85924e-15
       2665.00   1.77543e-15
       2670.00   1.68898e-15
       2675.00   1.63052e-15
       2680.00   1.76577e-15
       2685.00   1.89754e-15
       2690.00   1.99183e-15
       2695.00   1.87652e-15
       2700.00   1.75783e-15
       2705.00   1.70939e-15
       2710.00   1.85825e-15
       2715.00   1.63931e-15
       2720.00   1.55019e-15
       2725.00   1.38959e-15
       2730.00   1.49409e-15
       2735.00   1.48988e-15
       2740.00   1.42519e-15
       2745.00   1.23805e-15
       2750.00   1.35170e-15
       2755.00   1.55986e-15
       2760.00   1.51922e-15
       2765.00   1.80375e-15
       2770.00   1.72756e-15
       2775.00   1.56924e-15
       2780.00   1.44934e-15
       2785.00   1.37361e-15
       2790.00   1.19590e-15
       2795.00   9.91443e-16
       2800.00   6.96022e-16
       2805.00   7.97029e-16
       2810.00   1.10545e-15
       2815.00   1.43351e-15
       2820.00   1.75892e-15
       2825.00   1.76606e-15
       2830.00   1.77736e-15
       2835.00   1.79552e-15
       2840.00   1.73069e-15
       2845.00   1.39511e-15
       2850.00   1.21047e-15
       2855.00   1.17747e-15
       2860.00   1.35592e-15
       2865.00   1.77824e-15
       2870.00   1.78549e-15
       2875.00   1.88052e-15
       2880.00   1.98119e-15
       2885.00   2.13039e-15
       2890.00   2.26428e-15
       2895.00   2.65659e-15
       2900.00   2.90712e-15
       2905.00   3.04810e-15
       2910.00   3.26524e-15
       2915.00   3.32774e-15
       2920.00   3.35692e-15
       2925.00   3.26661e-15
       2930.00   3.08159e-15
       2935.00   3.15570e-15
       2940.00   2.95720e-15
       2945.00   3.23791e-15
       2950.00   2.99620e-15
       2955.00   2.96010e-15
       2960.00   3.21355e-15
       2965.00   2.91415e-15
       2970.00   2.85867e-15
       2975.00   3.00782e-15
       2980.00   2.97404e-15
       2985.00   2.89415e-15
       2990.00   2.77076e-15
       2995.00   2.82521e-15
       3000.00   2.60941e-15
       3005.00   2.57335e-15
       3010.00   2.64183e-15
       3015.00   2.67563e-15
       3020.00   2.72418e-15
       3025.00   2.93766e-15
       3030.00   3.02673e-15
       3035.00   3.33116e-15
       3040.00   3.34710e-15
       3045.00   3.39031e-15
       3050.00   3.38820e-15
       3055.00   3.30813e-15
       3060.00   3.17032e-15
       3065.00   3.06655e-15
       3070.00   3.41833e-15
       3075.00   3.74416e-15
       3080.00   3.79350e-15
       3085.00   3.69262e-15
       3090.00   3.58815e-15
       3095.00   3.66916e-15
       3100.00   2.85473e-15
       3105.00   4.17288e-15
       3110.00   4.39205e-15
       3115.00   4.38317e-15
       3120.00   4.12759e-15
       3125.00   4.03011e-15
       3130.00   4.16562e-15
       3135.00   4.47138e-15
       3140.00   4.36571e-15
       3145.00   4.17668e-15
       3150.00   4.06295e-15
       3155.00   3.93401e-15
       3160.00   3.98998e-15
       3165.00   4.14583e-15
       3170.00   4.25049e-15
       3175.00   4.02069e-15
       3180.00   3.97408e-15
       3185.00   3.75130e-15
       3190.00   4.37409e-15
       3195.00   5.17665e-15
       3200.00   4.34831e-15
       3205.00   4.08705e-15
       3210.00   3.79441e-15
       3215.00   3.69480e-15
       3220.00   3.94324e-15
       3225.00   4.18556e-15
       3230.00   3.94707e-15
       3235.00   3.45446e-15
       3240.00   4.01643e-15
       3245.00   4.80482e-15
       3250.00   4.96214e-15
       3255.00   5.32270e-15
       3260.00   6.16552e-15
       3265.00   5.84361e-15
       3270.00   5.12736e-15
       3275.00   5.64168e-15
       3280.00   6.66020e-15
       3285.00   7.61481e-15
       3290.00   8.17513e-15
       3295.00   7.48645e-15
       3300.00   7.27321e-15
       3305.00   1.02343e-14
       3310.00   9.49413e-15
       3315.00   8.08947e-15
       3320.00   8.04783e-15
       3325.00   8.45400e-15
       3330.00   7.96778e-15
       3335.00   6.49453e-15
       3340.00   5.82550e-15
       3345.00   7.58512e-15
       3350.00   5.98344e-15
       3355.00   4.18642e-15
       3360.00   6.31523e-15
       3365.00   7.48444e-15
       3370.00   7.78596e-15
       3375.00   7.34081e-15
       3380.00   7.74197e-15
       3385.00   8.25286e-15
       3390.00   8.64469e-15
       3395.00   9.32210e-15
       3400.00   9.77898e-15
       3405.00   9.77881e-15
       3410.00   9.62073e-15
       3415.00   9.50149e-15
       3420.00   8.88238e-15
       3425.00   7.68203e-15
       3430.00   7.27188e-15
       3435.00   7.90741e-15
       3440.00   8.86635e-15
       3445.00   9.22219e-15
       3450.00   8.83582e-15
       3455.00   8.55999e-15
       3460.00   8.38654e-15
       3465.00   7.76326e-15
       3470.00   7.16670e-15
       3475.00   7.26055e-15
       3480.00   7.70981e-15
       3485.00   7.77936e-15
       3490.00   7.30131e-15
       3495.00   8.01511e-15
       3500.00   9.33568e-15
       3505.00   9.74492e-15
       3510.00   9.09122e-15
       3515.00   8.00088e-15
       3520.00   6.96376e-15
       3525.00   6.74453e-15
       3530.00   7.64050e-15
       3535.00   8.54383e-15
       3540.00   8.47153e-15
       3545.00   8.26268e-15
       3550.00   8.38773e-15
       3555.00   8.26431e-15
       3560.00   8.14628e-15
       3565.00   8.40306e-15
       3570.00   8.51679e-15
       3575.00   8.10241e-15
       3580.00   7.82383e-15
       3585.00   8.31582e-15
       3590.00   9.05769e-15
       3595.00   9.32301e-15
       3600.00   9.01753e-15
       3605.00   8.61800e-15
       3610.00   8.70761e-15
       3615.00   9.04666e-15
       3620.00   9.81869e-15
       3625.00   1.09142e-14
       3630.00   1.10782e-14
       3635.00   1.07910e-14
       3640.00   1.09860e-14
       3645.00   1.06231e-14
       3650.00   1.09192e-14
       3655.00   1.16490e-14
       3660.00   1.19484e-14
       3665.00   1.16796e-14
       3670.00   1.13263e-14
       3675.00   1.18143e-14
       3680.00   1.20311e-14
       3685.00   1.18186e-14
       3690.00   1.17092e-14
       3695.00   1.16136e-14
       3700.00   1.12857e-14
       3705.00   1.08798e-14
       3710.00   1.07766e-14
       3715.00   1.10571e-14
       3720.00   1.09515e-14
       3725.00   9.59409e-15
       3730.00   7.79821e-15
       3735.00   8.13977e-15
       3740.00   8.38268e-15
       3745.00   7.98931e-15
       3750.00   8.51534e-15
       3755.00   8.90296e-15
       3760.00   9.45485e-15
       3765.00   1.03350e-14
       3770.00   1.11340e-14
       3775.00   1.12583e-14
       3780.00   1.05889e-14
       3785.00   9.68913e-15
       3790.00   9.14016e-15
       3795.00   8.89911e-15
       3800.00   9.42449e-15
       3805.00   1.00530e-14
       3810.00   9.72540e-15
       3815.00   8.44220e-15
       3820.00   7.37678e-15
       3825.00   7.16088e-15
       3830.00   7.09391e-15
       3835.00   7.05910e-15
       3840.00   7.39550e-15
       3845.00   7.99365e-15
       3850.00   8.29127e-15
       3855.00   8.04735e-15
       3860.00   8.53317e-15
       3865.00   8.94597e-15
       3870.00   9.08719e-15
       3875.00   8.97781e-15
       3880.00   8.90052e-15
       3885.00   9.25045e-15
       3890.00   1.02534e-14
       3895.00   1.14892e-14
       3900.00   1.21362e-14
       3905.00   1.21923e-14
       3910.00   1.19014e-14
       3915.00   1.10980e-14
       3920.00   9.91833e-15
       3925.00   8.44538e-15
       3930.00   7.49535e-15
       3935.00   7.87820e-15
       3940.00   9.37674e-15
       3945.00   1.09537e-14
       3950.00   1.22113e-14
       3955.00   1.24212e-14
       3960.00   1.06745e-14
       3965.00   9.61342e-15
       3970.00   1.02066e-14
       3975.00   1.20985e-14
       3980.00   1.43928e-14
       3985.00   1.60840e-14
       3990.00   1.64776e-14
       3995.00   1.67909e-14
       4000.00   1.78335e-14
       4005.00   1.82324e-14
       4010.00   1.89490e-14
       4015.00   1.95447e-14
       4020.00   1.96649e-14
       4025.00   1.93187e-14
       4030.00   1.83051e-14
       4035.00   1.78088e-14
       4040.00   1.80341e-14
       4045.00   1.80874e-14
       4050.00   1.79693e-14
       4055.00   1.75667e-14
       4060.00   1.72169e-14
       4065.00   1.77724e-14
       4070.00   1.79322e-14
       4075.00   1.83184e-14
       4080.00   1.89681e-14
       4085.00   1.95415e-14
       4090.00   1.95191e-14
       4095.00   1.87213e-14
       4100.00   1.77013e-14
       4105.00   1.79565e-14
       4110.00   1.84387e-14
       4115.00   1.85013e-14
       4120.00   1.83380e-14
       4125.00   1.79487e-14
       4130.00   1.73215e-14
       4135.00   1.69927e-14
       4140.00   1.66567e-14
       4145.00   1.62618e-14
       4150.00   1.62700e-14
       4155.00   1.67319e-14
       4160.00   1.73917e-14
       4165.00   1.77803e-14
       4170.00   1.69282e-14
       4175.00   1.67995e-14
       4180.00   1.71523e-14
       4185.00   1.76881e-14
       4190.00   1.80482e-14
       4195.00   1.79463e-14
       4200.00   1.82638e-14
       4205.00   1.92601e-14
       4210.00   1.96727e-14
       4215.00   1.94051e-14
       4220.00   1.86398e-14
       4225.00   1.75359e-14
       4230.00   1.80182e-14
       4235.00   1.94292e-14
       4240.00   2.08734e-14
       4245.00   2.14891e-14
       4250.00   2.09546e-14
       4255.00   2.03655e-14
       4260.00   2.04941e-14
       4265.00   2.01576e-14
       4270.00   1.97396e-14
       4275.00   1.96399e-14
       4280.00   2.00538e-14
       4285.00   1.99351e-14
       4290.00   1.92908e-14
       4295.00   1.81904e-14
       4300.00   1.71661e-14
       4305.00   1.69803e-14
       4310.00   1.87602e-14
       4315.00   2.12215e-14
       4320.00   2.24561e-14
       4325.00   2.31019e-14
       4330.00   2.37255e-14
       4335.00   2.36886e-14
       4340.00   2.38329e-14
       4345.00   2.41642e-14
       4350.00   2.44880e-14
       4355.00   2.48583e-14
       4360.00   2.58250e-14
       4365.00   2.58263e-14
       4370.00   2.46689e-14
       4375.00   2.32670e-14
       4380.00   2.23629e-14
       4385.00   2.23614e-14
       4390.00   2.33953e-14
       4395.00   2.38305e-14
       4400.00   2.39378e-14
       4405.00   2.42101e-14
       4410.00   2.54628e-14
       4415.00   2.61799e-14
       4420.00   2.60943e-14
       4425.00   2.58343e-14
       4430.00   2.60579e-14
       4435.00   2.65030e-14
       4440.00   2.68954e-14
       4445.00   2.70349e-14
       4450.00   2.67404e-14
       4455.00   2.58224e-14
       4460.00   2.62081e-14
       4465.00   2.72279e-14
       4470.00   2.83541e-14
       4475.00   2.91142e-14
       4480.00   2.88677e-14
       4485.00   2.88653e-14
       4490.00   2.88688e-14
       4495.00   2.91127e-14
       4500.00   2.99504e-14
       4505.00   3.01646e-14
       4510.00   3.02803e-14
       4515.00   3.02357e-14
       4520.00   2.98490e-14
       4525.00   2.83010e-14
       4530.00   2.78548e-14
       4535.00   2.82492e-14
       4540.00   2.90726e-14
       4545.00   2.95593e-14
       4550.00   2.99534e-14
       4555.00   3.07076e-14
       4560.00   3.14699e-14
       4565.00   3.18011e-14
       4570.00   3.16499e-14
       4575.00   3.12624e-14
       4580.00   3.08692e-14
       4585.00   3.06676e-14
       4590.00   3.10535e-14
       4595.00   3.12699e-14
       4600.00   3.13610e-14
       4605.00   3.14872e-14
       4610.00   3.24385e-14
       4615.00   3.30502e-14
       4620.00   3.33043e-14
       4625.00   3.31143e-14
       4630.00   3.21454e-14
       4635.00   3.12328e-14
       4640.00   3.03360e-14
       4645.00   2.96735e-14
       4650.00   3.00714e-14
       4655.00   3.07324e-14
       4660.00   3.07965e-14
       4665.00   3.03108e-14
       4670.00   3.01341e-14
       4675.00   3.02455e-14
       4680.00   3.04433e-14
       4685.00   3.06478e-14
       4690.00   3.07225e-14
       4695.00   3.04366e-14
       4700.00   3.01167e-14
       4705.00   2.99387e-14
       4710.00   3.03952e-14
       4715.00   3.13991e-14
       4720.00   3.21384e-14
       4725.00   3.22346e-14
       4730.00   3.17257e-14
       4735.00   3.18400e-14
       4740.00   3.24298e-14
       4745.00   3.34228e-14
       4750.00   3.32876e-14
       4755.00   3.28820e-14
       4760.00   3.23736e-14
       4765.00   3.20031e-14
       4770.00   3.24168e-14
       4775.00   3.26716e-14
       4780.00   3.27315e-14
       4785.00   3.28982e-14
       4790.00   3.32555e-14
       4795.00   3.34218e-14
       4800.00   3.32541e-14
       4805.00   3.30695e-14
       4810.00   3.34576e-14
       4815.00   3.39187e-14
       4820.00   3.38555e-14
       4825.00   3.38943e-14
       4830.00   3.36303e-14
       4835.00   3.31206e-14
       4840.00   3.28464e-14
       4845.00   3.26331e-14
       4850.00   3.24112e-14
       4855.00   3.21394e-14
       4860.00   3.15203e-14
       4865.00   3.11862e-14
       4870.00   3.11912e-14
       4875.00   3.17505e-14
       4880.00   3.19600e-14
       4885.00   3.21083e-14
       4890.00   3.23087e-14
       4895.00   3.32871e-14
       4900.00   3.39093e-14
       4905.00   3.41068e-14
       4910.00   3.35550e-14
       4915.00   3.27298e-14
       4920.00   3.22128e-14
       4925.00   3.23747e-14
       4930.00   3.31322e-14
       4935.00   3.37884e-14
       4940.00   3.43416e-14
       4945.00   3.49529e-14
       4950.00   3.50821e-14
       4955.00   3.47418e-14
       4960.00   3.37353e-14
       4965.00   3.34619e-14
       4970.00   3.32378e-14
       4975.00   3.29250e-14
       4980.00   3.20929e-14
       4985.00   3.19927e-14
       4990.00   3.23761e-14
       4995.00   3.26511e-14
       5000.00   3.28108e-14
       5005.00   3.25364e-14
       5010.00   3.13360e-14
       5015.00   3.07968e-14
       5020.00   3.07175e-14
       5025.00   3.11178e-14
       5030.00   3.12439e-14
       5035.00   3.11803e-14
       5040.00   3.10137e-14
       5045.00   3.13272e-14
       5050.00   3.20927e-14
       5055.00   3.28942e-14
       5060.00   3.28862e-14
       5065.00   3.21732e-14
       5070.00   3.13617e-14
       5075.00   3.08472e-14
       5080.00   3.06535e-14
       5085.00   3.07978e-14
       5090.00   3.13755e-14
       5095.00   3.12506e-14
       5100.00   3.11189e-14
       5105.00   3.10441e-14
       5110.00   3.18010e-14
       5115.00   3.19733e-14
       5120.00   3.16106e-14
       5125.00   3.06536e-14
       5130.00   3.03929e-14
       5135.00   3.05093e-14
       5140.00   3.02295e-14
       5145.00   2.99256e-14
       5150.00   2.97452e-14
       5155.00   3.01334e-14
       5160.00   2.86707e-14
       5165.00   2.66933e-14
       5170.00   2.54331e-14
       5175.00   2.56237e-14
       5180.00   2.63988e-14
       5185.00   2.74772e-14
       5190.00   2.94260e-14
       5195.00   3.10614e-14
       5200.00   3.13959e-14
       5205.00   3.08108e-14
       5210.00   3.06566e-14
       5215.00   3.19210e-14
       5220.00   3.22351e-14
       5225.00   3.25010e-14
       5230.00   3.31009e-14
       5235.00   3.40326e-14
       5240.00   3.46315e-14
       5245.00   3.43931e-14
       5250.00   3.41844e-14
       5255.00   3.35798e-14
       5260.00   3.21077e-14
       5265.00   3.16476e-14
       5270.00   3.20541e-14
       5275.00   3.39232e-14
       5280.00   3.53865e-14
       5285.00   3.64549e-14
       5290.00   3.67730e-14
       5295.00   3.61786e-14
       5300.00   3.57903e-14
       5305.00   3.69605e-14
       5310.00   3.75707e-14
       5315.00   3.76161e-14
       5320.00   3.62580e-14
       5325.00   3.54900e-14
       5330.00   3.52104e-14
       5335.00   3.61062e-14
       5340.00   3.67271e-14
       5345.00   3.72329e-14
       5350.00   3.83184e-14
       5355.00   3.88488e-14
       5360.00   3.89186e-14
       5365.00   3.82513e-14
       5370.00   3.79827e-14
       5375.00   3.81452e-14
       5380.00   3.82718e-14
       5385.00   3.79853e-14
       5390.00   3.70783e-14
       5395.00   3.61034e-14
       5400.00   3.53851e-14
       5405.00   3.52715e-14
       5410.00   3.62709e-14
       5415.00   3.74112e-14
       5420.00   3.77395e-14
       5425.00   3.74501e-14
       5430.00   3.69483e-14
       5435.00   3.74953e-14
       5440.00   3.76167e-14
       5445.00   3.73772e-14
       5450.00   3.71293e-14
       5455.00   3.71250e-14
       5460.00   3.74586e-14
       5465.00   3.70471e-14
       5470.00   3.65848e-14
       5475.00   3.63123e-14
       5480.00   3.65897e-14
       5485.00   3.70717e-14
       5490.00   3.74933e-14
       5495.00   3.79835e-14
       5500.00   3.85244e-14
       5505.00   3.85155e-14
       5510.00   3.85056e-14
       5515.00   3.84956e-14
       5520.00   3.84882e-14
       5525.00   3.83527e-14
       5530.00   3.78476e-14
       5535.00   3.81418e-14
       5540.00   3.87633e-14
       5545.00   3.87296e-14
       5550.00   3.86230e-14
       5555.00   3.84426e-14
       5560.00   3.83693e-14
       5565.00   3.83171e-14
       5570.00   3.82863e-14
       5575.00   3.82956e-14
       5580.00   3.82015e-14
       5585.00   3.72001e-14
       5590.00   3.68225e-14
       5595.00   3.70298e-14
       5600.00   3.75911e-14
       5605.00   3.80037e-14
       5610.00   3.80064e-14
       5615.00   3.76355e-14
       5620.00   3.71836e-14
       5625.00   3.75296e-14
       5630.00   3.76926e-14
       5635.00   3.76558e-14
       5640.00   3.77697e-14
       5645.00   3.78561e-14
       5650.00   3.77851e-14
       5655.00   3.78808e-14
       5660.00   3.80757e-14
       5665.00   3.82856e-14
       5670.00   3.83850e-14
       5675.00   3.83057e-14
       5680.00   3.81619e-14
       5685.00   3.80638e-14
       5690.00   3.84229e-14
       5695.00   3.84558e-14
       5700.00   3.81577e-14
       5705.00   3.79809e-14
       5710.00   3.81244e-14
       5715.00   3.92935e-14
       5720.00   4.00761e-14
       5725.00   4.05897e-14
       5730.00   4.04113e-14
       5735.00   3.95117e-14
       5740.00   3.70650e-14
       5745.00   3.59967e-14
       5750.00   3.56734e-14
       5755.00   3.81442e-14
       5760.00   3.98289e-14
       5765.00   4.01461e-14
       5770.00   4.00148e-14
       5775.00   3.96782e-14
       5780.00   3.89370e-14
       5785.00   3.87192e-14
       5790.00   3.92803e-14
       5795.00   4.04787e-14
       5800.00   4.17570e-14
       5805.00   4.14448e-14
       5810.00   4.13057e-14
       5815.00   4.14085e-14
       5820.00   4.13760e-14
       5825.00   4.12961e-14
       5830.00   4.11875e-14
       5835.00   4.10687e-14
       5840.00   4.09350e-14
       5845.00   4.03709e-14
       5850.00   3.96685e-14
       5855.00   3.91856e-14
       5860.00   3.89263e-14
       5865.00   3.90265e-14
       5870.00   3.90658e-14
       5875.00   3.90214e-14
       5880.00   3.60912e-14
       5885.00   3.32285e-14
       5890.00   3.04953e-14
       5895.00   3.11428e-14
       5900.00   3.36447e-14
       5905.00   3.60375e-14
       5910.00   3.78902e-14
       5915.00   3.82516e-14
       5920.00   3.85231e-14
       5925.00   3.87261e-14
       5930.00   3.92539e-14
       5935.00   3.97560e-14
       5940.00   3.98968e-14
       5945.00   3.98772e-14
       5950.00   3.96751e-14
       5955.00   3.97777e-14
       5960.00   3.99761e-14
       5965.00   4.01957e-14
       5970.00   4.02567e-14
       5975.00   4.00172e-14
       5980.00   3.98301e-14
       5985.00   3.96734e-14
       5990.00   3.98955e-14
       5995.00   4.01047e-14
       6000.00   4.01288e-14
       6005.00   3.99408e-14
       6010.00   3.95245e-14
       6015.00   3.98818e-14
       6020.00   4.04874e-14
       6025.00   4.12031e-14
       6030.00   4.18380e-14
       6035.00   4.22930e-14
       6040.00   4.22814e-14
       6045.00   4.19295e-14
       6050.00   4.19585e-14
       6055.00   4.20213e-14
       6060.00   4.18002e-14
       6065.00   4.19395e-14
       6070.00   4.26799e-14
       6075.00   4.25274e-14
       6080.00   4.18612e-14
       6085.00   4.14814e-14
       6090.00   4.11262e-14
       6095.00   4.07124e-14
       6100.00   4.06918e-14
       6105.00   4.12569e-14
       6110.00   4.15542e-14
       6115.00   4.17085e-14
       6120.00   4.11167e-14
       6125.00   4.05258e-14
       6130.00   4.04271e-14
       6135.00   4.04627e-14
       6140.00   4.07095e-14
       6145.00   4.05972e-14
       6150.00   4.02728e-14
       6155.00   3.93882e-14
       6160.00   3.85050e-14
       6165.00   3.83871e-14
       6170.00   3.85978e-14
       6175.00   3.94607e-14
       6180.00   3.95787e-14
       6185.00   3.91228e-14
       6190.00   3.89819e-14
       6195.00   3.89270e-14
       6200.00   3.90910e-14
       6205.00   3.90582e-14
       6210.00   3.84045e-14
       6215.00   3.78885e-14
       6220.00   3.75334e-14
       6225.00   3.71957e-14
       6230.00   3.68665e-14
       6235.00   3.69165e-14
       6240.00   3.69920e-14
       6245.00   3.68994e-14
       6250.00   3.67872e-14
       6255.00   3.66322e-14
       6260.00   3.70027e-14
       6265.00   3.78522e-14
       6270.00   3.80034e-14
       6275.00   3.78927e-14
       6280.00   3.78271e-14
       6285.00   3.78241e-14
       6290.00   3.82176e-14
       6295.00   3.85588e-14
       6300.00   3.87927e-14
       6305.00   3.86892e-14
       6310.00   3.82763e-14
       6315.00   3.85543e-14
       6320.00   3.91101e-14
       6325.00   3.94416e-14
       6330.00   3.96834e-14
       6335.00   3.92561e-14
       6340.00   3.89848e-14
       6345.00   3.91256e-14
       6350.00   3.91634e-14
       6355.00   3.90693e-14
       6360.00   3.90338e-14
       6365.00   3.90322e-14
       6370.00   3.88768e-14
       6375.00   3.86853e-14
       6380.00   3.89506e-14
       6385.00   3.92913e-14
       6390.00   4.00044e-14
       6395.00   4.04674e-14
       6400.00   4.04061e-14
       6405.00   4.04449e-14
       6410.00   4.05886e-14
       6415.00   4.07851e-14
       6420.00   4.10097e-14
       6425.00   4.12043e-14
       6430.00   4.13918e-14
       6435.00   4.15513e-14
       6440.00   4.16514e-14
       6445.00   4.13422e-14
       6450.00   4.10677e-14
       6455.00   4.08830e-14
       6460.00   4.07828e-14
       6465.00   4.07960e-14
       6470.00   4.06785e-14
       6475.00   4.04645e-14
       6480.00   3.99603e-14
       6485.00   3.93432e-14
       6490.00   3.88622e-14
       6495.00   3.84038e-14
       6500.00   3.97414e-14
       6505.00   4.09005e-14
       6510.00   4.09415e-14
       6515.00   4.09411e-14
       6520.00   4.08288e-14
       6525.00   4.08126e-14
       6530.00   4.09391e-14
       6535.00   4.12245e-14
       6540.00   4.16507e-14
       6545.00   4.15529e-14
       6550.00   4.11808e-14
       6555.00   4.12673e-14
       6560.00   4.14834e-14
       6565.00   4.09941e-14
       6570.00   4.04838e-14
       6575.00   4.32776e-14
       6580.00   4.55119e-14
       6585.00   4.41202e-14
       6590.00   4.27318e-14
       6595.00   4.13491e-14
       6600.00   4.06254e-14
       6605.00   4.10985e-14
       6610.00   4.12989e-14
       6615.00   4.11820e-14
       6620.00   4.10262e-14
       6625.00   4.08408e-14
       6630.00   4.04212e-14
       6635.00   3.98857e-14
       6640.00   3.98740e-14
       6645.00   4.00217e-14
       6650.00   4.00817e-14
       6655.00   4.01276e-14
       6660.00   3.97276e-14
       6665.00   3.93445e-14
       6670.00   3.97291e-14
       6675.00   4.01021e-14
       6680.00   4.04045e-14
       6685.00   4.05534e-14
       6690.00   4.01583e-14
       6695.00   3.98423e-14
       6700.00   3.97083e-14
       6705.00   3.99214e-14
       6710.00   4.06959e-14
       6715.00   4.09991e-14
       6720.00   4.07455e-14
       6725.00   4.06048e-14
       6730.00   4.05630e-14
       6735.00   4.00646e-14
       6740.00   3.92672e-14
       6745.00   3.94313e-14
       6750.00   4.00626e-14
       6755.00   4.00798e-14
       6760.00   3.98789e-14
       6765.00   3.98934e-14
       6770.00   3.99610e-14
       6775.00   4.01313e-14
       6780.00   4.03178e-14
       6785.00   4.02536e-14
       6790.00   4.01673e-14
       6795.00   3.98213e-14
       6800.00   3.94803e-14
       6805.00   3.95783e-14
       6810.00   3.97445e-14
       6815.00   4.07642e-14
       6820.00   4.16243e-14
       6825.00   4.13370e-14
       6830.00   4.10430e-14
       6835.00   4.07128e-14
       6840.00   4.03604e-14
       6845.00   3.99209e-14
       6850.00   3.95837e-14
       6855.00   3.95633e-14
       6860.00   3.89980e-14
       6865.00   3.70201e-14
       6870.00   3.55649e-14
       6875.00   3.52692e-14
       6880.00   3.54618e-14
       6885.00   3.66001e-14
       6890.00   3.73259e-14
       6895.00   3.73399e-14
       6900.00   3.76680e-14
       6905.00   3.84864e-14
       6910.00   3.91646e-14
       6915.00   3.96428e-14
       6920.00   3.99019e-14
       6925.00   3.98707e-14
       6930.00   3.98453e-14
       6935.00   3.98272e-14
       6940.00   3.99451e-14
       6945.00   4.02244e-14
       6950.00   4.04856e-14
       6955.00   4.07262e-14
       6960.00   4.09958e-14
       6965.00   4.12979e-14
       6970.00   4.13731e-14
       6975.00   4.12001e-14
       6980.00   4.13618e-14
       6985.00   4.18882e-14
       6990.00   4.19135e-14
       6995.00   4.13873e-14
       7000.00   4.11740e-14
       7005.00   4.13105e-14
       7010.00   4.12772e-14
       7015.00   4.10477e-14
       7020.00   4.11871e-14
       7025.00   4.17711e-14
       7030.00   4.22577e-14
       7035.00   4.26205e-14
       7040.00   4.26887e-14
       7045.00   4.23569e-14
       7050.00   4.18477e-14
       7055.00   4.10765e-14
       7060.00   4.05203e-14
       7065.00   4.03097e-14
       7070.00   4.02405e-14
       7075.00   4.04246e-14
       7080.00   4.03523e-14
       7085.00   3.97586e-14
       7090.00   3.92029e-14
       7095.00   3.87353e-14
       7100.00   3.84697e-14
       7105.00   3.87622e-14
       7110.00   3.89884e-14
       7115.00   3.89913e-14
       7120.00   3.89689e-14
       7125.00   3.88386e-14
       7130.00   3.86280e-14
       7135.00   3.79500e-14
       7140.00   3.73583e-14
       7145.00   3.75290e-14
       7150.00   3.76630e-14
       7155.00   3.71515e-14
       7160.00   3.66417e-14
       7165.00   3.67908e-14
       7170.00   3.69396e-14
       7175.00   3.63173e-14
       7180.00   3.56530e-14
       7185.00   3.47846e-14
       7190.00   3.38922e-14
       7195.00   3.34402e-14
       7200.00   3.30785e-14
       7205.00   3.39477e-14
       7210.00   3.51898e-14
       7215.00   3.64993e-14
       7220.00   3.78364e-14
       7225.00   3.85100e-14
       7230.00   3.87976e-14
       7235.00   3.85435e-14
       7240.00   3.78649e-14
       7245.00   3.73526e-14
       7250.00   3.70164e-14
       7255.00   3.65940e-14
       7260.00   3.60465e-14
       7265.00   3.57235e-14
       7270.00   3.58631e-14
       7275.00   3.60459e-14
       7280.00   3.63639e-14
       7285.00   3.67646e-14
       7290.00   3.76163e-14
       7295.00   3.84190e-14
       7300.00   3.85411e-14
       7305.00   3.86630e-14
       7310.00   3.85303e-14
       7315.00   3.83906e-14
       7320.00   3.87672e-14
       7325.00   3.92153e-14
       7330.00   3.97736e-14
       7335.00   4.03627e-14
       7340.00   4.10126e-14
       7345.00   4.16911e-14
       7350.00   4.14406e-14
       7355.00   4.04948e-14
       7360.00   4.03370e-14
       7365.00   4.10890e-14
       7370.00   4.15763e-14
       7375.00   4.15778e-14
       7380.00   4.16807e-14
       7385.00   4.21060e-14
       7390.00   4.25994e-14
       7395.00   4.35883e-14
       7400.00   4.45736e-14
       7405.00   4.39830e-14
       7410.00   4.33931e-14
       7415.00   4.34648e-14
       7420.00   4.36275e-14
       7425.00   4.37434e-14
       7430.00   4.38439e-14
       7435.00   4.40763e-14
       7440.00   4.43885e-14
       7445.00   4.43708e-14
       7450.00   4.40125e-14
       7455.00   4.36118e-14
       7460.00   4.31340e-14
       7465.00   4.29051e-14
       7470.00   4.35693e-14
       7475.00   4.40992e-14
       7480.00   4.30104e-14
       7485.00   4.19231e-14
       7490.00   4.22707e-14
       7495.00   4.27228e-14
       7500.00   4.32832e-14
       7505.00   4.38728e-14
       7510.00   4.42320e-14
       7515.00   4.44581e-14
       7520.00   4.47707e-14
       7525.00   4.51769e-14
       7530.00   4.56227e-14
       7535.00   4.61521e-14
       7540.00   4.66116e-14
       7545.00   4.67175e-14
       7550.00       0.00000
