       1235.00   3.83947e-15
       1240.00   3.01396e-15
       1245.00   2.64838e-15
       1250.00   3.12707e-15
       1255.00   3.19167e-15
       1260.00   2.44093e-15
       1265.00   3.24012e-15
       1270.00   3.42013e-15
       1275.00   3.93495e-15
       1280.00   2.82319e-15
       1285.00   2.52227e-15
       1290.00   2.37585e-15
       1295.00   1.96729e-15
       1300.00   2.04593e-15
       1305.00   1.97195e-15
       1310.00   1.75085e-15
       1315.00   2.22654e-15
       1320.00   2.43409e-15
       1325.00   1.90108e-15
       1330.00   1.53253e-15
       1335.00   1.61950e-15
       1340.00   2.02034e-15
       1345.00   2.19865e-15
       1350.00   2.00520e-15
       1355.00   2.08124e-15
       1360.00   2.04856e-15
       1365.00   1.42705e-15
       1370.00   1.46487e-15
       1375.00   1.81722e-15
       1380.00   2.01431e-15
       1385.00   1.51710e-15
       1390.00   1.76848e-15
       1395.00   2.06698e-15
       1400.00   1.43356e-15
       1405.00   1.02600e-15
       1410.00   1.51840e-15
       1415.00   1.34583e-15
       1420.00   1.83543e-15
       1425.00   1.68873e-15
       1430.00   2.18554e-15
       1435.00   1.77131e-15
       1440.00   1.52725e-15
       1445.00   2.28941e-15
       1450.00   1.67864e-15
       1455.00   2.13282e-15
       1460.00   2.20924e-15
       1465.00   2.05215e-15
       1470.00   2.37338e-15
       1475.00   2.56353e-15
       1480.00   2.97299e-15
       1485.00   2.05330e-15
       1490.00   1.62611e-15
       1495.00   1.34823e-15
       1500.00   1.69268e-15
       1505.00   2.50881e-15
       1510.00   1.80420e-15
       1515.00   1.25241e-15
       1520.00   1.35366e-15
       1525.00   1.71199e-15
       1530.00   2.65560e-15
       1535.00   2.04347e-15
       1540.00   1.45000e-15
       1545.00   2.32190e-15
       1550.00   2.13163e-15
       1555.00   1.35992e-15
       1560.00   9.86271e-16
       1565.00   1.18972e-15
       1570.00   1.50144e-15
       1575.00   1.74436e-15
       1580.00   1.71762e-15
       1585.00   1.64373e-15
       1590.00   2.62768e-15
       1595.00   2.76364e-15
       1600.00   1.81288e-15
       1605.00   1.09776e-15
       1610.00   1.29257e-15
       1615.00   1.60706e-15
       1620.00   1.60089e-15
       1625.00   1.35741e-15
       1630.00   1.10197e-15
       1635.00   1.53562e-15
       1640.00   2.35282e-15
       1645.00   2.33637e-15
       1650.00   2.35001e-15
       1655.00   1.49216e-15
       1660.00   2.00976e-15
       1665.00   2.04153e-15
       1670.00   1.63049e-15
       1675.00   8.36789e-16
       1680.00   1.05976e-15
       1685.00   1.56515e-15
       1690.00   1.29257e-15
       1695.00   1.01146e-15
       1700.00   1.28040e-15
       1705.00   1.38796e-15
       1710.00   1.17487e-15
       1715.00   1.67829e-15
       1720.00   2.42654e-15
       1725.00   2.17624e-15
       1730.00   2.69696e-15
       1735.00   2.34327e-15
       1740.00   1.43997e-15
       1745.00   1.24461e-15
       1750.00   1.64690e-15
       1755.00   1.63592e-15
       1760.00   1.71089e-15
       1765.00   1.23250e-15
       1770.00   1.88569e-15
       1775.00   1.69251e-15
       1780.00   1.49702e-15
       1785.00   1.50541e-15
       1790.00   1.67081e-15
       1795.00   1.70632e-15
       1800.00   2.16603e-15
       1805.00   3.28541e-15
       1810.00   2.87480e-15
       1815.00   1.93006e-15
       1820.00   1.02078e-15
       1825.00   1.12944e-15
       1830.00   1.29046e-15
       1835.00   8.53035e-16
       1840.00   7.83169e-16
       1845.00   6.53373e-16
       1850.00   8.41337e-16
       1855.00   1.27635e-15
       1860.00   1.34412e-15
       1865.00   1.14097e-15
       1870.00   1.09731e-15
       1875.00   8.75973e-16
       1880.00   9.47558e-16
       1885.00   1.10896e-15
       1890.00   1.07820e-15
       1895.00   9.84672e-16
       1900.00   1.04417e-15
       1905.00   1.10482e-15
       1910.00   8.05429e-16
       1915.00   7.00636e-16
       1920.00   6.75049e-16
       1925.00   6.45366e-16
       1930.00   7.45485e-16
       1935.00   1.34898e-15
       1940.00   1.90599e-15
       1945.00   1.88216e-15
       1950.00   1.78369e-15
       1955.00   2.27676e-15
       1960.00   3.40847e-15
       1965.00   2.89569e-15
       1970.00   1.76753e-15
       1975.00   6.47803e-16
       1980.00   1.07766e-15
       1985.00   9.85834e-16
       1990.00   2.63700e-15
       1995.00   3.14552e-15
       2000.00   1.97019e-15
       2005.00   1.19198e-15
       2010.00   1.09475e-15
       2015.00   8.60523e-16
       2020.00   2.20170e-15
       2025.00   2.98727e-15
       2030.00   1.17680e-15
       2035.00   3.11288e-15
       2040.00   1.44264e-15
       2045.00   1.95444e-15
       2050.00   2.18431e-15
       2055.00   4.05296e-15
       2060.00   2.44237e-15
       2065.00   2.25785e-15
       2070.00   3.11023e-15
       2075.00   2.41423e-15
       2080.00   3.43767e-15
       2085.00   1.78796e-15
       2090.00   1.22587e-15
       2095.00   4.74034e-16
       2100.00   9.83921e-16
       2105.00   9.15049e-16
       2110.00   7.33841e-16
       2115.00   1.02353e-15
       2120.00   2.59873e-15
       2125.00   1.55807e-15
       2130.00   1.21901e-15
       2135.00   2.09502e-15
       2140.00   2.79053e-15
       2145.00   1.17474e-15
       2150.00   7.85921e-16
       2155.00   1.05144e-15
       2160.00   1.75147e-15
       2165.00   3.32385e-15
       2170.00   2.45901e-15
       2175.00   1.97085e-15
       2180.00   1.84424e-15
       2185.00   2.01527e-15
       2190.00   1.58213e-15
       2195.00   2.22889e-15
       2200.00   3.22139e-15
       2205.00   2.72378e-15
       2210.00   1.25988e-15
       2215.00   1.96857e-15
       2220.00   3.09743e-15
       2225.00   1.82843e-15
       2230.00   2.31889e-15
       2235.00   3.14838e-15
       2240.00   3.36398e-15
       2245.00   2.42621e-15
       2250.00   3.60481e-15
       2255.00   2.41061e-15
       2260.00   1.18974e-15
       2265.00   1.37060e-15
       2270.00   3.16917e-15
       2275.00   3.18701e-15
       2280.00   2.06990e-15
       2285.00   2.12783e-15
       2290.00   2.35646e-15
       2295.00   1.08072e-15
       2300.00   1.45385e-15
       2305.00   2.45316e-15
       2310.00   1.95027e-15
       2315.00   1.75309e-15
       2320.00   1.77625e-15
       2325.00   1.69279e-15
       2330.00   1.50932e-15
       2335.00   1.19010e-15
       2340.00   9.00596e-16
       2345.00   1.31074e-15
       2350.00   1.05805e-15
       2355.00   8.61741e-16
       2360.00   9.82102e-16
       2365.00   8.92755e-16
       2370.00   1.12737e-15
       2375.00   6.22406e-16
       2380.00   1.68495e-15
       2385.00   6.77407e-16
       2390.00   7.49012e-16
       2395.00   1.01872e-15
       2400.00   9.84126e-16
       2405.00   9.53430e-16
       2410.00   9.52315e-16
       2415.00   1.23552e-15
       2420.00   1.22885e-15
       2425.00   1.59909e-15
       2430.00   1.36401e-15
       2435.00   1.04068e-15
       2440.00   1.54502e-15
       2445.00   1.81109e-15
       2450.00   1.31633e-15
       2455.00   1.10869e-15
       2460.00   7.24903e-16
       2465.00   1.05432e-15
       2470.00   1.12417e-15
       2475.00   1.12789e-15
       2480.00   9.92943e-16
       2485.00   1.00200e-15
       2490.00   1.07269e-15
       2495.00   1.20573e-15
       2500.00   7.39415e-16
       2505.00   9.62781e-16
       2510.00   8.54052e-16
       2515.00   8.08707e-16
       2520.00   5.82145e-16
       2525.00   5.68113e-16
       2530.00   7.04269e-16
       2535.00   1.02630e-15
       2540.00   9.90309e-16
       2545.00   8.65727e-16
       2550.00   1.02323e-15
       2555.00   6.97029e-16
       2560.00   7.95001e-16
       2565.00   9.62878e-16
       2570.00   1.04221e-15
       2575.00   1.10153e-15
       2580.00   1.21687e-15
       2585.00   1.26505e-15
       2590.00   1.22432e-15
       2595.00   1.45969e-15
       2600.00   1.30378e-15
       2605.00   1.09140e-15
       2610.00   1.54191e-15
       2615.00   1.38553e-15
       2620.00   9.57079e-16
       2625.00   1.36916e-15
       2630.00   1.69299e-15
       2635.00   1.78390e-15
       2640.00   1.68046e-15
       2645.00   2.08951e-15
       2650.00   2.12691e-15
       2655.00   2.04195e-15
       2660.00   1.91954e-15
       2665.00   1.76562e-15
       2670.00   1.74482e-15
       2675.00   1.53261e-15
       2680.00   1.67172e-15
       2685.00   1.96592e-15
       2690.00   2.20852e-15
       2695.00   2.10339e-15
       2700.00   1.95943e-15
       2705.00   1.83413e-15
       2710.00   1.56160e-15
       2715.00   1.49475e-15
       2720.00   1.56220e-15
       2725.00   1.25500e-15
       2730.00   1.28146e-15
       2735.00   1.52921e-15
       2740.00   1.40629e-15
       2745.00   1.28141e-15
       2750.00   1.55544e-15
       2755.00   1.88849e-15
       2760.00   1.79507e-15
       2765.00   1.79090e-15
       2770.00   1.83292e-15
       2775.00   1.70013e-15
       2780.00   1.69660e-15
       2785.00   1.10467e-15
       2790.00   1.06911e-15
       2795.00   1.10251e-15
       2800.00   1.11086e-15
       2805.00   1.16201e-15
       2810.00   1.62799e-15
       2815.00   1.73862e-15
       2820.00   1.89059e-15
       2825.00   2.02402e-15
       2830.00   1.90121e-15
       2835.00   1.86941e-15
       2840.00   1.83473e-15
       2845.00   1.64656e-15
       2850.00   1.48995e-15
       2855.00   1.65729e-15
       2860.00   1.88857e-15
       2865.00   1.94148e-15
       2870.00   1.94941e-15
       2875.00   2.34101e-15
       2880.00   2.36663e-15
       2885.00   2.12726e-15
       2890.00   2.24586e-15
       2895.00   2.79010e-15
       2900.00   3.06589e-15
       2905.00   3.15433e-15
       2910.00   2.93144e-15
       2915.00   2.84128e-15
       2920.00   2.66906e-15
       2925.00   2.71407e-15
       2930.00   2.68978e-15
       2935.00   2.52418e-15
       2940.00   3.04950e-15
       2945.00   3.10872e-15
       2950.00   2.99031e-15
       2955.00   3.13611e-15
       2960.00   2.83189e-15
       2965.00   3.03845e-15
       2970.00   3.21205e-15
       2975.00   3.13121e-15
       2980.00   2.99231e-15
       2985.00   2.73137e-15
       2990.00   2.47427e-15
       2995.00   2.18676e-15
       3000.00   2.49989e-15
       3005.00   3.25333e-15
       3010.00   3.59099e-15
       3015.00   3.31565e-15
       3020.00   3.05980e-15
       3025.00   3.09727e-15
       3030.00   3.02292e-15
       3035.00   2.87957e-15
       3040.00   3.09016e-15
       3045.00   3.46870e-15
       3050.00   3.37773e-15
       3055.00   2.88679e-15
       3060.00   3.68402e-15
       3065.00   3.90933e-15
       3070.00   3.88751e-15
       3075.00   3.62807e-15
       3080.00   3.37618e-15
       3085.00   3.14264e-15
       3090.00   2.49682e-15
       3095.00   3.07767e-15
       3100.00   4.08384e-15
       3105.00   4.21362e-15
       3110.00   2.74763e-15
       3115.00   3.21635e-15
       3120.00   3.86122e-15
       3125.00   3.68602e-15
       3130.00   2.83527e-15
       3135.00   2.53873e-15
       3140.00   2.84531e-15
       3145.00   3.12336e-15
       3150.00   3.19804e-15
       3155.00   2.25361e-15
       3160.00   2.24875e-15
       3165.00   3.08761e-15
       3170.00   3.95917e-15
       3175.00   3.72502e-15
       3180.00   3.11520e-15
       3185.00   3.38611e-15
       3190.00   3.74266e-15
       3195.00   4.79771e-15
       3200.00   5.60866e-15
       3205.00   5.66143e-15
       3210.00   4.96072e-15
       3215.00   4.66989e-15
       3220.00   7.47835e-15
       3225.00   8.30768e-15
       3230.00   5.50663e-15
       3235.00   4.13943e-15
       3240.00   4.66693e-15
       3245.00   6.00781e-15
       3250.00   5.98836e-15
       3255.00   4.80849e-15
       3260.00   5.70729e-15
       3265.00   5.56119e-15
       3270.00   6.49403e-15
       3275.00   6.69245e-15
       3280.00   7.07775e-15
       3285.00   7.95631e-15
       3290.00   8.33346e-15
       3295.00   8.63753e-15
       3300.00   8.85522e-15
       3305.00   9.02048e-15
       3310.00   8.80383e-15
       3315.00   8.50889e-15
       3320.00   8.36304e-15
       3325.00   8.12044e-15
       3330.00   8.05737e-15
       3335.00   7.84987e-15
       3340.00   7.96561e-15
       3345.00   8.04390e-15
       3350.00   7.89916e-15
       3355.00   7.89076e-15
       3360.00   7.70972e-15
       3365.00   7.30647e-15
       3370.00   7.20096e-15
       3375.00   7.18323e-15
       3380.00   7.23115e-15
       3385.00   7.57030e-15
       3390.00   7.83198e-15
       3395.00   8.00427e-15
       3400.00   8.50785e-15
       3405.00   8.70897e-15
       3410.00   8.50527e-15
       3415.00   8.46650e-15
       3420.00   8.34551e-15
       3425.00   8.32982e-15
       3430.00   8.61660e-15
       3435.00   8.62214e-15
       3440.00   8.41189e-15
       3445.00   8.15867e-15
       3450.00   8.03257e-15
       3455.00   8.16216e-15
       3460.00   8.17493e-15
       3465.00   8.21313e-15
       3470.00   8.36955e-15
       3475.00   8.44494e-15
       3480.00   8.46072e-15
       3485.00   8.45303e-15
       3490.00   8.56682e-15
       3495.00   8.73209e-15
       3500.00   8.56344e-15
       3505.00   8.64690e-15
       3510.00   9.09121e-15
       3515.00   9.24945e-15
       3520.00   9.16135e-15
       3525.00   8.97891e-15
       3530.00   8.98918e-15
       3535.00   9.26044e-15
       3540.00   9.43542e-15
       3545.00   9.54463e-15
       3550.00   9.66921e-15
       3555.00   9.48865e-15
       3560.00   9.05226e-15
       3565.00   8.73111e-15
       3570.00   8.20316e-15
       3575.00   7.63362e-15
       3580.00   7.15554e-15
       3585.00   6.81940e-15
       3590.00   7.16636e-15
       3595.00   7.83948e-15
       3600.00   8.53846e-15
       3605.00   9.11280e-15
       3610.00   9.48322e-15
       3615.00   9.66903e-15
       3620.00   9.83698e-15
       3625.00   1.00939e-14
       3630.00   1.04157e-14
       3635.00   1.05143e-14
       3640.00   1.05331e-14
       3645.00   1.07125e-14
       3650.00   1.08955e-14
       3655.00   1.11916e-14
       3660.00   1.17376e-14
       3665.00   1.23843e-14
       3670.00   1.28578e-14
       3675.00   1.25610e-14
       3680.00   1.19895e-14
       3685.00   1.15299e-14
       3690.00   1.19410e-14
       3695.00   1.23420e-14
       3700.00   1.25709e-14
       3705.00   1.24086e-14
       3710.00   1.22194e-14
       3715.00   1.24967e-14
       3720.00   1.14823e-14
       3725.00   1.15697e-14
       3730.00   1.14957e-14
       3735.00   1.05650e-14
       3740.00   9.44990e-15
       3745.00   9.23753e-15
       3750.00   9.24952e-15
       3755.00   9.96378e-15
       3760.00   1.07314e-14
       3765.00   1.06707e-14
       3770.00   1.06849e-14
       3775.00   1.22584e-14
       3780.00   1.30250e-14
       3785.00   1.27620e-14
       3790.00   1.18030e-14
       3795.00   1.12012e-14
       3800.00   1.06785e-14
       3805.00   1.14100e-14
       3810.00   1.16438e-14
       3815.00   1.03998e-14
       3820.00   9.09730e-15
       3825.00   7.90814e-15
       3830.00   7.03683e-15
       3835.00   6.66701e-15
       3840.00   7.34254e-15
       3845.00   8.38604e-15
       3850.00   8.89254e-15
       3855.00   9.05627e-15
       3860.00   9.05120e-15
       3865.00   9.49659e-15
       3870.00   9.47506e-15
       3875.00   9.53998e-15
       3880.00   9.70288e-15
       3885.00   1.07093e-14
       3890.00   1.17811e-14
       3895.00   1.26586e-14
       3900.00   1.30414e-14
       3905.00   1.33668e-14
       3910.00   1.40406e-14
       3915.00   1.41462e-14
       3920.00   1.28542e-14
       3925.00   1.05162e-14
       3930.00   8.10676e-15
       3935.00   7.26847e-15
       3940.00   8.74867e-15
       3945.00   1.12107e-14
       3950.00   1.30775e-14
       3955.00   1.31326e-14
       3960.00   1.10268e-14
       3965.00   8.92013e-15
       3970.00   8.81323e-15
       3975.00   1.14682e-14
       3980.00   1.49269e-14
       3985.00   1.70879e-14
       3990.00   1.80028e-14
       3995.00   1.90546e-14
       4000.00   1.98247e-14
       4005.00   2.04708e-14
       4010.00   2.08876e-14
       4015.00   2.15003e-14
       4020.00   2.14452e-14
       4025.00   2.04723e-14
       4030.00   1.98820e-14
       4035.00   2.00409e-14
       4040.00   1.99842e-14
       4045.00   1.96068e-14
       4050.00   1.94928e-14
       4055.00   1.99291e-14
       4060.00   1.94621e-14
       4065.00   1.91051e-14
       4070.00   1.92419e-14
       4075.00   1.95600e-14
       4080.00   2.03306e-14
       4085.00   2.13795e-14
       4090.00   2.17224e-14
       4095.00   2.10001e-14
       4100.00   1.92549e-14
       4105.00   1.89709e-14
       4110.00   1.99537e-14
       4115.00   2.02316e-14
       4120.00   2.02738e-14
       4125.00   2.04637e-14
       4130.00   2.01848e-14
       4135.00   1.97200e-14
       4140.00   1.93811e-14
       4145.00   1.95727e-14
       4150.00   1.90713e-14
       4155.00   1.88743e-14
       4160.00   1.93552e-14
       4165.00   1.97261e-14
       4170.00   1.93443e-14
       4175.00   1.89755e-14
       4180.00   1.91328e-14
       4185.00   1.94810e-14
       4190.00   1.96505e-14
       4195.00   1.96314e-14
       4200.00   1.96277e-14
       4205.00   2.03672e-14
       4210.00   2.12020e-14
       4215.00   2.14157e-14
       4220.00   2.11361e-14
       4225.00   2.02025e-14
       4230.00   2.00033e-14
       4235.00   2.13179e-14
       4240.00   2.28391e-14
       4245.00   2.33532e-14
       4250.00   2.30012e-14
       4255.00   2.25529e-14
       4260.00   2.32127e-14
       4265.00   2.33811e-14
       4270.00   2.24671e-14
       4275.00   2.17205e-14
       4280.00   2.21780e-14
       4285.00   2.22188e-14
       4290.00   2.11258e-14
       4295.00   1.97639e-14
       4300.00   1.82497e-14
       4305.00   1.76670e-14
       4310.00   1.91723e-14
       4315.00   2.22052e-14
       4320.00   2.43379e-14
       4325.00   2.50423e-14
       4330.00   2.54449e-14
       4335.00   2.59597e-14
       4340.00   2.58306e-14
       4345.00   2.60085e-14
       4350.00   2.60930e-14
       4355.00   2.64378e-14
       4360.00   2.75504e-14
       4365.00   2.79229e-14
       4370.00   2.71902e-14
       4375.00   2.58839e-14
       4380.00   2.45903e-14
       4385.00   2.38080e-14
       4390.00   2.42670e-14
       4395.00   2.52982e-14
       4400.00   2.59419e-14
       4405.00   2.55788e-14
       4410.00   2.62282e-14
       4415.00   2.71573e-14
       4420.00   2.76826e-14
       4425.00   2.76544e-14
       4430.00   2.78168e-14
       4435.00   2.78831e-14
       4440.00   2.80508e-14
       4445.00   2.86091e-14
       4450.00   2.86807e-14
       4455.00   2.78674e-14
       4460.00   2.70123e-14
       4465.00   2.77837e-14
       4470.00   2.91313e-14
       4475.00   3.01650e-14
       4480.00   3.08317e-14
       4485.00   3.09070e-14
       4490.00   3.07187e-14
       4495.00   3.12610e-14
       4500.00   3.21660e-14
       4505.00   3.32991e-14
       4510.00   3.38737e-14
       4515.00   3.34222e-14
       4520.00   3.22227e-14
       4525.00   3.03262e-14
       4530.00   2.91310e-14
       4535.00   2.94996e-14
       4540.00   3.05656e-14
       4545.00   3.09068e-14
       4550.00   3.11808e-14
       4555.00   3.23330e-14
       4560.00   3.33430e-14
       4565.00   3.35199e-14
       4570.00   3.32938e-14
       4575.00   3.30162e-14
       4580.00   3.26514e-14
       4585.00   3.26331e-14
       4590.00   3.25676e-14
       4595.00   3.24212e-14
       4600.00   3.23486e-14
       4605.00   3.32291e-14
       4610.00   3.43148e-14
       4615.00   3.48681e-14
       4620.00   3.48568e-14
       4625.00   3.48077e-14
       4630.00   3.45347e-14
       4635.00   3.41687e-14
       4640.00   3.28919e-14
       4645.00   3.16283e-14
       4650.00   3.16061e-14
       4655.00   3.22924e-14
       4660.00   3.22993e-14
       4665.00   3.17046e-14
       4670.00   3.12161e-14
       4675.00   3.13191e-14
       4680.00   3.12744e-14
       4685.00   3.12159e-14
       4690.00   3.12968e-14
       4695.00   3.16145e-14
       4700.00   3.12855e-14
       4705.00   3.11984e-14
       4710.00   3.15969e-14
       4715.00   3.30550e-14
       4720.00   3.40858e-14
       4725.00   3.40659e-14
       4730.00   3.36019e-14
       4735.00   3.35495e-14
       4740.00   3.44837e-14
       4745.00   3.56064e-14
       4750.00   3.53975e-14
       4755.00   3.52916e-14
       4760.00   3.46691e-14
       4765.00   3.42348e-14
       4770.00   3.41800e-14
       4775.00   3.40092e-14
       4780.00   3.43371e-14
       4785.00   3.43257e-14
       4790.00   3.47042e-14
       4795.00   3.55233e-14
       4800.00   3.57244e-14
       4805.00   3.56168e-14
       4810.00   3.60057e-14
       4815.00   3.65840e-14
       4820.00   3.63859e-14
       4825.00   3.55719e-14
       4830.00   3.50270e-14
       4835.00   3.47132e-14
       4840.00   3.49154e-14
       4845.00   3.48954e-14
       4850.00   3.41271e-14
       4855.00   3.32561e-14
       4860.00   3.22360e-14
       4865.00   3.14013e-14
       4870.00   3.20000e-14
       4875.00   3.26770e-14
       4880.00   3.30706e-14
       4885.00   3.30502e-14
       4890.00   3.38018e-14
       4895.00   3.46628e-14
       4900.00   3.54446e-14
       4905.00   3.56854e-14
       4910.00   3.50404e-14
       4915.00   3.42646e-14
       4920.00   3.38673e-14
       4925.00   3.41875e-14
       4930.00   3.48188e-14
       4935.00   3.51372e-14
       4940.00   3.55482e-14
       4945.00   3.59561e-14
       4950.00   3.61141e-14
       4955.00   3.57815e-14
       4960.00   3.49817e-14
       4965.00   3.45653e-14
       4970.00   3.44645e-14
       4975.00   3.38595e-14
       4980.00   3.30670e-14
       4985.00   3.24332e-14
       4990.00   3.22818e-14
       4995.00   3.26525e-14
       5000.00   3.29478e-14
       5005.00   3.24611e-14
       5010.00   3.14689e-14
       5015.00   3.11277e-14
       5020.00   3.15510e-14
       5025.00   3.18787e-14
       5030.00   3.21083e-14
       5035.00   3.20171e-14
       5040.00   3.18766e-14
       5045.00   3.19200e-14
       5050.00   3.25896e-14
       5055.00   3.34689e-14
       5060.00   3.38933e-14
       5065.00   3.37393e-14
       5070.00   3.28573e-14
       5075.00   3.25408e-14
       5080.00   3.19810e-14
       5085.00   3.18066e-14
       5090.00   3.24561e-14
       5095.00   3.24358e-14
       5100.00   3.19196e-14
       5105.00   3.18446e-14
       5110.00   3.22452e-14
       5115.00   3.26138e-14
       5120.00   3.26709e-14
       5125.00   3.18679e-14
       5130.00   3.16015e-14
       5135.00   3.20454e-14
       5140.00   3.17579e-14
       5145.00   3.15045e-14
       5150.00   3.18171e-14
       5155.00   3.19759e-14
       5160.00   3.07132e-14
       5165.00   2.87048e-14
       5170.00   2.66146e-14
       5175.00   2.58131e-14
       5180.00   2.63847e-14
       5185.00   2.77695e-14
       5190.00   2.96117e-14
       5195.00   3.16512e-14
       5200.00   3.24343e-14
       5205.00   3.17167e-14
       5210.00   3.18719e-14
       5215.00   3.32881e-14
       5220.00   3.46019e-14
       5225.00   3.47620e-14
       5230.00   3.49434e-14
       5235.00   3.56691e-14
       5240.00   3.63909e-14
       5245.00   3.68130e-14
       5250.00   3.64138e-14
       5255.00   3.56892e-14
       5260.00   3.44372e-14
       5265.00   3.34434e-14
       5270.00   3.33807e-14
       5275.00   3.46162e-14
       5280.00   3.66268e-14
       5285.00   3.80624e-14
       5290.00   3.85785e-14
       5295.00   3.84388e-14
       5300.00   3.83632e-14
       5305.00   3.90821e-14
       5310.00   4.01868e-14
       5315.00   4.02332e-14
       5320.00   3.92336e-14
       5325.00   3.79923e-14
       5330.00   3.70042e-14
       5335.00   3.71308e-14
       5340.00   3.75842e-14
       5345.00   3.82209e-14
       5350.00   3.92089e-14
       5355.00   3.96399e-14
       5360.00   3.98974e-14
       5365.00   3.95512e-14
       5370.00   3.90272e-14
       5375.00   3.84728e-14
       5380.00   3.88005e-14
       5385.00   3.89891e-14
       5390.00   3.81605e-14
       5395.00   3.73161e-14
       5400.00   3.65741e-14
       5405.00   3.65666e-14
       5410.00   3.67459e-14
       5415.00   3.75510e-14
       5420.00   3.84509e-14
       5425.00   3.87423e-14
       5430.00   3.81408e-14
       5435.00   3.77135e-14
       5440.00   3.81768e-14
       5445.00   3.81064e-14
       5450.00   3.70639e-14
       5455.00   3.60000e-14
       5460.00   3.60000e-14
       5465.00   3.58157e-14
       5470.00   3.50000e-14
       5475.00   3.60000e-14
       5480.00   3.40000e-14
       5485.00   3.32223e-14
       5490.00   3.30000e-14
       5495.00   3.34445e-14
       5500.00   3.68545e-14
       5505.00   3.69001e-14
       5510.00   3.72283e-14
       5515.00   3.73269e-14
       5520.00   3.71139e-14
       5525.00   3.80765e-14
       5530.00   3.92778e-14
       5535.00   3.88818e-14
       5540.00   3.85355e-14
       5545.00   3.81650e-14
       5550.00   3.93147e-14
       5555.00   3.97759e-14
       5560.00   3.90545e-14
       5565.00   3.85319e-14
       5570.00   3.81828e-14
       5575.00   3.81095e-14
       5580.00   3.76111e-14
       5585.00   3.71523e-14
       5590.00   3.66051e-14
       5595.00   3.67784e-14
       5600.00   3.76533e-14
       5605.00   3.85124e-14
       5610.00   3.85777e-14
       5615.00   3.89886e-14
       5620.00   3.83719e-14
       5625.00   3.76743e-14
       5630.00   3.71217e-14
       5635.00   3.72795e-14
       5640.00   3.79682e-14
       5645.00   3.82275e-14
       5650.00   3.78559e-14
       5655.00   3.76148e-14
       5660.00   3.81778e-14
       5665.00   3.87542e-14
       5670.00   3.91772e-14
       5675.00   3.93570e-14
       5680.00   3.90075e-14
       5685.00   3.89159e-14
       5690.00   3.86677e-14
       5695.00   3.89296e-14
       5700.00   3.88592e-14
       5705.00   3.82541e-14
       5710.00   3.84621e-14
       5715.00   3.92323e-14
       5720.00   3.93595e-14
       5725.00   3.97857e-14
       5730.00   4.04838e-14
       5735.00   4.04543e-14
       5740.00   4.00507e-14
       5745.00   3.93641e-14
       5750.00   3.92258e-14
       5755.00   3.97721e-14
       5760.00   3.99837e-14
       5765.00   4.02207e-14
       5770.00   3.99197e-14
       5775.00   3.93745e-14
       5780.00   3.89611e-14
       5785.00   3.87159e-14
       5790.00   3.92775e-14
       5795.00   3.99053e-14
       5800.00   4.00767e-14
       5805.00   4.01285e-14
       5810.00   3.99746e-14
       5815.00   4.01428e-14
       5820.00   4.07666e-14
       5825.00   4.10924e-14
       5830.00   4.06648e-14
       5835.00   4.03487e-14
       5840.00   4.03152e-14
       5845.00   3.98374e-14
       5850.00   3.90424e-14
       5855.00   3.84593e-14
       5860.00   3.85831e-14
       5865.00   3.88298e-14
       5870.00   3.81558e-14
       5875.00   3.67001e-14
       5880.00   3.50032e-14
       5885.00   3.26202e-14
       5890.00   2.96507e-14
       5895.00   2.92361e-14
       5900.00   3.12360e-14
       5905.00   3.39804e-14
       5910.00   3.61529e-14
       5915.00   3.66467e-14
       5920.00   3.77062e-14
       5925.00   3.86040e-14
       5930.00   3.86390e-14
       5935.00   3.82022e-14
       5940.00   3.83575e-14
       5945.00   3.87353e-14
       5950.00   3.87042e-14
       5955.00   3.80362e-14
       5960.00   3.78876e-14
       5965.00   3.86705e-14
       5970.00   3.97064e-14
       5975.00   3.95443e-14
       5980.00   3.86890e-14
       5985.00   3.84092e-14
       5990.00   3.85708e-14
       5995.00   3.93252e-14
       6000.00   3.90346e-14
       6005.00   3.90745e-14
       6010.00   3.83988e-14
       6015.00   3.83733e-14
       6020.00   3.89507e-14
       6025.00   3.98014e-14
       6030.00   4.03984e-14
       6035.00   4.09682e-14
       6040.00   4.09020e-14
       6045.00   4.10781e-14
       6050.00   4.13495e-14
       6055.00   4.11274e-14
       6060.00   4.14390e-14
       6065.00   4.14779e-14
       6070.00   4.11368e-14
       6075.00   4.07557e-14
       6080.00   4.10470e-14
       6085.00   4.10429e-14
       6090.00   4.06347e-14
       6095.00   4.05577e-14
       6100.00   4.04574e-14
       6105.00   4.06607e-14
       6110.00   4.07511e-14
       6115.00   4.16178e-14
       6120.00   4.16404e-14
       6125.00   4.03494e-14
       6130.00   4.01502e-14
       6135.00   4.07596e-14
       6140.00   4.10035e-14
       6145.00   4.07576e-14
       6150.00   4.03183e-14
       6155.00   3.94528e-14
       6160.00   3.90321e-14
       6165.00   3.78256e-14
       6170.00   3.77331e-14
       6175.00   3.89472e-14
       6180.00   3.95470e-14
       6185.00   3.94180e-14
       6190.00   3.92189e-14
       6195.00   3.94498e-14
       6200.00   3.95029e-14
       6205.00   3.93703e-14
       6210.00   3.90461e-14
       6215.00   3.85465e-14
       6220.00   3.80998e-14
       6225.00   3.74135e-14
       6230.00   3.71885e-14
       6235.00   3.77008e-14
       6240.00   3.66073e-14
       6245.00   3.56583e-14
       6250.00   3.57718e-14
       6255.00   3.63686e-14
       6260.00   3.73582e-14
       6265.00   3.81669e-14
       6270.00   3.83121e-14
       6275.00   3.80135e-14
       6280.00   3.83908e-14
       6285.00   3.88809e-14
       6290.00   3.88301e-14
       6295.00   3.85213e-14
       6300.00   3.84719e-14
       6305.00   3.83389e-14
       6310.00   3.80862e-14
       6315.00   3.82744e-14
       6320.00   3.89011e-14
       6325.00   3.93321e-14
       6330.00   3.95614e-14
       6335.00   3.96746e-14
       6340.00   3.94465e-14
       6345.00   3.92610e-14
       6350.00   3.91022e-14
       6355.00   3.86337e-14
       6360.00   3.85455e-14
       6365.00   3.91907e-14
       6370.00   3.98757e-14
       6375.00   4.04277e-14
       6380.00   4.07658e-14
       6385.00   4.03873e-14
       6390.00   4.01811e-14
       6395.00   4.03149e-14
       6400.00   4.03084e-14
       6405.00   4.01655e-14
       6410.00   4.00206e-14
       6415.00   3.98113e-14
       6420.00   4.01239e-14
       6425.00   4.04699e-14
       6430.00   4.07956e-14
       6435.00   4.09186e-14
       6440.00   4.07015e-14
       6445.00   4.03978e-14
       6450.00   4.04006e-14
       6455.00   4.05607e-14
       6460.00   4.08767e-14
       6465.00   4.12262e-14
       6470.00   4.11638e-14
       6475.00   4.09755e-14
       6480.00   4.06850e-14
       6485.00   4.00710e-14
       6490.00   3.93550e-14
       6495.00   3.89305e-14
       6500.00   3.92003e-14
       6505.00   3.98871e-14
       6510.00   4.05074e-14
       6515.00   4.08291e-14
       6520.00   4.08182e-14
       6525.00   4.08257e-14
       6530.00   4.11728e-14
       6535.00   4.11601e-14
       6540.00   4.11412e-14
       6545.00   4.09243e-14
       6550.00   4.03619e-14
       6555.00   3.94740e-14
       6560.00   3.88196e-14
       6565.00   3.89331e-14
       6570.00   3.95834e-14
       6575.00   4.05855e-14
       6580.00   4.14401e-14
       6585.00   4.14769e-14
       6590.00   4.07806e-14
       6595.00   3.99149e-14
       6600.00   3.95037e-14
       6605.00   3.96834e-14
       6610.00   3.98356e-14
       6615.00   3.97387e-14
       6620.00   3.96518e-14
       6625.00   3.94394e-14
       6630.00   3.91236e-14
       6635.00   3.89390e-14
       6640.00   3.89608e-14
       6645.00   3.90952e-14
       6650.00   3.89854e-14
       6655.00   3.87551e-14
       6660.00   3.87166e-14
       6665.00   3.86025e-14
       6670.00   3.85554e-14
       6675.00   3.84271e-14
       6680.00   3.85782e-14
       6685.00   3.85810e-14
       6690.00   3.84140e-14
       6695.00   3.84160e-14
       6700.00   3.84028e-14
       6705.00   3.86519e-14
       6710.00   3.87586e-14
       6715.00   3.86510e-14
       6720.00   3.86748e-14
       6725.00   3.89839e-14
       6730.00   3.91035e-14
       6735.00   3.89813e-14
       6740.00   3.87104e-14
       6745.00   3.83028e-14
       6750.00   3.82317e-14
       6755.00   3.85017e-14
       6760.00   3.88086e-14
       6765.00   3.88979e-14
       6770.00   3.89688e-14
       6775.00   3.90320e-14
       6780.00   3.88505e-14
       6785.00   3.84754e-14
       6790.00   3.85654e-14
       6795.00   3.85907e-14
       6800.00   3.86354e-14
       6805.00   3.87747e-14
       6810.00   3.88403e-14
       6815.00   3.88259e-14
       6820.00   3.88372e-14
       6825.00   3.88150e-14
       6830.00   3.88118e-14
       6835.00   3.88358e-14
       6840.00   3.88436e-14
       6845.00   3.87454e-14
       6850.00   3.87592e-14
       6855.00   3.88686e-14
       6860.00   3.88650e-14
       6865.00   3.89406e-14
       6870.00   3.92003e-14
       6875.00   3.93370e-14
       6880.00   3.93471e-14
       6885.00   3.95567e-14
       6890.00   4.00154e-14
       6895.00   4.03819e-14
       6900.00   4.04143e-14
       6905.00   4.03564e-14
       6910.00   4.03149e-14
       6915.00   4.01618e-14
       6920.00   3.99695e-14
       6925.00   4.00796e-14
       6930.00   4.02427e-14
       6935.00   4.02637e-14
       6940.00   4.01487e-14
       6945.00   4.01087e-14
       6950.00   4.02029e-14
       6955.00   4.02786e-14
       6960.00   4.03903e-14
       6965.00   4.05011e-14
       6970.00   4.04314e-14
       6975.00   4.06716e-14
       6980.00   4.05787e-14
       6985.00   4.05113e-14
       6990.00   4.06408e-14
       6995.00   4.05850e-14
       7000.00   4.05109e-14
       7005.00   4.05132e-14
       7010.00   4.04348e-14
       7015.00   4.05005e-14
       7020.00   4.04859e-14
       7025.00   4.04705e-14
       7030.00   4.08195e-14
       7035.00   4.11856e-14
       7040.00   4.13112e-14
       7045.00   4.11581e-14
       7050.00   4.03147e-14
       7055.00   3.92974e-14
       7060.00   3.85240e-14
       7065.00   3.82690e-14
       7070.00   3.81146e-14
       7075.00   3.79316e-14
       7080.00   3.75657e-14
       7085.00   3.71866e-14
       7090.00   3.68405e-14
       7095.00   3.66605e-14
       7100.00   3.67480e-14
       7105.00   3.65383e-14
       7110.00   3.65479e-14
       7115.00   3.65123e-14
       7120.00   3.61677e-14
       7125.00   3.57834e-14
       7130.00   3.59556e-14
       7135.00   3.55478e-14
       7140.00   3.53977e-14
       7145.00   3.58028e-14
       7150.00   3.60387e-14
       7155.00   3.62411e-14
       7160.00   3.64931e-14
       7165.00   3.62792e-14
       7170.00   3.64572e-14
       7175.00   3.62525e-14
       7180.00   3.61797e-14
       7185.00   3.63156e-14
       7190.00   3.62870e-14
       7195.00   3.63089e-14
       7200.00   3.64786e-14
       7205.00   3.65061e-14
       7210.00   3.65423e-14
       7215.00   3.69947e-14
       7220.00   3.73905e-14
       7225.00   3.76489e-14
       7230.00   3.79865e-14
       7235.00   3.81484e-14
       7240.00   3.85110e-14
       7245.00   3.86249e-14
       7250.00   3.83478e-14
       7255.00   3.83171e-14
       7260.00   3.86310e-14
       7265.00   3.86831e-14
       7270.00   3.88056e-14
       7275.00   3.85924e-14
       7280.00   3.85513e-14
       7285.00   3.85046e-14
       7290.00   3.86088e-14
       7295.00   3.88315e-14
       7300.00   3.91800e-14
       7305.00   3.96924e-14
       7310.00   3.99582e-14
       7315.00   3.97293e-14
       7320.00   3.97343e-14
       7325.00   4.00113e-14
       7330.00   4.03379e-14
       7335.00   4.06574e-14
       7340.00   4.07402e-14
       7345.00   4.05344e-14
       7350.00   4.01992e-14
       7355.00   4.00060e-14
       7360.00   4.01236e-14
       7365.00   4.07117e-14
       7370.00   4.12277e-14
       7375.00   4.13877e-14
       7380.00   4.13759e-14
       7385.00   4.11589e-14
       7390.00   4.10150e-14
       7395.00   4.11232e-14
       7400.00   4.11905e-14
       7405.00   4.12086e-14
       7410.00   4.11037e-14
       7415.00   4.09651e-14
       7420.00   4.12363e-14
       7425.00   4.14662e-14
       7430.00   4.16937e-14
       7435.00   4.19530e-14
       7440.00   4.19695e-14
       7445.00   4.20384e-14
       7450.00   4.17426e-14
       7455.00   4.20718e-14
       7460.00   4.22514e-14
       7465.00   4.23847e-14
       7470.00   4.25061e-14
       7475.00   4.24864e-14
       7480.00   4.24448e-14
       7485.00   4.23139e-14
       7490.00   4.22506e-14
       7495.00   4.23452e-14
       7500.00   4.24762e-14
       7505.00   4.24933e-14
       7510.00   4.24607e-14
       7515.00   4.25217e-14
       7520.00   4.25782e-14
       7525.00   4.25524e-14
       7530.00   4.24923e-14
       7535.00   4.24097e-14
       7540.00   4.23265e-14
       7545.00   4.21535e-14
       7550.00   4.19560e-14
       7555.00   4.18965e-14
       7560.00   4.18841e-14
       7565.00   4.18124e-14
       7570.00   4.18155e-14
       7575.00   4.14867e-14
       7580.00   4.10954e-14
       7585.00   4.09521e-14
       7590.00   4.09167e-14
       7595.00   4.08059e-14
       7600.00   4.05616e-14
       7605.00   4.05040e-14
       7610.00   4.06078e-14
       7615.00   4.06739e-14
       7620.00   4.05418e-14
       7625.00   4.02937e-14
       7630.00   4.04141e-14
       7635.00   4.04923e-14
       7640.00   4.04208e-14
       7645.00   4.01176e-14
       7650.00   3.96079e-14
       7655.00   3.89759e-14
       7660.00   3.83558e-14
       7665.00   3.80807e-14
       7670.00   3.80944e-14
       7675.00   3.85707e-14
       7680.00   3.87489e-14
       7685.00   3.86946e-14
       7690.00   3.87556e-14
       7695.00   3.86436e-14
       7700.00   3.85322e-14
       7705.00   3.84674e-14
       7710.00   3.84821e-14
       7715.00   3.85224e-14
       7720.00   3.86709e-14
       7725.00   3.89923e-14
       7730.00   3.92545e-14
       7735.00   3.95872e-14
       7740.00   3.95360e-14
       7745.00   3.92303e-14
       7750.00   3.90399e-14
       7755.00   3.91790e-14
       7760.00   3.94070e-14
       7765.00   3.95443e-14
       7770.00   3.97895e-14
       7775.00   3.99437e-14
       7780.00   3.97039e-14
       7785.00   3.92954e-14
       7790.00   3.96152e-14
       7795.00   3.97951e-14
       7800.00   3.97849e-14
       7805.00   3.99657e-14
       7810.00   4.02055e-14
       7815.00   4.03188e-14
       7820.00   4.04094e-14
       7825.00   4.02366e-14
       7830.00   3.97842e-14
       7835.00   3.95431e-14
       7840.00   3.95501e-14
       7845.00   3.96042e-14
       7850.00   3.97235e-14
       7855.00   3.98565e-14
       7860.00   4.00183e-14
       7865.00   4.00989e-14
       7870.00   3.98150e-14
       7875.00   3.92849e-14
       7880.00   3.93527e-14
       7885.00   3.92378e-14
       7890.00   3.91107e-14
       7895.00   3.90213e-14
       7900.00   3.88806e-14
       7905.00   3.85845e-14
       7910.00   3.82088e-14
       7915.00   3.80172e-14
       7920.00   3.77665e-14
       7925.00   3.77783e-14
       7930.00   3.79598e-14
       7935.00   3.78372e-14
       7940.00   3.80675e-14
       7945.00   3.80605e-14
       7950.00   3.83075e-14
       7955.00   3.87526e-14
       7960.00   3.90992e-14
       7965.00   3.95552e-14
       7970.00   3.98797e-14
       7975.00   3.99178e-14
       7980.00   3.98091e-14
       7985.00   3.97647e-14
       7990.00   3.98691e-14
       7995.00   3.99208e-14
       8000.00   4.01856e-14
       8005.00   4.05870e-14
       8010.00   4.09744e-14
       8015.00   4.11442e-14
       8020.00   4.10197e-14
       8025.00   4.10431e-14
       8030.00   4.11360e-14
       8035.00   4.12951e-14
       8040.00   4.14396e-14
       8045.00   4.13337e-14
       8050.00   4.09560e-14
       8055.00   4.06599e-14
       8060.00   4.03512e-14
       8065.00   4.01643e-14
       8070.00   4.03325e-14
       8075.00   4.01254e-14
       8080.00   3.95271e-14
       8085.00   3.92423e-14
       8090.00   3.92259e-14
       8095.00   3.90337e-14
       8100.00   3.94633e-14
       8105.00   3.98818e-14
       8110.00   4.01061e-14
       8115.00   4.02975e-14
       8120.00   4.08074e-14
       8125.00   4.15584e-14
       8130.00   4.19699e-14
       8135.00   4.21144e-14
       8140.00   4.21743e-14
       8145.00   4.21154e-14
       8150.00   4.17706e-14
       8155.00   4.22054e-14
       8160.00   4.28632e-14
       8165.00   4.30857e-14
       8170.00   4.27231e-14
       8175.00   4.20664e-14
       8180.00   4.14759e-14
       8185.00   4.06607e-14
       8190.00   3.99650e-14
       8195.00   3.99168e-14
       8200.00   4.02010e-14
       8205.00   4.00997e-14
       8210.00   4.03423e-14
       8215.00   4.09407e-14
       8220.00   4.13011e-14
       8225.00   4.15704e-14
       8230.00   4.14818e-14
       8235.00   4.13662e-14
       8240.00   4.14555e-14
       8245.00   4.17101e-14
       8250.00   4.16681e-14
       8255.00   4.20293e-14
       8260.00   4.26319e-14
       8265.00   4.28300e-14
       8270.00   4.17697e-14
       8275.00   4.13812e-14
       8280.00   4.11594e-14
       8285.00   4.09105e-14
       8290.00   4.07167e-14
       8295.00   4.04125e-14
       8300.00   3.99797e-14
       8305.00   3.96395e-14
       8310.00   3.95462e-14
       8315.00   3.96451e-14
       8320.00   3.96678e-14
       8325.00   3.95141e-14
       8330.00   3.93114e-14
       8335.00   3.92343e-14
       8340.00   3.92942e-14
       8345.00   3.94422e-14
       8350.00   3.94807e-14
       8355.00   3.94487e-14
       8360.00   3.95469e-14
       8365.00   3.95239e-14
       8370.00   3.95134e-14
       8375.00   3.93832e-14
       8380.00   3.90941e-14
       8385.00   3.90286e-14
       8390.00   3.92173e-14
       8395.00   3.95627e-14
       8400.00   3.99246e-14
       8405.00   4.01112e-14
       8410.00   3.99545e-14
       8415.00   3.97195e-14
       8420.00   3.94637e-14
       8425.00   3.91413e-14
       8430.00   3.86204e-14
       8435.00   3.82577e-14
       8440.00   3.82036e-14
       8445.00   3.83346e-14
       8450.00   3.82348e-14
       8455.00   3.83229e-14
       8460.00   3.82821e-14
       8465.00   3.81739e-14
       8470.00   3.81739e-14
       8475.00   3.84038e-14
       8480.00   3.83450e-14
       8485.00   3.79835e-14
       8490.00   3.74453e-14
       8495.00   3.70038e-14
       8500.00   3.69303e-14
       8505.00   3.71625e-14
       8510.00   3.75025e-14
       8515.00   3.76799e-14
       8520.00   3.75721e-14
       8525.00   3.68248e-14
       8530.00   3.55849e-14
       8535.00   3.44397e-14
       8540.00   3.43501e-14
       8545.00   3.51109e-14
       8550.00   3.63900e-14
       8555.00   3.77838e-14
       8560.00   3.87526e-14
       8565.00   3.94084e-14
       8570.00   3.97019e-14
       8575.00   3.96773e-14
       8580.00   3.98017e-14
       8585.00   3.99598e-14
       8590.00   4.01394e-14
       8595.00   4.02937e-14
       8600.00   4.02321e-14
       8605.00   4.04750e-14
       8610.00   4.06263e-14
       8615.00   4.06294e-14
       8620.00   4.07792e-14
       8625.00   4.09601e-14
       8630.00   4.10595e-14
       8635.00   4.09745e-14
       8640.00   4.06224e-14
       8645.00   4.01219e-14
       8650.00   3.91429e-14
       8655.00   3.79029e-14
       8660.00   3.71564e-14
       8665.00   3.74481e-14
       8670.00   3.82424e-14
       8675.00   3.90835e-14
       8680.00   3.96460e-14
       8685.00   3.98153e-14
       8690.00   4.01869e-14
       8695.00   4.07190e-14
       8700.00   4.09080e-14
       8705.00   4.11664e-14
       8710.00   4.13909e-14
       8715.00   4.15601e-14
       8720.00   4.16867e-14
       8725.00   4.16957e-14
       8730.00   4.16584e-14
       8735.00   4.16280e-14
       8740.00   4.16131e-14
       8745.00   4.14980e-14
       8750.00   4.15344e-14
       8755.00   4.17968e-14
       8760.00   4.20592e-14
       8765.00   4.21087e-14
       8770.00   4.21316e-14
       8775.00   4.21751e-14
       8780.00   4.21289e-14
       8785.00   4.19269e-14
       8790.00   4.18619e-14
       8795.00   4.19164e-14
       8800.00   4.15661e-14
       8805.00   4.10565e-14
       8810.00   4.09932e-14
       8815.00   4.16974e-14
       8820.00   4.19709e-14
       8825.00   4.22357e-14
       8830.00   4.24596e-14
       8835.00   4.25248e-14
       8840.00   4.25247e-14
       8845.00   4.26215e-14
       8850.00   4.26659e-14
       8855.00   4.24048e-14
       8860.00   4.18971e-14
       8865.00   4.14405e-14
       8870.00   4.11589e-14
       8875.00   4.09778e-14
       8880.00   4.09819e-14
       8885.00   4.12336e-14
       8890.00   4.17084e-14
       8895.00   4.21289e-14
       8900.00   4.18270e-14
       8905.00   4.15042e-14
       8910.00   4.16924e-14
       8915.00   4.14993e-14
       8920.00   4.13293e-14
       8925.00   4.14139e-14
       8930.00   4.18796e-14
       8935.00   4.19523e-14
       8940.00   4.16062e-14
       8945.00   4.11932e-14
       8950.00   4.15629e-14
       8955.00   4.19291e-14
       8960.00   4.20046e-14
       8965.00   4.17851e-14
       8970.00   4.18928e-14
       8975.00   4.21299e-14
       8980.00   4.23674e-14
       8985.00   4.24982e-14
       8990.00   4.28064e-14
       8995.00   4.26631e-14
       9000.00   4.21062e-14
       9005.00   4.19301e-14
       9010.00   4.16570e-14
       9015.00   4.14731e-14
       9020.00   4.17256e-14
       9025.00   4.22999e-14
       9030.00   4.27452e-14
       9035.00   4.30780e-14
       9040.00   4.34469e-14
       9045.00   4.32186e-14
       9050.00   4.30461e-14
       9055.00   4.34113e-14
       9060.00   4.35829e-14
       9065.00   4.32867e-14
       9070.00   4.28791e-14
       9075.00   4.29244e-14
       9080.00   4.27940e-14
       9085.00   4.24397e-14
       9090.00   4.20415e-14
       9095.00   4.22804e-14
       9100.00   4.24493e-14
       9105.00   4.24868e-14
       9110.00   4.25658e-14
       9115.00   4.29526e-14
       9120.00   4.33813e-14
       9125.00   4.35862e-14
       9130.00   4.31986e-14
       9135.00   4.29092e-14
       9140.00   4.27268e-14
       9145.00   4.23714e-14
       9150.00   4.19956e-14
       9155.00   4.17808e-14
       9160.00   4.18134e-14
       9165.00   4.20302e-14
       9170.00   4.21986e-14
       9175.00   4.22529e-14
       9180.00   4.21732e-14
       9185.00   4.21928e-14
       9190.00   4.18759e-14
       9195.00   4.11161e-14
       9200.00   4.06732e-14
       9205.00   4.03966e-14
       9210.00   4.03119e-14
       9215.00   4.07411e-14
       9220.00   4.07677e-14
       9225.00   4.04290e-14
       9230.00   3.98360e-14
       9235.00   3.93642e-14
       9240.00   3.92488e-14
       9245.00   3.95344e-14
       9250.00   3.99109e-14
       9255.00   4.04748e-14
       9260.00   4.08759e-14
       9265.00   4.07216e-14
       9270.00   4.13088e-14
       9275.00   4.16441e-14
       9280.00   4.09610e-14
       9285.00   4.08928e-14
       9290.00   4.03148e-14
       9295.00   3.93699e-14
       9300.00   3.92742e-14
       9305.00   4.01857e-14
       9310.00   4.09983e-14
       9315.00   4.02671e-14
       9320.00   4.05118e-14
       9325.00   4.08615e-14
       9330.00   4.06309e-14
       9335.00   3.97778e-14
       9340.00   3.94638e-14
       9345.00   3.95754e-14
       9350.00   3.88683e-14
       9355.00   3.88334e-14
       9360.00   3.92604e-14
       9365.00   3.92558e-14
       9370.00   3.90133e-14
       9375.00   3.89210e-14
       9380.00   3.91503e-14
       9385.00   3.90880e-14
       9390.00   3.87243e-14
       9395.00   3.82081e-14
       9400.00   3.87303e-14
       9405.00   3.83539e-14
       9410.00   3.74838e-14
       9415.00   3.76237e-14
       9420.00   3.88772e-14
       9425.00   3.98312e-14
       9430.00   3.82010e-14
       9435.00   3.81267e-14
       9440.00   3.87555e-14
       9445.00   3.92983e-14
       9450.00   3.91007e-14
       9455.00   3.92166e-14
       9460.00   3.98782e-14
       9465.00   3.98992e-14
       9470.00   3.96392e-14
       9475.00   3.93521e-14
       9480.00   3.96356e-14
       9485.00   3.99242e-14
       9490.00   4.01268e-14
       9495.00   4.02105e-14
       9500.00   4.07657e-14
       9505.00   4.10999e-14
       9510.00   3.99680e-14
       9515.00   3.99060e-14
       9520.00   4.02133e-14
       9525.00   4.03215e-14
       9530.00   4.02579e-14
       9535.00   4.02139e-14
       9540.00   4.02207e-14
       9545.00   3.99495e-14
       9550.00   3.96403e-14
       9555.00   3.94823e-14
       9560.00   4.02057e-14
       9565.00   4.05286e-14
       9570.00   4.03698e-14
       9575.00   4.01133e-14
       9580.00   4.00190e-14
       9585.00   4.00388e-14
       9590.00   3.99261e-14
       9595.00   3.98740e-14
       9600.00   3.99552e-14
       9605.00   4.03028e-14
       9610.00   4.07945e-14
       9615.00   4.11453e-14
       9620.00   4.10319e-14
       9625.00   4.06279e-14
       9630.00   4.01695e-14
       9635.00   3.99393e-14
       9640.00   4.01469e-14
       9645.00   4.03590e-14
       9650.00   4.01996e-14
       9655.00   3.99573e-14
       9660.00   3.99898e-14
       9665.00   4.04366e-14
       9670.00   4.06030e-14
       9675.00   4.06164e-14
       9680.00   4.05999e-14
       9685.00   4.08249e-14
       9690.00   4.06701e-14
       9695.00   3.99253e-14
       9700.00   3.98857e-14
       9705.00   4.02033e-14
       9710.00   4.06682e-14
       9715.00   4.07392e-14
       9720.00   4.06565e-14
       9725.00   4.05212e-14
       9730.00   4.02507e-14
       9735.00   3.99054e-14
       9740.00   3.95397e-14
       9745.00   3.94657e-14
       9750.00   3.94837e-14
       9755.00   3.95390e-14
       9760.00   3.96086e-14
       9765.00   3.98024e-14
       9770.00   4.00561e-14
       9775.00   3.96429e-14
       9780.00   3.94565e-14
       9785.00   3.97804e-14
       9790.00   4.07221e-14
       9795.00   4.06302e-14
       9800.00   3.95431e-14
       9805.00   3.97469e-14
       9810.00   4.00483e-14
       9815.00   3.99261e-14
       9820.00   3.95819e-14
       9825.00   3.95873e-14
       9830.00   4.01648e-14
       9835.00   4.05087e-14
       9840.00   4.05611e-14
       9845.00   4.03364e-14
       9850.00   4.03879e-14
       9855.00   4.03858e-14
       9860.00   4.03131e-14
       9865.00   4.11948e-14
       9870.00   4.17221e-14
       9875.00   4.09291e-14
       9880.00   4.03615e-14
       9885.00   4.00683e-14
       9890.00   4.00783e-14
       9895.00   3.54757e-14
       9900.00   3.35922e-14
       9905.00   3.90374e-14
       9910.00   4.07232e-14
       9915.00   3.99803e-14
       9920.00   3.88745e-14
       9925.00   3.83236e-14
       9930.00   3.81666e-14
       9935.00   3.82154e-14
