       1235.00   6.06886e-15
       1240.00   4.53880e-15
       1245.00   3.10335e-15
       1250.00   1.42125e-15
       1255.00   2.09611e-15
       1260.00   2.29062e-15
       1265.00   1.80057e-15
       1270.00   1.31926e-15
       1275.00   1.51207e-15
       1280.00   2.06598e-15
       1285.00   3.30560e-15
       1290.00   1.10701e-15
       1295.00   1.30860e-15
       1300.00   1.18489e-15
       1305.00   5.97110e-16
       1310.00   1.83521e-15
       1315.00   1.78962e-15
       1320.00   2.14714e-15
       1325.00   1.58646e-15
       1330.00   3.81814e-16
       1335.00   8.80836e-17
       1340.00   1.35762e-15
       1345.00   7.67524e-16
       1350.00   2.30586e-16
       1355.00   1.00734e-15
       1360.00   9.56574e-16
       1365.00   1.43190e-15
       1370.00   1.43239e-15
       1375.00   9.22091e-16
       1380.00   1.83538e-15
       1385.00   2.62325e-15
       1390.00   2.61489e-15
       1395.00   1.65465e-15
       1400.00   1.43780e-15
       1405.00   7.34613e-16
       1410.00   5.09791e-16
       1415.00   5.99298e-16
       1420.00   2.66477e-16
       1425.00   1.95446e-16
       1430.00   1.15568e-15
       1435.00   9.91409e-16
       1440.00   1.47805e-15
       1445.00   1.95037e-15
       1450.00   1.51823e-15
       1455.00   1.60984e-15
       1460.00   2.53360e-15
       1465.00   1.32705e-15
       1470.00   1.30083e-15
       1475.00   1.30727e-15
       1480.00   1.48283e-15
       1485.00   7.59939e-16
       1490.00   1.84527e-15
       1495.00   1.09682e-15
       1500.00   4.36101e-16
       1505.00   1.45271e-15
       1510.00   2.46165e-15
       1515.00   2.17028e-15
       1520.00   8.98158e-16
       1525.00   7.30661e-17
       1530.00   1.84497e-16
       1535.00   5.29678e-16
       1540.00   2.11906e-15
       1545.00   2.13605e-15
       1550.00   9.55064e-16
       1555.00   1.69634e-15
       1560.00   3.40762e-16
       1565.00   7.38162e-16
       1570.00   1.11617e-15
       1575.00   7.49829e-16
       1580.00   1.10921e-15
       1585.00   7.52245e-16
       1590.00   1.05329e-15
       1595.00   1.98519e-15
       1600.00   2.41096e-15
       1605.00   8.70849e-16
       1610.00   8.28690e-16
       1615.00   1.60978e-15
       1620.00   1.45494e-15
       1625.00   5.10246e-16
       1630.00   3.85321e-16
       1635.00   1.92805e-16
       1640.00   1.77084e-15
       1645.00   9.84764e-16
       1650.00   8.09367e-16
       1655.00   2.93033e-15
       1660.00   1.27351e-15
       1665.00   2.10953e-15
       1670.00   8.27645e-16
       1675.00   1.08807e-15
       1680.00   8.72409e-16
       1685.00   1.42246e-16
       1690.00   4.52984e-16
       1695.00   1.16852e-15
       1700.00   6.83370e-16
       1705.00   1.01357e-15
       1710.00   9.43404e-16
       1715.00   1.31762e-15
       1720.00   1.18853e-15
       1725.00   2.24048e-15
       1730.00   1.83125e-15
       1735.00   2.44220e-16
       1740.00   2.47270e-15
       1745.00   2.63410e-15
       1750.00   1.59690e-15
       1755.00   1.61297e-15
       1760.00   1.29365e-15
       1765.00   1.19315e-15
       1770.00   1.53617e-15
       1775.00   7.35393e-16
       1780.00   5.07565e-16
       1785.00   5.20069e-16
       1790.00   6.08358e-16
       1795.00   6.78747e-16
       1800.00   5.89606e-16
       1805.00   9.19648e-16
       1810.00   2.25121e-15
       1815.00   2.14532e-15
       1820.00   1.69943e-15
       1825.00   1.01400e-15
       1830.00   1.23348e-15
       1835.00   9.12160e-16
       1840.00   1.20172e-15
       1845.00   1.40043e-15
       1850.00   1.07600e-15
       1855.00   8.09218e-16
       1860.00   3.35816e-16
       1865.00   5.89733e-16
       1870.00   1.06481e-15
       1875.00   1.54742e-15
       1880.00   1.75857e-15
       1885.00   1.29846e-15
       1890.00   1.63761e-15
       1895.00   1.68208e-15
       1900.00   1.03602e-15
       1905.00   1.77464e-15
       1910.00   1.27745e-15
       1915.00   5.45724e-16
       1920.00   8.24529e-16
       1925.00   9.99159e-16
       1930.00   4.23658e-16
       1935.00   1.33915e-16
       1940.00   6.42725e-16
       1945.00   1.22361e-15
       1950.00   1.18900e-15
       1955.00   6.80026e-16
       1960.00   7.82724e-16
       1965.00   1.92740e-15
       1970.00   4.35744e-15
       1975.00   1.81679e-15
       1980.00   7.08231e-16
       1985.00   1.73234e-15
       1990.00   2.69027e-15
       1995.00   2.22813e-15
       2000.00   8.63206e-16
       2005.00   1.16901e-15
       2010.00   1.53585e-15
       2015.00   5.12299e-16
       2020.00   2.59274e-15
       2025.00   1.83829e-15
       2030.00   1.47428e-15
       2035.00   2.42638e-15
       2040.00   1.78474e-15
       2045.00   2.44096e-15
       2050.00   2.31335e-15
       2055.00   2.74877e-15
       2060.00   1.65210e-15
       2065.00   1.08514e-15
       2070.00   1.28716e-15
       2075.00   1.82683e-15
       2080.00   2.36364e-15
       2085.00   2.08040e-15
       2090.00   1.55244e-15
       2095.00   1.06956e-15
       2100.00   8.17491e-16
       2105.00   1.67572e-15
       2110.00   2.61719e-15
       2115.00   1.21514e-15
       2120.00   8.85854e-16
       2125.00   2.19426e-15
       2130.00   2.66612e-15
       2135.00   2.60673e-15
       2140.00   8.77893e-16
       2145.00   2.16095e-15
       2150.00   1.99946e-15
       2155.00   5.98137e-16
       2160.00   8.98084e-16
       2165.00   9.15613e-16
       2170.00   1.95477e-15
       2175.00   2.36736e-15
       2180.00   3.13767e-15
       2185.00   3.35195e-15
       2190.00   4.00484e-15
       2195.00   3.16857e-15
       2200.00   3.38568e-15
       2205.00   2.78560e-15
       2210.00   2.67133e-15
       2215.00   2.52818e-15
       2220.00   2.32762e-15
       2225.00   1.54348e-15
       2230.00   3.35357e-15
       2235.00   2.71520e-15
       2240.00   2.18921e-15
       2245.00   3.62432e-15
       2250.00   2.48150e-15
       2255.00   3.39982e-15
       2260.00   1.98242e-15
       2265.00   1.59390e-15
       2270.00   8.84677e-16
       2275.00   1.76159e-15
       2280.00   2.59230e-16
       2285.00   1.46725e-15
       2290.00   1.40819e-15
       2295.00   2.44855e-15
       2300.00   2.41009e-15
       2305.00   1.58060e-15
       2310.00   2.30772e-15
       2315.00   1.71820e-15
       2320.00   7.81061e-16
       2325.00   1.99396e-15
       2330.00   2.37603e-15
       2335.00   1.32934e-15
       2340.00   2.24007e-15
       2345.00   1.94663e-15
       2350.00   1.31765e-15
       2355.00   6.73352e-16
       2360.00   1.15602e-15
       2365.00   9.85020e-16
       2370.00   1.48989e-15
       2375.00   1.74002e-15
       2380.00   2.28653e-15
       2385.00   1.03040e-15
       2390.00   1.70546e-15
       2395.00   2.60622e-15
       2400.00   2.03708e-15
       2405.00   1.19683e-15
       2410.00   1.21561e-15
       2415.00   1.54991e-15
       2420.00   2.37426e-15
       2425.00   2.28090e-15
       2430.00   2.28855e-15
       2435.00   1.59470e-15
       2440.00   2.09806e-15
       2445.00   1.71108e-15
       2450.00   9.71991e-16
       2455.00   1.85845e-15
       2460.00   2.34221e-15
       2465.00   1.78260e-15
       2470.00   1.75211e-15
       2475.00   2.04790e-15
       2480.00   1.55892e-15
       2485.00   1.12705e-15
       2490.00   1.55375e-15
       2495.00   1.42733e-15
       2500.00   1.89538e-15
       2505.00   1.70280e-15
       2510.00   1.51808e-15
       2515.00   8.47599e-16
       2520.00   8.80824e-16
       2525.00   1.28277e-15
       2530.00   1.41117e-15
       2535.00   1.49487e-15
       2540.00   1.50270e-15
       2545.00   8.98051e-16
       2550.00   1.02682e-15
       2555.00   1.86689e-15
       2560.00   1.91804e-15
       2565.00   1.76090e-15
       2570.00   1.24067e-15
       2575.00   1.68670e-15
       2580.00   2.29833e-15
       2585.00   2.41077e-15
       2590.00   1.65477e-15
       2595.00   1.55132e-15
       2600.00   2.34633e-15
       2605.00   2.10567e-15
       2610.00   2.14225e-15
       2615.00   2.18527e-15
       2620.00   2.25460e-15
       2625.00   2.29225e-15
       2630.00   2.13621e-15
       2635.00   2.12901e-15
       2640.00   3.01152e-15
       2645.00   3.43961e-15
       2650.00   3.83080e-15
       2655.00   3.32479e-15
       2660.00   3.02551e-15
       2665.00   3.04501e-15
       2670.00   2.95421e-15
       2675.00   3.22667e-15
       2680.00   3.28916e-15
       2685.00   3.01740e-15
       2690.00   2.68744e-15
       2695.00   2.89507e-15
       2700.00   3.16163e-15
       2705.00   3.57456e-15
       2710.00   3.61826e-15
       2715.00   3.17414e-15
       2720.00   3.04142e-15
       2725.00   2.73972e-15
       2730.00   2.54587e-15
       2735.00   2.78310e-15
       2740.00   2.84937e-15
       2745.00   2.39310e-15
       2750.00   2.43129e-15
       2755.00   2.61979e-15
       2760.00   2.61038e-15
       2765.00   2.92699e-15
       2770.00   3.12382e-15
       2775.00   3.02113e-15
       2780.00   2.95920e-15
       2785.00   2.89589e-15
       2790.00   2.40034e-15
       2795.00   1.82199e-15
       2800.00   1.77833e-15
       2805.00   2.13256e-15
       2810.00   2.60889e-15
       2815.00   2.92452e-15
       2820.00   3.36253e-15
       2825.00   3.69676e-15
       2830.00   3.86418e-15
       2835.00   3.82932e-15
       2840.00   3.39749e-15
       2845.00   2.67774e-15
       2850.00   2.21097e-15
       2855.00   2.24417e-15
       2860.00   2.83038e-15
       2865.00   3.25076e-15
       2870.00   3.53975e-15
       2875.00   3.88832e-15
       2880.00   3.86919e-15
       2885.00   3.98628e-15
       2890.00   4.70890e-15
       2895.00   5.22027e-15
       2900.00   5.42619e-15
       2905.00   5.54431e-15
       2910.00   6.16684e-15
       2915.00   6.12718e-15
       2920.00   5.89131e-15
       2925.00   5.66760e-15
       2930.00   5.12396e-15
       2935.00   5.16692e-15
       2940.00   4.89598e-15
       2945.00   5.60794e-15
       2950.00   5.54006e-15
       2955.00   5.41471e-15
       2960.00   5.80965e-15
       2965.00   5.88151e-15
       2970.00   5.71645e-15
       2975.00   6.13874e-15
       2980.00   6.11542e-15
       2985.00   5.75707e-15
       2990.00   5.76833e-15
       2995.00   5.21999e-15
       3000.00   4.74359e-15
       3005.00   4.68913e-15
       3010.00   4.92898e-15
       3015.00   5.45962e-15
       3020.00   5.68539e-15
       3025.00   5.19347e-15
       3030.00   5.77202e-15
       3035.00   6.51760e-15
       3040.00   6.59559e-15
       3045.00   6.03678e-15
       3050.00   5.57059e-15
       3055.00   6.26446e-15
       3060.00   6.01393e-15
       3065.00   5.97529e-15
       3070.00   7.15312e-15
       3075.00   7.50234e-15
       3080.00   7.63032e-15
       3085.00   7.56488e-15
       3090.00   6.79726e-15
       3095.00   6.26158e-15
       3100.00   6.08131e-15
       3105.00   6.20182e-15
       3110.00   6.85008e-15
       3115.00   7.76940e-15
       3120.00   8.27579e-15
       3125.00   7.94873e-15
       3130.00   7.85986e-15
       3135.00   7.98740e-15
       3140.00   7.85294e-15
       3145.00   8.40882e-15
       3150.00   8.70340e-15
       3155.00   8.28670e-15
       3160.00   9.00702e-15
       3165.00   9.22954e-15
       3170.00   9.46124e-15
       3175.00   1.02953e-14
       3180.00   9.22358e-15
       3185.00   1.02109e-14
       3190.00   1.01391e-14
       3195.00   9.19898e-15
       3200.00   1.02829e-14
       3205.00   6.42122e-15
       3210.00   5.66551e-15
       3215.00   7.37943e-15
       3220.00   9.21686e-15
       3225.00   8.74538e-15
       3230.00   6.95305e-15
       3235.00   5.18063e-15
       3240.00   6.29002e-15
       3245.00   8.25078e-15
       3250.00   8.24046e-15
       3255.00   7.47495e-15
       3260.00   7.58964e-15
       3265.00   8.20967e-15
       3270.00   8.80765e-15
       3275.00   7.74660e-15
       3280.00   6.32253e-15
       3285.00   6.45028e-15
       3290.00   1.02551e-14
       3295.00   1.13996e-14
       3300.00   1.15827e-14
       3305.00   1.18339e-14
       3310.00   1.12413e-14
       3315.00   1.18350e-14
       3320.00   1.07996e-14
       3325.00   8.82377e-15
       3330.00   9.31689e-15
       3335.00   9.09244e-15
       3340.00   8.43971e-15
       3345.00   8.24593e-15
       3350.00   9.28258e-15
       3355.00   9.09781e-15
       3360.00   7.50647e-15
       3365.00   6.40634e-15
       3370.00   6.76825e-15
       3375.00   7.26148e-15
       3380.00   6.13784e-15
       3385.00   5.84731e-15
       3390.00   7.65655e-15
       3395.00   8.81145e-15
       3400.00   8.99221e-15
       3405.00   8.73457e-15
       3410.00   7.61429e-15
       3415.00   6.93746e-15
       3420.00   7.92226e-15
       3425.00   9.17412e-15
       3430.00   9.80229e-15
       3435.00   8.25336e-15
       3440.00   7.04023e-15
       3445.00   6.68910e-15
       3450.00   6.76251e-15
       3455.00   7.16991e-15
       3460.00   7.42630e-15
       3465.00   7.31180e-15
       3470.00   7.44047e-15
       3475.00   7.19683e-15
       3480.00   7.21442e-15
       3485.00   8.33453e-15
       3490.00   8.78766e-15
       3495.00   8.31774e-15
       3500.00   8.29087e-15
       3505.00   9.29555e-15
       3510.00   1.00404e-14
       3515.00   9.89326e-15
       3520.00   9.24585e-15
       3525.00   8.64423e-15
       3530.00   9.09759e-15
       3535.00   1.05838e-14
       3540.00   1.13271e-14
       3545.00   1.13689e-14
       3550.00   1.04266e-14
       3555.00   9.09800e-15
       3560.00   7.74176e-15
       3565.00   7.17191e-15
       3570.00   7.42891e-15
       3575.00   7.74298e-15
       3580.00   7.75594e-15
       3585.00   8.04498e-15
       3590.00   8.72981e-15
       3595.00   9.31383e-15
       3600.00   9.68707e-15
       3605.00   9.44232e-15
       3610.00   9.36775e-15
       3615.00   1.08331e-14
       3620.00   1.26228e-14
       3625.00   1.17328e-14
       3630.00   1.00285e-14
       3635.00   9.21748e-15
       3640.00   9.28596e-15
       3645.00   9.57710e-15
       3650.00   1.00743e-14
       3655.00   1.13344e-14
       3660.00   1.23359e-14
       3665.00   1.26753e-14
       3670.00   1.28342e-14
       3675.00   1.32227e-14
       3680.00   1.36071e-14
       3685.00   1.33503e-14
       3690.00   1.22822e-14
       3695.00   1.15451e-14
       3700.00   1.17578e-14
       3705.00   1.17420e-14
       3710.00   1.18874e-14
       3715.00   1.21821e-14
       3720.00   1.13261e-14
       3725.00   1.07716e-14
       3730.00   1.17293e-14
       3735.00   1.08166e-14
       3740.00   9.45696e-15
       3745.00   8.46239e-15
       3750.00   8.37025e-15
       3755.00   9.30308e-15
       3760.00   9.99516e-15
       3765.00   9.97151e-15
       3770.00   1.06991e-14
       3775.00   1.26352e-14
       3780.00   1.33941e-14
       3785.00   1.29987e-14
       3790.00   1.18121e-14
       3795.00   1.07159e-14
       3800.00   1.05797e-14
       3805.00   1.08205e-14
       3810.00   1.09217e-14
       3815.00   1.06499e-14
       3820.00   9.65707e-15
       3825.00   8.42762e-15
       3830.00   7.50448e-15
       3835.00   7.00561e-15
       3840.00   6.98198e-15
       3845.00   7.73854e-15
       3850.00   8.77037e-15
       3855.00   9.02975e-15
       3860.00   8.84010e-15
       3865.00   9.13181e-15
       3870.00   9.52724e-15
       3875.00   9.53945e-15
       3880.00   9.72111e-15
       3885.00   9.94890e-15
       3890.00   1.11928e-14
       3895.00   1.29255e-14
       3900.00   1.32778e-14
       3905.00   1.31978e-14
       3910.00   1.35612e-14
       3915.00   1.36324e-14
       3920.00   1.23512e-14
       3925.00   1.03160e-14
       3930.00   8.13453e-15
       3935.00   6.34527e-15
       3940.00   6.64350e-15
       3945.00   9.12582e-15
       3950.00   1.19111e-14
       3955.00   1.34403e-14
       3960.00   1.25506e-14
       3965.00   1.00220e-14
       3970.00   8.57353e-15
       3975.00   1.02944e-14
       3980.00   1.32171e-14
       3985.00   1.58236e-14
       3990.00   1.77548e-14
       3995.00   1.88858e-14
       4000.00   1.92989e-14
       4005.00   2.00269e-14
       4010.00   2.09742e-14
       4015.00   2.13824e-14
       4020.00   2.14273e-14
       4025.00   2.13922e-14
       4030.00   2.09739e-14
       4035.00   2.02337e-14
       4040.00   1.97149e-14
       4045.00   1.94250e-14
       4050.00   1.95526e-14
       4055.00   1.98101e-14
       4060.00   1.91299e-14
       4065.00   1.89450e-14
       4070.00   1.94756e-14
       4075.00   1.98584e-14
       4080.00   2.03594e-14
       4085.00   2.15873e-14
       4090.00   2.25143e-14
       4095.00   2.15069e-14
       4100.00   1.99876e-14
       4105.00   1.89941e-14
       4110.00   2.00137e-14
       4115.00   2.13912e-14
       4120.00   2.21891e-14
       4125.00   2.14371e-14
       4130.00   2.03751e-14
       4135.00   1.98492e-14
       4140.00   2.04397e-14
       4145.00   2.00277e-14
       4150.00   1.90966e-14
       4155.00   1.91126e-14
       4160.00   1.96710e-14
       4165.00   1.97982e-14
       4170.00   1.93540e-14
       4175.00   1.91315e-14
       4180.00   1.93784e-14
       4185.00   2.00853e-14
       4190.00   2.02970e-14
       4195.00   1.98186e-14
       4200.00   1.96605e-14
       4205.00   2.04098e-14
       4210.00   2.13225e-14
       4215.00   2.16866e-14
       4220.00   2.19712e-14
       4225.00   2.14242e-14
       4230.00   2.09332e-14
       4235.00   2.12813e-14
       4240.00   2.21636e-14
       4245.00   2.30375e-14
       4250.00   2.25294e-14
       4255.00   2.21773e-14
       4260.00   2.26107e-14
       4265.00   2.37125e-14
       4270.00   2.25825e-14
       4275.00   2.06987e-14
       4280.00   2.14070e-14
       4285.00   2.22858e-14
       4290.00   2.15015e-14
       4295.00   2.00977e-14
       4300.00   1.87271e-14
       4305.00   1.76748e-14
       4310.00   1.82588e-14
       4315.00   2.10913e-14
       4320.00   2.37408e-14
       4325.00   2.48581e-14
       4330.00   2.54912e-14
       4335.00   2.58282e-14
       4340.00   2.55548e-14
       4345.00   2.53863e-14
       4350.00   2.57305e-14
       4355.00   2.63678e-14
       4360.00   2.71846e-14
       4365.00   2.77048e-14
       4370.00   2.72946e-14
       4375.00   2.60402e-14
       4380.00   2.46355e-14
       4385.00   2.38683e-14
       4390.00   2.43325e-14
       4395.00   2.56783e-14
       4400.00   2.62252e-14
       4405.00   2.55236e-14
       4410.00   2.58672e-14
       4415.00   2.70463e-14
       4420.00   2.80956e-14
       4425.00   2.84446e-14
       4430.00   2.85338e-14
       4435.00   2.87684e-14
       4440.00   2.92667e-14
       4445.00   2.96556e-14
       4450.00   2.93918e-14
       4455.00   2.86008e-14
       4460.00   2.80606e-14
       4465.00   2.83172e-14
       4470.00   2.93523e-14
       4475.00   3.06422e-14
       4480.00   3.13469e-14
       4485.00   3.08986e-14
       4490.00   3.02676e-14
       4495.00   3.00859e-14
       4500.00   3.13708e-14
       4505.00   3.32877e-14
       4510.00   3.46178e-14
       4515.00   3.46285e-14
       4520.00   3.31552e-14
       4525.00   3.09647e-14
       4530.00   2.93886e-14
       4535.00   2.92219e-14
       4540.00   3.01802e-14
       4545.00   3.13409e-14
       4550.00   3.13693e-14
       4555.00   3.14114e-14
       4560.00   3.26119e-14
       4565.00   3.37926e-14
       4570.00   3.40967e-14
       4575.00   3.34553e-14
       4580.00   3.25880e-14
       4585.00   3.24238e-14
       4590.00   3.28645e-14
       4595.00   3.28723e-14
       4600.00   3.24298e-14
       4605.00   3.27702e-14
       4610.00   3.36776e-14
       4615.00   3.42608e-14
       4620.00   3.42359e-14
       4625.00   3.36865e-14
       4630.00   3.33980e-14
       4635.00   3.31011e-14
       4640.00   3.24069e-14
       4645.00   3.16245e-14
       4650.00   3.12854e-14
       4655.00   3.14738e-14
       4660.00   3.22036e-14
       4665.00   3.15284e-14
       4670.00   3.10700e-14
       4675.00   3.10143e-14
       4680.00   3.09104e-14
       4685.00   3.05705e-14
       4690.00   3.02959e-14
       4695.00   3.03285e-14
       4700.00   3.02864e-14
       4705.00   3.06201e-14
       4710.00   3.06623e-14
       4715.00   3.06407e-14
       4720.00   3.10798e-14
       4725.00   3.15916e-14
       4730.00   3.19116e-14
       4735.00   3.21891e-14
       4740.00   3.26168e-14
       4745.00   3.28700e-14
       4750.00   3.32391e-14
       4755.00   3.32767e-14
       4760.00   3.28037e-14
       4765.00   3.23707e-14
       4770.00   3.26348e-14
       4775.00   3.34984e-14
       4780.00   3.41666e-14
       4785.00   3.40751e-14
       4790.00   3.35824e-14
       4795.00   3.38211e-14
       4800.00   3.40226e-14
       4805.00   3.41896e-14
       4810.00   3.43358e-14
       4815.00   3.44804e-14
       4820.00   3.45946e-14
       4825.00   3.43752e-14
       4830.00   3.38015e-14
       4835.00   3.35175e-14
       4840.00   3.38377e-14
       4845.00   3.38723e-14
       4850.00   3.31528e-14
       4855.00   3.18642e-14
       4860.00   3.03966e-14
       4865.00   2.97003e-14
       4870.00   3.05648e-14
       4875.00   3.17461e-14
       4880.00   3.24826e-14
       4885.00   3.24048e-14
       4890.00   3.19510e-14
       4895.00   3.25528e-14
       4900.00   3.36057e-14
       4905.00   3.38413e-14
       4910.00   3.38441e-14
       4915.00   3.36425e-14
       4920.00   3.34149e-14
       4925.00   3.34799e-14
       4930.00   3.39295e-14
       4935.00   3.36649e-14
       4940.00   3.38323e-14
       4945.00   3.45083e-14
       4950.00   3.51749e-14
       4955.00   3.52993e-14
       4960.00   3.47646e-14
       4965.00   3.41052e-14
       4970.00   3.40901e-14
       4975.00   3.38791e-14
       4980.00   3.33679e-14
       4985.00   3.29512e-14
       4990.00   3.31525e-14
       4995.00   3.34106e-14
       5000.00   3.30369e-14
       5005.00   3.29415e-14
       5010.00   3.27678e-14
       5015.00   3.22443e-14
       5020.00   3.14565e-14
       5025.00   3.11661e-14
       5030.00   3.18787e-14
       5035.00   3.20720e-14
       5040.00   3.18363e-14
       5045.00   3.17008e-14
       5050.00   3.22517e-14
       5055.00   3.31318e-14
       5060.00   3.35579e-14
       5065.00   3.33282e-14
       5070.00   3.29451e-14
       5075.00   3.27031e-14
       5080.00   3.23716e-14
       5085.00   3.21322e-14
       5090.00   3.24920e-14
       5095.00   3.25036e-14
       5100.00   3.21400e-14
       5105.00   3.18225e-14
       5110.00   3.20956e-14
       5115.00   3.25011e-14
       5120.00   3.25612e-14
       5125.00   3.20259e-14
       5130.00   3.13257e-14
       5135.00   3.16354e-14
       5140.00   3.19867e-14
       5145.00   3.18362e-14
       5150.00   3.16487e-14
       5155.00   3.15283e-14
       5160.00   3.12816e-14
       5165.00   2.99959e-14
       5170.00   2.80106e-14
       5175.00   2.68826e-14
       5180.00   2.67042e-14
       5185.00   2.72367e-14
       5190.00   2.88629e-14
       5195.00   3.08886e-14
       5200.00   3.21759e-14
       5205.00   3.24811e-14
       5210.00   3.21310e-14
       5215.00   3.27165e-14
       5220.00   3.35006e-14
       5225.00   3.38450e-14
       5230.00   3.39430e-14
       5235.00   3.42029e-14
       5240.00   3.54038e-14
       5245.00   3.58038e-14
       5250.00   3.57451e-14
       5255.00   3.53523e-14
       5260.00   3.46698e-14
       5265.00   3.34002e-14
       5270.00   3.26251e-14
       5275.00   3.31111e-14
       5280.00   3.45755e-14
       5285.00   3.63701e-14
       5290.00   3.74736e-14
       5295.00   3.72697e-14
       5300.00   3.71076e-14
       5305.00   3.75227e-14
       5310.00   3.86821e-14
       5315.00   3.90419e-14
       5320.00   3.88031e-14
       5325.00   3.75763e-14
       5330.00   3.57316e-14
       5335.00   3.53262e-14
       5340.00   3.58281e-14
       5345.00   3.64988e-14
       5350.00   3.74827e-14
       5355.00   3.89544e-14
       5360.00   3.97888e-14
       5365.00   3.91874e-14
       5370.00   3.81477e-14
       5375.00   3.74623e-14
       5380.00   3.82438e-14
       5385.00   3.83413e-14
       5390.00   3.76735e-14
       5395.00   3.67814e-14
       5400.00   3.62696e-14
       5405.00   3.57456e-14
       5410.00   3.62014e-14
       5415.00   3.71635e-14
       5420.00   3.81439e-14
       5425.00   3.80651e-14
       5430.00   3.75259e-14
       5435.00   3.74485e-14
       5440.00   3.78178e-14
       5445.00   3.82539e-14
       5450.00   3.74738e-14
       5455.00   3.70166e-14
       5460.00   3.68520e-14
       5465.00   3.68696e-14
       5470.00   3.73988e-14
       5475.00   3.78094e-14
       5480.00   3.79858e-14
       5485.00   3.78932e-14
       5490.00   3.77945e-14
       5495.00   3.76959e-14
       5500.00   3.75972e-14
       5505.00   3.74665e-14
       5510.00   3.71582e-14
       5515.00   3.65939e-14
       5520.00   3.64653e-14
       5525.00   3.66645e-14
       5530.00   3.63022e-14
       5535.00   3.69251e-14
       5540.00   3.77979e-14
       5545.00   3.85702e-14
       5550.00   3.86727e-14
       5555.00   3.89047e-14
       5560.00   3.92186e-14
       5565.00   3.94538e-14
       5570.00   3.92375e-14
       5575.00   3.87772e-14
       5580.00   3.83484e-14
       5585.00   3.79695e-14
       5590.00   3.75952e-14
       5595.00   3.75103e-14
       5600.00   3.75773e-14
       5605.00   3.77577e-14
       5610.00   3.80096e-14
       5615.00   3.78543e-14
       5620.00   3.77028e-14
       5625.00   3.76365e-14
       5630.00   3.76573e-14
       5635.00   3.78079e-14
       5640.00   3.78673e-14
       5645.00   3.78339e-14
       5650.00   3.81155e-14
       5655.00   3.82309e-14
       5660.00   3.82785e-14
       5665.00   3.83138e-14
       5670.00   3.85517e-14
       5675.00   3.86603e-14
       5680.00   3.86967e-14
       5685.00   3.87011e-14
       5690.00   3.86523e-14
       5695.00   3.84913e-14
       5700.00   3.80631e-14
       5705.00   3.70478e-14
       5710.00   3.67937e-14
       5715.00   3.73536e-14
       5720.00   3.83770e-14
       5725.00   3.82895e-14
       5730.00   3.75921e-14
       5735.00   3.72841e-14
       5740.00   3.77956e-14
       5745.00   3.84881e-14
       5750.00   3.86583e-14
       5755.00   3.84903e-14
       5760.00   3.81487e-14
       5765.00   3.82819e-14
       5770.00   3.84770e-14
       5775.00   3.85903e-14
       5780.00   3.81419e-14
       5785.00   3.76969e-14
       5790.00   3.76520e-14
       5795.00   3.82820e-14
       5800.00   3.92541e-14
       5805.00   4.00441e-14
       5810.00   4.06194e-14
       5815.00   4.08553e-14
       5820.00   4.03049e-14
       5825.00   3.95191e-14
       5830.00   3.86817e-14
       5835.00   3.88138e-14
       5840.00   3.91140e-14
       5845.00   3.92858e-14
       5850.00   3.86837e-14
       5855.00   3.85813e-14
       5860.00   3.85203e-14
       5865.00   3.83528e-14
       5870.00   3.72118e-14
       5875.00   3.66889e-14
       5880.00   3.62319e-14
       5885.00   3.45727e-14
       5890.00   3.20355e-14
       5895.00   3.04897e-14
       5900.00   3.08339e-14
       5905.00   3.37975e-14
       5910.00   3.60698e-14
       5915.00   3.75040e-14
       5920.00   3.74500e-14
       5925.00   3.73990e-14
       5930.00   3.74053e-14
       5935.00   3.75356e-14
       5940.00   3.77105e-14
       5945.00   3.77443e-14
       5950.00   3.76448e-14
       5955.00   3.82441e-14
       5960.00   3.88668e-14
       5965.00   3.93701e-14
       5970.00   3.93089e-14
       5975.00   3.88428e-14
       5980.00   3.82547e-14
       5985.00   3.76754e-14
       5990.00   3.78857e-14
       5995.00   3.81988e-14
       6000.00   3.85179e-14
       6005.00   3.84931e-14
       6010.00   3.80548e-14
       6015.00   3.74494e-14
       6020.00   3.75172e-14
       6025.00   3.79624e-14
       6030.00   3.86843e-14
       6035.00   3.97443e-14
       6040.00   4.05818e-14
       6045.00   4.10298e-14
       6050.00   4.09118e-14
       6055.00   4.08280e-14
       6060.00   4.08623e-14
       6065.00   4.10199e-14
       6070.00   4.10671e-14
       6075.00   4.08001e-14
       6080.00   4.03014e-14
       6085.00   3.98199e-14
       6090.00   3.92424e-14
       6095.00   3.87730e-14
       6100.00   3.89275e-14
       6105.00   3.96499e-14
       6110.00   4.03488e-14
       6115.00   4.04785e-14
       6120.00   3.99684e-14
       6125.00   3.93407e-14
       6130.00   3.87613e-14
       6135.00   3.85385e-14
       6140.00   3.84436e-14
       6145.00   3.84623e-14
       6150.00   3.88965e-14
       6155.00   3.85126e-14
       6160.00   3.71769e-14
       6165.00   3.70078e-14
       6170.00   3.71447e-14
       6175.00   3.75554e-14
       6180.00   3.78786e-14
       6185.00   3.75183e-14
       6190.00   3.67638e-14
       6195.00   3.75949e-14
       6200.00   3.86421e-14
       6205.00   3.95912e-14
       6210.00   3.86064e-14
       6215.00   3.82851e-14
       6220.00   3.82003e-14
       6225.00   3.70984e-14
       6230.00   3.63911e-14
       6235.00   3.60634e-14
       6240.00   3.66336e-14
       6245.00   3.65878e-14
       6250.00   3.60755e-14
       6255.00   3.47981e-14
       6260.00   3.47649e-14
       6265.00   3.53904e-14
       6270.00   3.62031e-14
       6275.00   3.67358e-14
       6280.00   3.71979e-14
       6285.00   3.80165e-14
       6290.00   3.81517e-14
       6295.00   3.79499e-14
       6300.00   3.78410e-14
       6305.00   3.77956e-14
       6310.00   3.78055e-14
       6315.00   3.79459e-14
       6320.00   3.83514e-14
       6325.00   3.88628e-14
       6330.00   3.89162e-14
       6335.00   3.88117e-14
       6340.00   3.86264e-14
       6345.00   3.87850e-14
       6350.00   3.87342e-14
       6355.00   3.85133e-14
       6360.00   3.82127e-14
       6365.00   3.83373e-14
       6370.00   3.88673e-14
       6375.00   3.92963e-14
       6380.00   3.97975e-14
       6385.00   4.03849e-14
       6390.00   4.03391e-14
       6395.00   4.00609e-14
       6400.00   3.95061e-14
       6405.00   3.92419e-14
       6410.00   3.89990e-14
       6415.00   3.87121e-14
       6420.00   3.88289e-14
       6425.00   3.90614e-14
       6430.00   3.93363e-14
       6435.00   3.92707e-14
       6440.00   3.90638e-14
       6445.00   3.88042e-14
       6450.00   3.90205e-14
       6455.00   3.95238e-14
       6460.00   4.02097e-14
       6465.00   4.06372e-14
       6470.00   4.08520e-14
       6475.00   4.13152e-14
       6480.00   4.13706e-14
       6485.00   4.09255e-14
       6490.00   3.92439e-14
       6495.00   3.80607e-14
       6500.00   3.81072e-14
       6505.00   3.85671e-14
       6510.00   3.91129e-14
       6515.00   3.95702e-14
       6520.00   3.98392e-14
       6525.00   3.99909e-14
       6530.00   3.99419e-14
       6535.00   3.99714e-14
       6540.00   4.00668e-14
       6545.00   3.99073e-14
       6550.00   3.96143e-14
       6555.00   3.91378e-14
       6560.00   3.89037e-14
       6565.00   3.87979e-14
       6570.00   3.89142e-14
       6575.00   3.93505e-14
       6580.00   3.99109e-14
       6585.00   4.03704e-14
       6590.00   4.04799e-14
       6595.00   4.02989e-14
       6600.00   3.93613e-14
       6605.00   3.88107e-14
       6610.00   3.89107e-14
       6615.00   3.94709e-14
       6620.00   3.99019e-14
       6625.00   3.94827e-14
       6630.00   3.89430e-14
       6635.00   3.83827e-14
       6640.00   3.88172e-14
       6645.00   3.93326e-14
       6650.00   3.99441e-14
       6655.00   3.96962e-14
       6660.00   3.92510e-14
       6665.00   3.86370e-14
       6670.00   3.85338e-14
       6675.00   3.86999e-14
       6680.00   3.91538e-14
       6685.00   3.92685e-14
       6690.00   3.90124e-14
       6695.00   3.81749e-14
       6700.00   3.74942e-14
       6705.00   3.74465e-14
       6710.00   3.80762e-14
       6715.00   3.90103e-14
       6720.00   3.94756e-14
       6725.00   3.94994e-14
       6730.00   3.89876e-14
       6735.00   3.87749e-14
       6740.00   3.86738e-14
       6745.00   3.87579e-14
       6750.00   3.84811e-14
       6755.00   3.79770e-14
       6760.00   3.79721e-14
       6765.00   3.78704e-14
       6770.00   3.76054e-14
       6775.00   3.79641e-14
       6780.00   3.84305e-14
       6785.00   3.83013e-14
       6790.00   3.81855e-14
       6795.00   3.80829e-14
       6800.00   3.79998e-14
       6805.00   3.80148e-14
       6810.00   3.83095e-14
       6815.00   3.87608e-14
       6820.00   3.93059e-14
       6825.00   3.90596e-14
       6830.00   3.89446e-14
       6835.00   3.90778e-14
       6840.00   3.78986e-14
       6845.00   3.61921e-14
       6850.00   3.42496e-14
       6855.00   3.36909e-14
       6860.00   3.48741e-14
       6865.00   3.60402e-14
       6870.00   3.69397e-14
       6875.00   3.64291e-14
       6880.00   3.66120e-14
       6885.00   3.74608e-14
       6890.00   3.77398e-14
       6895.00   3.79853e-14
       6900.00   3.84459e-14
       6905.00   3.89531e-14
       6910.00   3.94968e-14
       6915.00   3.99218e-14
       6920.00   4.02461e-14
       6925.00   4.03066e-14
       6930.00   3.98129e-14
       6935.00   3.89368e-14
       6940.00   3.91645e-14
       6945.00   3.96321e-14
       6950.00   4.05294e-14
       6955.00   4.09824e-14
       6960.00   4.11465e-14
       6965.00   3.97550e-14
       6970.00   3.86456e-14
       6975.00   3.85586e-14
       6980.00   3.90569e-14
       6985.00   3.99416e-14
       6990.00   4.10814e-14
       6995.00   4.20069e-14
       7000.00   4.22585e-14
       7005.00   4.18578e-14
       7010.00   4.09852e-14
       7015.00   4.13733e-14
       7020.00   4.16361e-14
       7025.00   4.09830e-14
       7030.00   4.10734e-14
       7035.00   4.17948e-14
       7040.00   4.18972e-14
       7045.00   4.18025e-14
       7050.00   4.12545e-14
       7055.00   4.03724e-14
       7060.00   3.91319e-14
       7065.00   3.89793e-14
       7070.00   3.91390e-14
       7075.00   3.95383e-14
       7080.00   3.97667e-14
       7085.00   3.97453e-14
       7090.00   3.90782e-14
       7095.00   3.81581e-14
       7100.00   3.81646e-14
       7105.00   3.81903e-14
       7110.00   3.82591e-14
       7115.00   3.80614e-14
       7120.00   3.76926e-14
       7125.00   3.82848e-14
       7130.00   3.85989e-14
       7135.00   3.73787e-14
       7140.00   3.62220e-14
       7145.00   3.51313e-14
       7150.00   3.57220e-14
       7155.00   3.66157e-14
       7160.00   3.50854e-14
       7165.00   3.38654e-14
       7170.00   3.32133e-14
       7175.00   3.38408e-14
       7180.00   3.51990e-14
       7185.00   3.62953e-14
       7190.00   3.72685e-14
       7195.00   3.78396e-14
       7200.00   3.81811e-14
       7205.00   3.82679e-14
       7210.00   3.80974e-14
       7215.00   3.78268e-14
       7220.00   3.69147e-14
       7225.00   3.65062e-14
       7230.00   3.73108e-14
       7235.00   3.75400e-14
       7240.00   3.73216e-14
       7245.00   3.70258e-14
       7250.00   3.67638e-14
       7255.00   3.69760e-14
       7260.00   3.77873e-14
       7265.00   3.96798e-14
       7270.00   4.10692e-14
       7275.00   4.21464e-14
       7280.00   4.16849e-14
       7285.00   4.07487e-14
       7290.00   3.81283e-14
       7295.00   3.66910e-14
       7300.00   3.71273e-14
       7305.00   3.75182e-14
       7310.00   3.78831e-14
       7315.00   3.86934e-14
       7320.00   3.93419e-14
       7325.00   3.86293e-14
       7330.00   3.82243e-14
       7335.00   3.83149e-14
       7340.00   3.83069e-14
       7345.00   3.82403e-14
       7350.00   3.77259e-14
       7355.00   3.73048e-14
       7360.00   3.82008e-14
       7365.00   3.88153e-14
       7370.00   3.88985e-14
       7375.00   3.91063e-14
       7380.00   3.94037e-14
       7385.00   3.91639e-14
       7390.00   3.88501e-14
       7395.00   3.95160e-14
       7400.00   4.00026e-14
       7405.00   4.00197e-14
       7410.00   3.97297e-14
       7415.00   3.91356e-14
       7420.00   3.97748e-14
       7425.00   4.08757e-14
       7430.00   4.03693e-14
       7435.00   3.99814e-14
       7440.00   4.05731e-14
       7445.00   4.10367e-14
       7450.00   4.12995e-14
       7455.00   4.12651e-14
       7460.00   4.10373e-14
       7465.00   4.10503e-14
       7470.00   4.10999e-14
       7475.00   4.06579e-14
       7480.00   4.04760e-14
       7485.00   4.11090e-14
       7490.00   4.13039e-14
       7495.00   4.09633e-14
       7500.00   4.10158e-14
       7505.00   4.12746e-14
       7510.00   4.22045e-14
       7515.00   4.31657e-14
       7520.00   4.29272e-14
       7525.00   4.28924e-14
       7530.00   4.34406e-14
       7535.00   4.27572e-14
       7540.00   4.06103e-14
       7545.00   3.95819e-14
       7550.00   3.91531e-14
       7555.00   3.89569e-14
       7560.00   3.88105e-14
       7565.00   3.88518e-14
       7570.00   3.90933e-14
       7575.00   4.00352e-14
       7580.00   4.05352e-14
       7585.00   4.03972e-14
       7590.00   4.02293e-14
       7595.00   4.00408e-14
       7600.00   3.98518e-14
       7605.00   3.96629e-14
       7610.00   3.94656e-14
       7615.00   3.92982e-14
       7620.00   3.93288e-14
       7625.00   3.93063e-14
       7630.00   3.91642e-14
       7635.00   3.90982e-14
       7640.00   3.91142e-14
       7645.00   3.88717e-14
       7650.00   3.84909e-14
       7655.00   3.79788e-14
       7660.00   3.74385e-14
       7665.00   3.72023e-14
       7670.00   3.70828e-14
       7675.00   3.75918e-14
       7680.00   3.79765e-14
       7685.00   3.80894e-14
       7690.00   3.80153e-14
       7695.00   3.77331e-14
       7700.00   3.75383e-14
       7705.00   3.73945e-14
       7710.00   3.72573e-14
       7715.00   3.71219e-14
       7720.00   3.75018e-14
       7725.00   3.78984e-14
       7730.00   3.81366e-14
       7735.00   3.83100e-14
       7740.00   3.82788e-14
       7745.00   3.81512e-14
       7750.00   3.78712e-14
       7755.00   3.79493e-14
       7760.00   3.83444e-14
       7765.00   3.86765e-14
       7770.00   3.89780e-14
       7775.00   3.87291e-14
       7780.00   3.83539e-14
       7785.00   3.83408e-14
       7790.00   3.83582e-14
       7795.00   3.85006e-14
       7800.00   3.86484e-14
       7805.00   3.88156e-14
       7810.00   3.89771e-14
       7815.00   3.91283e-14
       7820.00   3.91507e-14
       7825.00   3.90337e-14
       7830.00   3.87365e-14
       7835.00   3.83226e-14
       7840.00   3.83213e-14
       7845.00   3.84720e-14
       7850.00   3.85361e-14
       7855.00   3.85851e-14
       7860.00   3.87552e-14
       7865.00   3.88854e-14
       7870.00   3.85831e-14
       7875.00   3.83470e-14
       7880.00   3.83662e-14
       7885.00   3.83241e-14
       7890.00   3.81514e-14
       7895.00   3.79500e-14
       7900.00   3.77106e-14
       7905.00   3.75242e-14
       7910.00   3.73832e-14
       7915.00   3.71404e-14
       7920.00   3.68420e-14
       7925.00   3.66928e-14
       7930.00   3.65939e-14
       7935.00   3.63303e-14
       7940.00   3.60380e-14
       7945.00   3.62855e-14
       7950.00   3.65768e-14
       7955.00   3.71842e-14
       7960.00   3.77364e-14
       7965.00   3.79561e-14
       7970.00   3.80992e-14
       7975.00   3.79927e-14
       7980.00   3.79467e-14
       7985.00   3.80265e-14
       7990.00   3.80013e-14
       7995.00   3.78269e-14
       8000.00   3.79878e-14
       8005.00   3.84859e-14
       8010.00   3.88814e-14
       8015.00   3.92033e-14
       8020.00   3.92753e-14
       8025.00   3.92206e-14
       8030.00   3.94914e-14
       8035.00   3.98748e-14
       8040.00   3.96331e-14
       8045.00   3.92531e-14
       8050.00   3.95004e-14
       8055.00   3.98227e-14
       8060.00   3.97925e-14
       8065.00   3.97363e-14
       8070.00   3.93105e-14
       8075.00   3.89594e-14
       8080.00   3.92577e-14
       8085.00   3.93755e-14
       8090.00   3.85945e-14
       8095.00   3.79632e-14
       8100.00   3.78302e-14
       8105.00   3.77473e-14
       8110.00   3.77858e-14
       8115.00   3.78976e-14
       8120.00   3.81460e-14
       8125.00   3.83401e-14
       8130.00   3.84542e-14
       8135.00   3.86415e-14
       8140.00   3.89156e-14
       8145.00   3.91800e-14
       8150.00   3.94352e-14
       8155.00   3.97078e-14
       8160.00   3.99940e-14
       8165.00   4.05170e-14
       8170.00   4.11948e-14
       8175.00   4.09648e-14
       8180.00   4.02427e-14
       8185.00   3.97595e-14
       8190.00   3.93837e-14
       8195.00   3.86101e-14
       8200.00   3.76893e-14
       8205.00   3.81946e-14
       8210.00   3.91318e-14
       8215.00   3.93811e-14
       8220.00   3.94598e-14
       8225.00   3.98637e-14
       8230.00   4.03323e-14
       8235.00   4.00386e-14
       8240.00   3.96245e-14
       8245.00   3.93762e-14
       8250.00   3.91485e-14
       8255.00   3.94113e-14
       8260.00   3.97191e-14
       8265.00   3.97013e-14
       8270.00   3.96623e-14
       8275.00   3.93597e-14
       8280.00   3.90463e-14
       8285.00   3.89040e-14
       8290.00   3.87658e-14
       8295.00   3.84501e-14
       8300.00   3.81347e-14
       8305.00   3.80023e-14
       8310.00   3.78759e-14
       8315.00   3.80710e-14
       8320.00   3.82489e-14
       8325.00   3.78024e-14
       8330.00   3.73681e-14
       8335.00   3.72844e-14
       8340.00   3.72115e-14
       8345.00   3.74247e-14
       8350.00   3.76396e-14
       8355.00   3.79044e-14
       8360.00   3.81559e-14
       8365.00   3.80719e-14
       8370.00   3.79803e-14
       8375.00   3.76742e-14
       8380.00   3.73776e-14
       8385.00   3.73989e-14
       8390.00   3.74239e-14
       8395.00   3.76280e-14
       8400.00   3.78325e-14
       8405.00   3.80997e-14
       8410.00   3.83666e-14
       8415.00   3.80862e-14
       8420.00   3.78045e-14
       8425.00   3.75397e-14
       8430.00   3.72756e-14
       8435.00   3.66468e-14
       8440.00   3.60049e-14
       8445.00   3.64156e-14
       8450.00   3.68887e-14
       8455.00   3.67092e-14
       8460.00   3.64741e-14
       8465.00   3.63070e-14
       8470.00   3.61480e-14
       8475.00   3.63521e-14
       8480.00   3.66114e-14
       8485.00   3.62460e-14
       8490.00   3.57601e-14
       8495.00   3.51830e-14
       8500.00   3.45846e-14
       8505.00   3.49700e-14
       8510.00   3.56468e-14
       8515.00   3.58385e-14
       8520.00   3.58539e-14
       8525.00   3.53283e-14
       8530.00   3.45647e-14
       8535.00   3.31931e-14
       8540.00   3.14983e-14
       8545.00   3.19777e-14
       8550.00   3.38574e-14
       8555.00   3.54015e-14
       8560.00   3.66820e-14
       8565.00   3.73596e-14
       8570.00   3.74612e-14
       8575.00   3.75579e-14
       8580.00   3.76490e-14
       8585.00   3.77932e-14
       8590.00   3.80154e-14
       8595.00   3.81239e-14
       8600.00   3.80197e-14
       8605.00   3.79940e-14
       8610.00   3.81613e-14
       8615.00   3.83803e-14
       8620.00   3.87756e-14
       8625.00   3.91232e-14
       8630.00   3.92283e-14
       8635.00   3.93139e-14
       8640.00   3.92191e-14
       8645.00   3.90871e-14
       8650.00   3.76110e-14
       8655.00   3.61365e-14
       8660.00   3.50196e-14
       8665.00   3.39205e-14
       8670.00   3.51501e-14
       8675.00   3.66907e-14
       8680.00   3.73810e-14
       8685.00   3.78655e-14
       8690.00   3.83127e-14
       8695.00   3.87454e-14
       8700.00   3.89181e-14
       8705.00   3.89476e-14
       8710.00   3.91648e-14
       8715.00   3.95290e-14
       8720.00   3.97362e-14
       8725.00   3.97688e-14
       8730.00   3.96332e-14
       8735.00   3.92273e-14
       8740.00   3.90203e-14
       8745.00   3.92945e-14
       8750.00   3.95624e-14
       8755.00   3.98056e-14
       8760.00   4.00053e-14
       8765.00   3.98249e-14
       8770.00   3.96455e-14
       8775.00   3.98837e-14
       8780.00   4.01217e-14
       8785.00   4.02645e-14
       8790.00   4.03966e-14
       8795.00   3.98737e-14
       8800.00   3.91846e-14
       8805.00   3.91350e-14
       8810.00   3.93716e-14
       8815.00   3.97380e-14
       8820.00   4.01975e-14
       8825.00   4.05085e-14
       8830.00   4.06519e-14
       8835.00   4.07357e-14
       8840.00   4.07116e-14
       8845.00   4.06418e-14
       8850.00   4.04261e-14
       8855.00   4.01422e-14
       8860.00   3.93535e-14
       8865.00   3.85657e-14
       8870.00   3.81824e-14
       8875.00   3.78007e-14
       8880.00   3.78701e-14
       8885.00   3.80050e-14
       8890.00   3.81645e-14
       8895.00   3.83322e-14
       8900.00   3.86830e-14
       8905.00   3.91472e-14
       8910.00   3.94777e-14
       8915.00   3.96658e-14
       8920.00   3.97149e-14
       8925.00   3.95063e-14
       8930.00   3.93345e-14
       8935.00   3.92981e-14
       8940.00   3.92801e-14
       8945.00   3.94929e-14
       8950.00   3.97055e-14
       8955.00   3.93730e-14
       8960.00   3.90009e-14
       8965.00   3.89737e-14
       8970.00   3.90402e-14
       8975.00   3.93279e-14
       8980.00   3.97403e-14
       8985.00   3.99813e-14
       8990.00   4.00437e-14
       8995.00   4.00930e-14
       9000.00   4.01168e-14
       9005.00   4.00446e-14
       9010.00   3.95362e-14
       9015.00   3.90347e-14
       9020.00   3.88071e-14
       9025.00   3.85797e-14
       9030.00   3.95709e-14
       9035.00   4.07551e-14
       9040.00   4.13030e-14
       9045.00   4.15781e-14
       9050.00   4.16214e-14
       9055.00   4.14625e-14
       9060.00   4.13318e-14
       9065.00   4.12497e-14
       9070.00   4.11799e-14
       9075.00   4.11602e-14
       9080.00   4.11243e-14
       9085.00   4.03856e-14
       9090.00   3.96476e-14
       9095.00   3.98708e-14
       9100.00   4.02686e-14
       9105.00   4.02758e-14
       9110.00   4.00889e-14
       9115.00   4.00376e-14
       9120.00   4.01290e-14
       9125.00   4.02502e-14
       9130.00   4.04399e-14
       9135.00   4.05061e-14
       9140.00   3.96442e-14
       9145.00   3.87832e-14
       9150.00   3.87804e-14
       9155.00   3.88445e-14
       9160.00   3.88102e-14
       9165.00   3.87407e-14
       9170.00   3.88577e-14
       9175.00   3.91316e-14
       9180.00   3.93205e-14
       9185.00   3.93488e-14
       9190.00   3.93775e-14
       9195.00   3.94092e-14
       9200.00   3.94408e-14
       9205.00   3.84656e-14
       9210.00   3.74315e-14
       9215.00   3.75275e-14
       9220.00   3.80215e-14
       9225.00   3.81967e-14
       9230.00   3.80923e-14
       9235.00   3.78812e-14
       9240.00   3.74442e-14
       9245.00   3.70439e-14
       9250.00   3.69422e-14
       9255.00   3.68407e-14
       9260.00   3.74697e-14
       9265.00   3.81856e-14
       9270.00   3.86844e-14
       9275.00   3.90787e-14
       9280.00   3.89389e-14
       9285.00   3.81601e-14
       9290.00   3.77605e-14
       9295.00   3.86208e-14
       9300.00   3.94706e-14
       9305.00   3.85022e-14
       9310.00   3.75348e-14
       9315.00   3.73343e-14
       9320.00   3.73540e-14
       9325.00   3.77921e-14
       9330.00   3.85775e-14
       9335.00   3.88060e-14
       9340.00   3.78036e-14
       9345.00   3.68476e-14
       9350.00   3.64532e-14
       9355.00   3.60592e-14
       9360.00   3.63780e-14
       9365.00   3.68363e-14
       9370.00   3.70360e-14
       9375.00   3.70592e-14
       9380.00   3.73108e-14
       9385.00   3.79894e-14
       9390.00   3.85411e-14
       9395.00   3.79741e-14
       9400.00   3.74076e-14
       9405.00   3.62384e-14
       9410.00   3.49653e-14
       9415.00   3.48483e-14
       9420.00   3.55035e-14
       9425.00   3.58974e-14
       9430.00   3.57917e-14
       9435.00   3.56746e-14
       9440.00   3.54330e-14
       9445.00   3.51916e-14
       9450.00   3.59018e-14
       9455.00   3.68138e-14
       9460.00   3.68557e-14
       9465.00   3.62182e-14
       9470.00   3.62380e-14
       9475.00   3.78252e-14
       9480.00   3.93479e-14
       9485.00   3.84625e-14
       9490.00   3.75781e-14
       9495.00   3.79917e-14
       9500.00   3.88281e-14
       9505.00   3.90877e-14
       9510.00   3.87202e-14
       9515.00   3.84690e-14
       9520.00   3.86764e-14
       9525.00   3.88836e-14
       9530.00   3.82213e-14
       9535.00   3.74853e-14
       9540.00   3.72423e-14
       9545.00   3.72778e-14
       9550.00   3.72180e-14
       9555.00   3.69840e-14
       9560.00   3.68021e-14
       9565.00   3.73549e-14
       9570.00   3.79070e-14
       9575.00   3.79238e-14
       9580.00   3.77846e-14
       9585.00   3.78854e-14
       9590.00   3.82447e-14
       9595.00   3.84523e-14
       9600.00   3.79925e-14
       9605.00   3.75332e-14
       9610.00   3.73194e-14
       9615.00   3.71373e-14
       9620.00   3.72728e-14
       9625.00   3.76338e-14
       9630.00   3.77549e-14
       9635.00   3.72572e-14
       9640.00   3.67601e-14
       9645.00   3.71189e-14
       9650.00   3.75021e-14
       9655.00   3.77404e-14
       9660.00   3.79047e-14
       9665.00   3.80512e-14
       9670.00   3.81648e-14
       9675.00   3.82810e-14
       9680.00   3.84763e-14
       9685.00   3.86714e-14
       9690.00   3.80379e-14
       9695.00   3.70748e-14
       9700.00   3.65448e-14
       9705.00   3.66804e-14
       9710.00   3.68423e-14
       9715.00   3.73548e-14
       9720.00   3.78667e-14
       9725.00   3.81275e-14
       9730.00   3.83013e-14
       9735.00   3.84311e-14
       9740.00   3.84987e-14
       9745.00   3.85239e-14
       9750.00   3.80683e-14
       9755.00   3.76132e-14
       9760.00   3.76248e-14
       9765.00   3.77949e-14
       9770.00   3.78450e-14
       9775.00   3.77209e-14
       9780.00   3.75746e-14
       9785.00   3.71166e-14
       9790.00   3.66592e-14
       9795.00   3.69484e-14
       9800.00   3.75222e-14
       9805.00   3.78068e-14
       9810.00   3.76135e-14
       9815.00   3.74385e-14
       9820.00   3.78955e-14
       9825.00   3.83521e-14
       9830.00   3.81770e-14
       9835.00   3.76981e-14
       9840.00   3.75811e-14
       9845.00   3.82306e-14
       9850.00   3.88794e-14
       9855.00   3.82206e-14
       9860.00   3.75121e-14
       9865.00   3.74555e-14
       9870.00   3.78279e-14
       9875.00   3.81688e-14
       9880.00   3.84103e-14
       9885.00   3.86515e-14
       9890.00   3.89825e-14
       9895.00   3.93263e-14
       9900.00   3.90240e-14
       9905.00   3.80872e-14
       9910.00   3.73655e-14
       9915.00   3.80447e-14
       9920.00   3.87233e-14
       9925.00   3.83686e-14
       9930.00   3.76834e-14
       9935.00   3.13055e-14
       9940.00   1.56449e-14
       9945.00       0.00000
       9950.00       0.00000
       9955.00       0.00000
       9960.00       0.00000
       9965.00       0.00000
       9970.00       0.00000
