       1235.00   5.80914e-15
       1240.00   6.25373e-15
       1245.00   5.57547e-15
       1250.00   3.77336e-15
       1255.00   3.22558e-15
       1260.00   2.49457e-15
       1265.00   3.53360e-15
       1270.00   3.64131e-15
       1275.00   4.86871e-15
       1280.00   5.49912e-15
       1285.00   4.71830e-15
       1290.00   3.52156e-15
       1295.00   3.80028e-15
       1300.00   3.06634e-15
       1305.00   1.83456e-15
       1310.00   3.20353e-15
       1315.00   3.66254e-15
       1320.00   3.25918e-15
       1325.00   2.87395e-15
       1330.00   2.87236e-15
       1335.00   2.73816e-15
       1340.00   2.90326e-15
       1345.00   3.46505e-15
       1350.00   3.60799e-15
       1355.00   3.23243e-15
       1360.00   2.72499e-15
       1365.00   2.44912e-15
       1370.00   3.31569e-15
       1375.00   2.60862e-15
       1380.00   3.03237e-15
       1385.00   2.71753e-15
       1390.00   2.74688e-15
       1395.00   2.51245e-15
       1400.00   2.17449e-15
       1405.00   1.14859e-15
       1410.00   2.95876e-15
       1415.00   2.09465e-15
       1420.00   2.61001e-15
       1425.00   3.20483e-15
       1430.00   3.00420e-15
       1435.00   3.32438e-15
       1440.00   3.62699e-15
       1445.00   4.24715e-15
       1450.00   3.33321e-15
       1455.00   3.03303e-15
       1460.00   5.00852e-15
       1465.00   4.87967e-15
       1470.00   3.94652e-15
       1475.00   3.83891e-15
       1480.00   2.92187e-15
       1485.00   4.33178e-15
       1490.00   4.15703e-15
       1495.00   4.06593e-15
       1500.00   3.25656e-15
       1505.00   2.62820e-15
       1510.00   2.36607e-15
       1515.00   4.07711e-15
       1520.00   3.64982e-15
       1525.00   3.33847e-15
       1530.00   4.12776e-15
       1535.00   3.88212e-15
       1540.00   3.64404e-15
       1545.00   3.67267e-15
       1550.00   3.34955e-15
       1555.00   1.67020e-15
       1560.00   4.67243e-15
       1565.00   2.27730e-15
       1570.00   2.29362e-15
       1575.00   2.47285e-15
       1580.00   8.64088e-16
       1585.00   3.17276e-15
       1590.00   2.71516e-15
       1595.00   3.47774e-15
       1600.00   3.87444e-15
       1605.00   2.64068e-15
       1610.00   3.51035e-15
       1615.00   3.08138e-15
       1620.00   3.18991e-15
       1625.00   2.90547e-15
       1630.00   2.91340e-15
       1635.00   3.14032e-15
       1640.00   2.90009e-15
       1645.00   2.79056e-15
       1650.00   3.57808e-15
       1655.00   4.33674e-15
       1660.00   3.24025e-15
       1665.00   2.35036e-15
       1670.00   2.89301e-15
       1675.00   2.99220e-15
       1680.00   3.42116e-15
       1685.00   3.21628e-15
       1690.00   1.84737e-15
       1695.00   2.81580e-15
       1700.00   3.16415e-15
       1705.00   3.60078e-15
       1710.00   3.06302e-15
       1715.00   3.57392e-15
       1720.00   3.35909e-15
       1725.00   2.74717e-15
       1730.00   4.07898e-15
       1735.00   4.04418e-15
       1740.00   4.45582e-15
       1745.00   4.36253e-15
       1750.00   3.89958e-15
       1755.00   3.50609e-15
       1760.00   3.51784e-15
       1765.00   3.71361e-15
       1770.00   3.77449e-15
       1775.00   3.98207e-15
       1780.00   3.22418e-15
       1785.00   3.00980e-15
       1790.00   3.56820e-15
       1795.00   3.37090e-15
       1800.00   3.61170e-15
       1805.00   3.61111e-15
       1810.00   3.37557e-15
       1815.00   3.91571e-15
       1820.00   3.89449e-15
       1825.00   3.61082e-15
       1830.00   3.58152e-15
       1835.00   3.36568e-15
       1840.00   3.08891e-15
       1845.00   3.25182e-15
       1850.00   3.28403e-15
       1855.00   3.30340e-15
       1860.00   3.21869e-15
       1865.00   2.88197e-15
       1870.00   3.23323e-15
       1875.00   3.68788e-15
       1880.00   3.31991e-15
       1885.00   3.54670e-15
       1890.00   3.11591e-15
       1895.00   3.51099e-15
       1900.00   3.22754e-15
       1905.00   4.16257e-15
       1910.00   3.69949e-15
       1915.00   2.71634e-15
       1920.00   2.61183e-15
       1925.00   2.91934e-15
       1930.00   2.84704e-15
       1935.00   2.83884e-15
       1940.00   2.73274e-15
       1945.00   3.05230e-15
       1950.00   3.31399e-15
       1955.00   3.52061e-15
       1960.00   3.51384e-15
       1965.00   3.55628e-15
       1970.00   3.17103e-15
       1975.00   2.76202e-15
       1980.00   4.92116e-15
       1985.00   3.64909e-15
       1990.00   4.04668e-15
       1995.00   4.07401e-15
       2000.00   4.62255e-15
       2005.00   4.81427e-15
       2010.00   3.01800e-15
       2015.00   3.65140e-15
       2020.00   3.95904e-15
       2025.00   4.08930e-15
       2030.00   2.01283e-15
       2035.00   3.70344e-15
       2040.00   3.69937e-15
       2045.00   3.94576e-15
       2050.00   3.07407e-15
       2055.00   3.71499e-15
       2060.00   4.24648e-15
       2065.00   3.69784e-15
       2070.00   4.11868e-15
       2075.00   3.73564e-15
       2080.00   4.24530e-15
       2085.00   4.81610e-15
       2090.00   4.02146e-15
       2095.00   3.38275e-15
       2100.00   9.54226e-16
       2105.00   3.97539e-15
       2110.00   4.18406e-15
       2115.00   3.26959e-15
       2120.00   4.56601e-15
       2125.00   4.30845e-15
       2130.00   4.45067e-15
       2135.00   3.38754e-15
       2140.00   4.20285e-15
       2145.00   2.78350e-15
       2150.00   4.17934e-15
       2155.00   4.28245e-15
       2160.00   2.14081e-15
       2165.00   2.91122e-15
       2170.00   2.90957e-15
       2175.00   3.98309e-15
       2180.00   4.67442e-15
       2185.00   4.00607e-15
       2190.00   4.26765e-15
       2195.00   4.49577e-15
       2200.00   4.30856e-15
       2205.00   4.75229e-15
       2210.00   3.98719e-15
       2215.00   1.93230e-15
       2220.00   7.91909e-16
       2225.00   3.59026e-15
       2230.00   3.88825e-15
       2235.00   4.28168e-15
       2240.00   3.74909e-15
       2245.00   4.25008e-15
       2250.00   5.32919e-15
       2255.00   4.96281e-15
       2260.00   4.58854e-15
       2265.00   4.77124e-15
       2270.00   5.00700e-15
       2275.00   3.87787e-15
       2280.00   1.42074e-15
       2285.00   3.45928e-15
       2290.00   4.45967e-15
       2295.00   3.94328e-15
       2300.00   3.36702e-15
       2305.00   4.28519e-15
       2310.00   5.01576e-15
       2315.00   4.36497e-15
       2320.00   3.55394e-15
       2325.00   4.43377e-15
       2330.00   4.94629e-15
       2335.00   3.14278e-15
       2340.00   4.07781e-15
       2345.00   3.85381e-15
       2350.00   4.06048e-15
       2355.00   4.09600e-15
       2360.00   3.90434e-15
       2365.00   3.51336e-15
       2370.00   3.03431e-15
       2375.00   2.68987e-15
       2380.00   2.36376e-15
       2385.00   2.93782e-15
       2390.00   2.82912e-15
       2395.00   3.36561e-15
       2400.00   2.80564e-15
       2405.00   2.51052e-15
       2410.00   2.93073e-15
       2415.00   3.68134e-15
       2420.00   4.21027e-15
       2425.00   4.77436e-15
       2430.00   4.12134e-15
       2435.00   3.98061e-15
       2440.00   4.13901e-15
       2445.00   4.42393e-15
       2450.00   4.36067e-15
       2455.00   5.29483e-15
       2460.00   4.51520e-15
       2465.00   3.24094e-15
       2470.00   3.32596e-15
       2475.00   3.62446e-15
       2480.00   3.93070e-15
       2485.00   3.27580e-15
       2490.00   3.66542e-15
       2495.00   4.01578e-15
       2500.00   4.10025e-15
       2505.00   4.35232e-15
       2510.00   4.07555e-15
       2515.00   3.43870e-15
       2520.00   3.45153e-15
       2525.00   3.50226e-15
       2530.00   3.14441e-15
       2535.00   3.42639e-15
       2540.00   3.43751e-15
       2545.00   3.26080e-15
       2550.00   3.49467e-15
       2555.00   3.92324e-15
       2560.00   4.61186e-15
       2565.00   4.60563e-15
       2570.00   4.19477e-15
       2575.00   4.29719e-15
       2580.00   3.92314e-15
       2585.00   3.91573e-15
       2590.00   3.93838e-15
       2595.00   3.53082e-15
       2600.00   3.45249e-15
       2605.00   3.83158e-15
       2610.00   3.73692e-15
       2615.00   3.86486e-15
       2620.00   4.00840e-15
       2625.00   4.18659e-15
       2630.00   4.09865e-15
       2635.00   4.54392e-15
       2640.00   5.36106e-15
       2645.00   5.69755e-15
       2650.00   5.58739e-15
       2655.00   5.42454e-15
       2660.00   5.52336e-15
       2665.00   5.48580e-15
       2670.00   5.68826e-15
       2675.00   5.90012e-15
       2680.00   6.33352e-15
       2685.00   5.58615e-15
       2690.00   5.15897e-15
       2695.00   5.38805e-15
       2700.00   5.56204e-15
       2705.00   5.48721e-15
       2710.00   5.44975e-15
       2715.00   5.02181e-15
       2720.00   4.88052e-15
       2725.00   4.98478e-15
       2730.00   4.96966e-15
       2735.00   4.99029e-15
       2740.00   4.72591e-15
       2745.00   4.06523e-15
       2750.00   4.41502e-15
       2755.00   4.63141e-15
       2760.00   4.75689e-15
       2765.00   4.86500e-15
       2770.00   5.57221e-15
       2775.00   5.82365e-15
       2780.00   5.05031e-15
       2785.00   4.41260e-15
       2790.00   3.66748e-15
       2795.00   3.19003e-15
       2800.00   3.01911e-15
       2805.00   3.47987e-15
       2810.00   4.35413e-15
       2815.00   4.95152e-15
       2820.00   5.36507e-15
       2825.00   5.72667e-15
       2830.00   5.91027e-15
       2835.00   5.76997e-15
       2840.00   5.87194e-15
       2845.00   5.54803e-15
       2850.00   4.95707e-15
       2855.00   4.86895e-15
       2860.00   5.46780e-15
       2865.00   6.20133e-15
       2870.00   6.44314e-15
       2875.00   6.26058e-15
       2880.00   6.29964e-15
       2885.00   6.32789e-15
       2890.00   6.34946e-15
       2895.00   6.72103e-15
       2900.00   7.37054e-15
       2905.00   7.78930e-15
       2910.00   7.94372e-15
       2915.00   7.87311e-15
       2920.00   7.90852e-15
       2925.00   7.63800e-15
       2930.00   7.75162e-15
       2935.00   7.88168e-15
       2940.00   7.76843e-15
       2945.00   7.90214e-15
       2950.00   7.85698e-15
       2955.00   8.33658e-15
       2960.00   8.31576e-15
       2965.00   8.00146e-15
       2970.00   7.85611e-15
       2975.00   7.96970e-15
       2980.00   7.83007e-15
       2985.00   7.68747e-15
       2990.00   7.81623e-15
       2995.00   7.64335e-15
       3000.00   7.11208e-15
       3005.00   7.33480e-15
       3010.00   7.60040e-15
       3015.00   7.57285e-15
       3020.00   7.87444e-15
       3025.00   8.10147e-15
       3030.00   8.20135e-15
       3035.00   8.02721e-15
       3040.00   8.98520e-15
       3045.00   8.65832e-15
       3050.00   8.58940e-15
       3055.00   8.51810e-15
       3060.00   8.75242e-15
       3065.00   9.00360e-15
       3070.00   9.38945e-15
       3075.00   1.00238e-14
       3080.00   1.06039e-14
       3085.00   9.50626e-15
       3090.00   9.26429e-15
       3095.00   9.53591e-15
       3100.00   9.48870e-15
       3105.00   1.04567e-14
       3110.00   1.10612e-14
       3115.00   1.13040e-14
       3120.00   1.10105e-14
       3125.00   1.04471e-14
       3130.00   1.04102e-14
       3135.00   1.07945e-14
       3140.00   1.11089e-14
       3145.00   1.05894e-14
       3150.00   1.05234e-14
       3155.00   9.76566e-15
       3160.00   1.01779e-14
       3165.00   1.03568e-14
       3170.00   1.01448e-14
       3175.00   9.99383e-15
       3180.00   1.18089e-14
       3185.00   9.77208e-15
       3190.00   9.49352e-15
       3195.00   9.10821e-15
       3200.00   8.48932e-15
       3205.00   1.29821e-14
       3210.00   9.81080e-15
       3215.00   1.02585e-14
       3220.00   9.52270e-15
       3225.00   8.83234e-15
       3230.00   8.72144e-15
       3235.00   8.91614e-15
       3240.00   9.01180e-15
       3245.00   8.76533e-15
       3250.00   9.15803e-15
       3255.00   9.37514e-15
       3260.00   1.08385e-14
       3265.00   1.10907e-14
       3270.00   1.08067e-14
       3275.00   1.03045e-14
       3280.00   9.75663e-15
       3285.00   1.04450e-14
       3290.00   1.17777e-14
       3295.00   1.25167e-14
       3300.00   1.13958e-14
       3305.00   1.11526e-14
       3310.00   1.05370e-14
       3315.00   1.15615e-14
       3320.00   1.17108e-14
       3325.00   1.12557e-14
       3330.00   1.11934e-14
       3335.00   1.09776e-14
       3340.00   1.10883e-14
       3345.00   1.15852e-14
       3350.00   1.13904e-14
       3355.00   1.08750e-14
       3360.00   9.98618e-15
       3365.00   1.03386e-14
       3370.00   1.07027e-14
       3375.00   1.10910e-14
       3380.00   1.07046e-14
       3385.00   1.08968e-14
       3390.00   1.14660e-14
       3395.00   1.22329e-14
       3400.00   1.15555e-14
       3405.00   1.11521e-14
       3410.00   1.13715e-14
       3415.00   1.15074e-14
       3420.00   1.07080e-14
       3425.00   1.05531e-14
       3430.00   1.08300e-14
       3435.00   1.06662e-14
       3440.00   1.05937e-14
       3445.00   1.03729e-14
       3450.00   1.04799e-14
       3455.00   1.12593e-14
       3460.00   1.07310e-14
       3465.00   1.02161e-14
       3470.00   1.03727e-14
       3475.00   1.03960e-14
       3480.00   1.06737e-14
       3485.00   1.05177e-14
       3490.00   1.04264e-14
       3495.00   1.05696e-14
       3500.00   1.12298e-14
       3505.00   1.12287e-14
       3510.00   1.15323e-14
       3515.00   1.15429e-14
       3520.00   1.09449e-14
       3525.00   1.08259e-14
       3530.00   1.14697e-14
       3535.00   1.17033e-14
       3540.00   1.18825e-14
       3545.00   1.19829e-14
       3550.00   1.19715e-14
       3555.00   1.18270e-14
       3560.00   1.16292e-14
       3565.00   1.12386e-14
       3570.00   1.04461e-14
       3575.00   9.99465e-15
       3580.00   9.78516e-15
       3585.00   9.75149e-15
       3590.00   1.04251e-14
       3595.00   1.08365e-14
       3600.00   1.10428e-14
       3605.00   1.09618e-14
       3610.00   1.11733e-14
       3615.00   1.15642e-14
       3620.00   1.25671e-14
       3625.00   1.22858e-14
       3630.00   1.24513e-14
       3635.00   1.24593e-14
       3640.00   1.25211e-14
       3645.00   1.25416e-14
       3650.00   1.32523e-14
       3655.00   1.35454e-14
       3660.00   1.38217e-14
       3665.00   1.40421e-14
       3670.00   1.39789e-14
       3675.00   1.37573e-14
       3680.00   1.38091e-14
       3685.00   1.34447e-14
       3690.00   1.45415e-14
       3695.00   1.49156e-14
       3700.00   1.46188e-14
       3705.00   1.42474e-14
       3710.00   1.43658e-14
       3715.00   1.55401e-14
       3720.00   1.81112e-14
       3725.00   2.15058e-14
       3730.00   1.79875e-14
       3735.00   1.41484e-14
       3740.00   1.38004e-14
       3745.00   1.33520e-14
       3750.00   1.39100e-14
       3755.00   1.47199e-14
       3760.00   1.46486e-14
       3765.00   1.37555e-14
       3770.00   1.44061e-14
       3775.00   1.70018e-14
       3780.00   1.88133e-14
       3785.00   1.79192e-14
       3790.00   1.57008e-14
       3795.00   1.49143e-14
       3800.00   1.58472e-14
       3805.00   1.73198e-14
       3810.00   1.79863e-14
       3815.00   1.74161e-14
       3820.00   1.59815e-14
       3825.00   1.42583e-14
       3830.00   1.23810e-14
       3835.00   1.24170e-14
       3840.00   1.43847e-14
       3845.00   1.68158e-14
       3850.00   1.82448e-14
       3855.00   1.90733e-14
       3860.00   1.92711e-14
       3865.00   1.89395e-14
       3870.00   1.82769e-14
       3875.00   1.73303e-14
       3880.00   1.62573e-14
       3885.00   1.49776e-14
       3890.00   1.61622e-14
       3895.00   1.76228e-14
       3900.00   1.90967e-14
       3905.00   2.04492e-14
       3910.00   2.13917e-14
       3915.00   2.14273e-14
       3920.00   2.00629e-14
       3925.00   1.72347e-14
       3930.00   1.44559e-14
       3935.00   1.47749e-14
       3940.00   1.70372e-14
       3945.00   1.95134e-14
       3950.00   2.14135e-14
       3955.00   2.02723e-14
       3960.00   1.65742e-14
       3965.00   1.29513e-14
       3970.00   1.32776e-14
       3975.00   1.73647e-14
       3980.00   2.15824e-14
       3985.00   2.43384e-14
       3990.00   2.57838e-14
       3995.00   2.64915e-14
       4000.00   2.68660e-14
       4005.00   2.72232e-14
       4010.00   2.79024e-14
       4015.00   2.82037e-14
       4020.00   2.77039e-14
       4025.00   2.70138e-14
       4030.00   2.66364e-14
       4035.00   2.66452e-14
       4040.00   2.70339e-14
       4045.00   2.71484e-14
       4050.00   2.70475e-14
       4055.00   2.64987e-14
       4060.00   2.64408e-14
       4065.00   2.61258e-14
       4070.00   2.58737e-14
       4075.00   2.58182e-14
       4080.00   2.64514e-14
       4085.00   2.67227e-14
       4090.00   2.52573e-14
       4095.00   2.28791e-14
       4100.00   2.11038e-14
       4105.00   2.24399e-14
       4110.00   2.45388e-14
       4115.00   2.57704e-14
       4120.00   2.60807e-14
       4125.00   2.53467e-14
       4130.00   2.54238e-14
       4135.00   2.62005e-14
       4140.00   2.61266e-14
       4145.00   2.58167e-14
       4150.00   2.61050e-14
       4155.00   2.63024e-14
       4160.00   2.68048e-14
       4165.00   2.71671e-14
       4170.00   2.64841e-14
       4175.00   2.58382e-14
       4180.00   2.60671e-14
       4185.00   2.67850e-14
       4190.00   2.69785e-14
       4195.00   2.68135e-14
       4200.00   2.70670e-14
       4205.00   2.76335e-14
       4210.00   2.83104e-14
       4215.00   2.84484e-14
       4220.00   2.79035e-14
       4225.00   2.64504e-14
       4230.00   2.74357e-14
       4235.00   2.81289e-14
       4240.00   2.86107e-14
       4245.00   2.82247e-14
       4250.00   2.76232e-14
       4255.00   2.75443e-14
       4260.00   2.86435e-14
       4265.00   2.85480e-14
       4270.00   2.76414e-14
       4275.00   2.77081e-14
       4280.00   2.77065e-14
       4285.00   2.72465e-14
       4290.00   2.69093e-14
       4295.00   2.64934e-14
       4300.00   2.54587e-14
       4305.00   2.48918e-14
       4310.00   2.63793e-14
       4315.00   2.86326e-14
       4320.00   2.94224e-14
       4325.00   2.92206e-14
       4330.00   2.86671e-14
       4335.00   2.74843e-14
       4340.00   2.65378e-14
       4345.00   2.65185e-14
       4350.00   2.72831e-14
       4355.00   2.88357e-14
       4360.00   3.05763e-14
       4365.00   3.12481e-14
       4370.00   3.06416e-14
       4375.00   2.95387e-14
       4380.00   2.84826e-14
       4385.00   2.75370e-14
       4390.00   2.83158e-14
       4395.00   2.94854e-14
       4400.00   2.92173e-14
       4405.00   2.89341e-14
       4410.00   2.89985e-14
       4415.00   2.98116e-14
       4420.00   3.10553e-14
       4425.00   3.14689e-14
       4430.00   3.09437e-14
       4435.00   3.03365e-14
       4440.00   3.02216e-14
       4445.00   3.05756e-14
       4450.00   3.05152e-14
       4455.00   2.97098e-14
       4460.00   2.90399e-14
       4465.00   2.92027e-14
       4470.00   3.03085e-14
       4475.00   3.18747e-14
       4480.00   3.22175e-14
       4485.00   3.21620e-14
       4490.00   3.24230e-14
       4495.00   3.29906e-14
       4500.00   3.33604e-14
       4505.00   3.41890e-14
       4510.00   3.40359e-14
       4515.00   3.31717e-14
       4520.00   3.21373e-14
       4525.00   3.11895e-14
       4530.00   3.08577e-14
       4535.00   3.14975e-14
       4540.00   3.22894e-14
       4545.00   3.17893e-14
       4550.00   3.07804e-14
       4555.00   3.14347e-14
       4560.00   3.28792e-14
       4565.00   3.35627e-14
       4570.00   3.39278e-14
       4575.00   3.37364e-14
       4580.00   3.32018e-14
       4585.00   3.28660e-14
       4590.00   3.32584e-14
       4595.00   3.41415e-14
       4600.00   3.41378e-14
       4605.00   3.43026e-14
       4610.00   3.51815e-14
       4615.00   3.53146e-14
       4620.00   3.59409e-14
       4625.00   3.60711e-14
       4630.00   3.54905e-14
       4635.00   3.45266e-14
       4640.00   3.35784e-14
       4645.00   3.30512e-14
       4650.00   3.33189e-14
       4655.00   3.40812e-14
       4660.00   3.35620e-14
       4665.00   3.22972e-14
       4670.00   3.21954e-14
       4675.00   3.29045e-14
       4680.00   3.32288e-14
       4685.00   3.31542e-14
       4690.00   3.28413e-14
       4695.00   3.20717e-14
       4700.00   3.13812e-14
       4705.00   3.10012e-14
       4710.00   3.20671e-14
       4715.00   3.34643e-14
       4720.00   3.39191e-14
       4725.00   3.34749e-14
       4730.00   3.29940e-14
       4735.00   3.32290e-14
       4740.00   3.42285e-14
       4745.00   3.53854e-14
       4750.00   3.48318e-14
       4755.00   3.43204e-14
       4760.00   3.33946e-14
       4765.00   3.33887e-14
       4770.00   3.38432e-14
       4775.00   3.40441e-14
       4780.00   3.39676e-14
       4785.00   3.37732e-14
       4790.00   3.35935e-14
       4795.00   3.44887e-14
       4800.00   3.47003e-14
       4805.00   3.45983e-14
       4810.00   3.49689e-14
       4815.00   3.54098e-14
       4820.00   3.47672e-14
       4825.00   3.40692e-14
       4830.00   3.39537e-14
       4835.00   3.37124e-14
       4840.00   3.35636e-14
       4845.00   3.30189e-14
       4850.00   3.19822e-14
       4855.00   3.08291e-14
       4860.00   2.99423e-14
       4865.00   2.92162e-14
       4870.00   2.97772e-14
       4875.00   3.14872e-14
       4880.00   3.26091e-14
       4885.00   3.25536e-14
       4890.00   3.22624e-14
       4895.00   3.34284e-14
       4900.00   3.39357e-14
       4905.00   3.35531e-14
       4910.00   3.31430e-14
       4915.00   3.25223e-14
       4920.00   3.21811e-14
       4925.00   3.29156e-14
       4930.00   3.42471e-14
       4935.00   3.32348e-14
       4940.00   3.35263e-14
       4945.00   3.46614e-14
       4950.00   3.55477e-14
       4955.00   3.54499e-14
       4960.00   3.44947e-14
       4965.00   3.24702e-14
       4970.00   3.19342e-14
       4975.00   3.19407e-14
       4980.00   3.30383e-14
       4985.00   3.50039e-14
       4990.00   3.64514e-14
       4995.00   3.52027e-14
       5000.00   3.50868e-14
       5005.00   3.47843e-14
       5010.00   3.32452e-14
       5015.00   3.11626e-14
       5020.00   3.03983e-14
       5025.00   3.16116e-14
       5030.00   3.29711e-14
       5035.00   3.30771e-14
       5040.00   3.26487e-14
       5045.00   3.24135e-14
       5050.00   3.27398e-14
       5055.00   3.36524e-14
       5060.00   3.43758e-14
       5065.00   3.44953e-14
       5070.00   3.39539e-14
       5075.00   3.31283e-14
       5080.00   3.28320e-14
       5085.00   3.31177e-14
       5090.00   3.35694e-14
       5095.00   3.38113e-14
       5100.00   3.37849e-14
       5105.00   3.36561e-14
       5110.00   3.38678e-14
       5115.00   3.41567e-14
       5120.00   3.42117e-14
       5125.00   3.39756e-14
       5130.00   3.35321e-14
       5135.00   3.31044e-14
       5140.00   3.34076e-14
       5145.00   3.30477e-14
       5150.00   3.27087e-14
       5155.00   3.25510e-14
       5160.00   3.22867e-14
       5165.00   3.04715e-14
       5170.00   2.94517e-14
       5175.00   2.96861e-14
       5180.00   3.05217e-14
       5185.00   3.12226e-14
       5190.00   3.22442e-14
       5195.00   3.32283e-14
       5200.00   3.34248e-14
       5205.00   3.32828e-14
       5210.00   3.34327e-14
       5215.00   3.44216e-14
       5220.00   3.37731e-14
       5225.00   3.35535e-14
       5230.00   3.40157e-14
       5235.00   3.50339e-14
       5240.00   3.61565e-14
       5245.00   3.52031e-14
       5250.00   3.45725e-14
       5255.00   3.41857e-14
       5260.00   3.36069e-14
       5265.00   3.25194e-14
       5270.00   3.24528e-14
       5275.00   3.34377e-14
       5280.00   3.49577e-14
       5285.00   3.62783e-14
       5290.00   3.63803e-14
       5295.00   3.57961e-14
       5300.00   3.56725e-14
       5305.00   3.62039e-14
       5310.00   3.70623e-14
       5315.00   3.62406e-14
       5320.00   3.54956e-14
       5325.00   3.51665e-14
       5330.00   3.53887e-14
       5335.00   3.60035e-14
       5340.00   3.64435e-14
       5345.00   3.67405e-14
       5350.00   3.73353e-14
       5355.00   3.85624e-14
       5360.00   3.83333e-14
       5365.00   3.75977e-14
       5370.00   3.69616e-14
       5375.00   3.67001e-14
       5380.00   3.69016e-14
       5385.00   3.62563e-14
       5390.00   3.54396e-14
       5395.00   3.45797e-14
       5400.00   3.37922e-14
       5405.00   3.40112e-14
       5410.00   3.48514e-14
       5415.00   3.56761e-14
       5420.00   3.61329e-14
       5425.00   3.60457e-14
       5430.00   3.59183e-14
       5435.00   3.62037e-14
       5440.00   3.64409e-14
       5445.00   3.55820e-14
       5450.00   3.55845e-14
       5455.00   3.56775e-14
       5460.00   3.59460e-14
       5465.00   3.64806e-14
       5470.00   3.63986e-14
       5475.00   3.63009e-14
       5480.00   3.63651e-14
       5485.00   3.66746e-14
       5490.00   3.70474e-14
       5495.00   3.73922e-14
       5500.00   3.77311e-14
       5505.00   3.78042e-14
       5510.00   3.63930e-14
       5515.00   3.60851e-14
       5520.00   3.59628e-14
       5525.00   3.59258e-14
       5530.00   3.63866e-14
       5535.00   3.64309e-14
       5540.00   3.63746e-14
       5545.00   3.65530e-14
       5550.00   3.76996e-14
       5555.00   3.84626e-14
       5560.00   3.84931e-14
       5565.00   3.79115e-14
       5570.00   3.70963e-14
       5575.00   3.80964e-14
       5580.00   3.78895e-14
       5585.00   3.66844e-14
       5590.00   3.59622e-14
       5595.00   3.62926e-14
       5600.00   3.67678e-14
       5605.00   3.71526e-14
       5610.00   3.71646e-14
       5615.00   3.63969e-14
       5620.00   3.61869e-14
       5625.00   3.66550e-14
       5630.00   3.72611e-14
       5635.00   3.69909e-14
       5640.00   3.67366e-14
       5645.00   3.67807e-14
       5650.00   3.72955e-14
       5655.00   3.72796e-14
       5660.00   3.73519e-14
       5665.00   3.77688e-14
       5670.00   3.79999e-14
       5675.00   3.81271e-14
       5680.00   3.84019e-14
       5685.00   3.90505e-14
       5690.00   3.89950e-14
       5695.00   3.87922e-14
       5700.00   3.83804e-14
       5705.00   3.75915e-14
       5710.00   3.75403e-14
       5715.00   3.86271e-14
       5720.00   4.05001e-14
       5725.00   4.13783e-14
       5730.00   4.14522e-14
       5735.00   4.09951e-14
       5740.00   4.01225e-14
       5745.00   3.99671e-14
       5750.00   3.96831e-14
       5755.00   3.92402e-14
       5760.00   3.85626e-14
       5765.00   3.92208e-14
       5770.00   3.92235e-14
       5775.00   3.84209e-14
       5780.00   3.71499e-14
       5785.00   3.68171e-14
       5790.00   3.74813e-14
       5795.00   3.93234e-14
       5800.00   3.94788e-14
       5805.00   3.93002e-14
       5810.00   3.90463e-14
       5815.00   3.93044e-14
       5820.00   3.96571e-14
       5825.00   4.00852e-14
       5830.00   4.05731e-14
       5835.00   4.04496e-14
       5840.00   4.04619e-14
       5845.00   4.02173e-14
       5850.00   3.88279e-14
       5855.00   3.87254e-14
       5860.00   3.88819e-14
       5865.00   3.90314e-14
       5870.00   3.94447e-14
       5875.00   3.88106e-14
       5880.00   3.69998e-14
       5885.00   3.31964e-14
       5890.00   3.14845e-14
       5895.00   3.16428e-14
       5900.00   3.39075e-14
       5905.00   3.71902e-14
       5910.00   3.86225e-14
       5915.00   3.86129e-14
       5920.00   3.86413e-14
       5925.00   3.90035e-14
       5930.00   3.90028e-14
       5935.00   3.79311e-14
       5940.00   3.82611e-14
       5945.00   3.84740e-14
       5950.00   3.83714e-14
       5955.00   3.85177e-14
       5960.00   3.84509e-14
       5965.00   3.83384e-14
       5970.00   3.85858e-14
       5975.00   3.85217e-14
       5980.00   3.83990e-14
       5985.00   3.83540e-14
       5990.00   3.88811e-14
       5995.00   3.92702e-14
       6000.00   3.94116e-14
       6005.00   3.90531e-14
       6010.00   3.88964e-14
       6015.00   3.88086e-14
       6020.00   3.83212e-14
       6025.00   3.90465e-14
       6030.00   4.00954e-14
       6035.00   4.06724e-14
       6040.00   4.07435e-14
       6045.00   4.05690e-14
       6050.00   4.01687e-14
       6055.00   4.07320e-14
       6060.00   4.08455e-14
       6065.00   4.04099e-14
       6070.00   4.09104e-14
       6075.00   4.11483e-14
       6080.00   4.10971e-14
       6085.00   4.03450e-14
       6090.00   4.03371e-14
       6095.00   4.05551e-14
       6100.00   4.01574e-14
       6105.00   4.01670e-14
       6110.00   4.02462e-14
       6115.00   4.01398e-14
       6120.00   4.06610e-14
       6125.00   4.11816e-14
       6130.00   4.14396e-14
       6135.00   4.03090e-14
       6140.00   3.96489e-14
       6145.00   3.99186e-14
       6150.00   3.99761e-14
       6155.00   3.96145e-14
       6160.00   3.87947e-14
       6165.00   3.74752e-14
       6170.00   3.74288e-14
       6175.00   3.85622e-14
       6180.00   3.97046e-14
       6185.00   4.02396e-14
       6190.00   4.02206e-14
       6195.00   3.92668e-14
       6200.00   3.83369e-14
       6205.00   3.73835e-14
       6210.00   3.61129e-14
       6215.00   3.65776e-14
       6220.00   3.80734e-14
       6225.00   3.95271e-14
       6230.00   3.89562e-14
       6235.00   3.74321e-14
       6240.00   3.67550e-14
       6245.00   3.62300e-14
       6250.00   3.60164e-14
       6255.00   3.69906e-14
       6260.00   3.79764e-14
       6265.00   3.88800e-14
       6270.00   3.93489e-14
       6275.00   3.93664e-14
       6280.00   3.91427e-14
       6285.00   3.88388e-14
       6290.00   3.90855e-14
       6295.00   3.95242e-14
       6300.00   3.94437e-14
       6305.00   3.90748e-14
       6310.00   3.87869e-14
       6315.00   4.00561e-14
       6320.00   3.99348e-14
       6325.00   3.90203e-14
       6330.00   3.85512e-14
       6335.00   3.78253e-14
       6340.00   3.70202e-14
       6345.00   3.74171e-14
       6350.00   3.74472e-14
       6355.00   3.71995e-14
       6360.00   3.73875e-14
       6365.00   3.71704e-14
       6370.00   3.65670e-14
       6375.00   3.57890e-14
       6380.00   3.54489e-14
       6385.00   3.56243e-14
       6390.00   3.74542e-14
       6395.00   3.87833e-14
       6400.00   3.91896e-14
       6405.00   3.77791e-14
       6410.00   3.65315e-14
       6415.00   3.61375e-14
       6420.00   3.60324e-14
       6425.00   3.61724e-14
       6430.00   3.67969e-14
       6435.00   3.68948e-14
       6440.00   3.68397e-14
       6445.00   3.69979e-14
       6450.00   3.68798e-14
       6455.00   3.66754e-14
       6460.00   3.71349e-14
       6465.00   3.74284e-14
       6470.00   3.75854e-14
       6475.00   3.82827e-14
       6480.00   3.87241e-14
       6485.00   3.88512e-14
       6490.00   3.82987e-14
       6495.00   3.82825e-14
       6500.00   3.94458e-14
       6505.00   4.00374e-14
       6510.00   4.03657e-14
       6515.00   4.03324e-14
       6520.00   4.03995e-14
       6525.00   4.05479e-14
       6530.00   4.09630e-14
       6535.00   4.18501e-14
       6540.00   4.31333e-14
       6545.00   4.20883e-14
       6550.00   4.22703e-14
       6555.00   4.42895e-14
       6560.00   4.27374e-14
       6565.00   4.17061e-14
       6570.00   4.38915e-14
       6575.00   4.62323e-14
       6580.00   4.77773e-14
       6585.00   4.31443e-14
       6590.00   4.04597e-14
       6595.00   3.93935e-14
       6600.00   3.94208e-14
       6605.00   3.95202e-14
       6610.00   3.96758e-14
       6615.00   3.95582e-14
       6620.00   3.92994e-14
       6625.00   3.87759e-14
       6630.00   3.85099e-14
       6635.00   3.84065e-14
       6640.00   3.86004e-14
       6645.00   3.85771e-14
       6650.00   3.82961e-14
       6655.00   3.81413e-14
       6660.00   3.80091e-14
       6665.00   3.78843e-14
       6670.00   3.79320e-14
       6675.00   3.80520e-14
       6680.00   3.80484e-14
       6685.00   3.80109e-14
       6690.00   3.79365e-14
       6695.00   3.81784e-14
       6700.00   3.86396e-14
       6705.00   3.95666e-14
       6710.00   3.98074e-14
       6715.00   3.97392e-14
       6720.00   4.01448e-14
       6725.00   3.99402e-14
       6730.00   3.89950e-14
       6735.00   3.81380e-14
       6740.00   3.75253e-14
       6745.00   3.76821e-14
       6750.00   3.78682e-14
       6755.00   3.80728e-14
       6760.00   3.79777e-14
       6765.00   3.80134e-14
       6770.00   3.82669e-14
       6775.00   3.81075e-14
       6780.00   3.78699e-14
       6785.00   3.79817e-14
       6790.00   3.80989e-14
       6795.00   3.82213e-14
       6800.00   3.83509e-14
       6805.00   3.84499e-14
       6810.00   3.84568e-14
       6815.00   3.85870e-14
       6820.00   3.87912e-14
       6825.00   3.82239e-14
       6830.00   3.79055e-14
       6835.00   3.80460e-14
       6840.00   3.80703e-14
       6845.00   3.80524e-14
       6850.00   3.80626e-14
       6855.00   3.82886e-14
       6860.00   3.87863e-14
       6865.00   3.84900e-14
       6870.00   3.81189e-14
       6875.00   3.84154e-14
       6880.00   3.86550e-14
       6885.00   3.88402e-14
       6890.00   3.89497e-14
       6895.00   3.90395e-14
       6900.00   3.91009e-14
       6905.00   3.89707e-14
       6910.00   3.86898e-14
       6915.00   3.86717e-14
       6920.00   3.86747e-14
       6925.00   3.86590e-14
       6930.00   3.87624e-14
       6935.00   3.89479e-14
       6940.00   3.91236e-14
       6945.00   3.92363e-14
       6950.00   3.91807e-14
       6955.00   3.91926e-14
       6960.00   3.92482e-14
       6965.00   3.90663e-14
       6970.00   3.89513e-14
       6975.00   3.90563e-14
       6980.00   3.92254e-14
       6985.00   3.94368e-14
       6990.00   3.92803e-14
       6995.00   3.91402e-14
       7000.00   3.91277e-14
       7005.00   3.90876e-14
       7010.00   3.90278e-14
       7015.00   3.90234e-14
       7020.00   3.90566e-14
       7025.00   3.92003e-14
       7030.00   3.94562e-14
       7035.00   3.98072e-14
       7040.00   3.98162e-14
       7045.00   3.96091e-14
       7050.00   3.86291e-14
       7055.00   3.79427e-14
       7060.00   3.75710e-14
       7065.00   3.74825e-14
       7070.00   3.74443e-14
       7075.00   3.71863e-14
       7080.00   3.68025e-14
       7085.00   3.62346e-14
       7090.00   3.59421e-14
       7095.00   3.57643e-14
       7100.00   3.57147e-14
       7105.00   3.56479e-14
       7110.00   3.55432e-14
       7115.00   3.53101e-14
       7120.00   3.49946e-14
       7125.00   3.50017e-14
       7130.00   3.50486e-14
       7135.00   3.51182e-14
       7140.00   3.51954e-14
       7145.00   3.52807e-14
       7150.00   3.54079e-14
       7155.00   3.55582e-14
       7160.00   3.58647e-14
       7165.00   3.61131e-14
       7170.00   3.62548e-14
       7175.00   3.59550e-14
       7180.00   3.54032e-14
       7185.00   3.52550e-14
       7190.00   3.51924e-14
       7195.00   3.53296e-14
       7200.00   3.55570e-14
       7205.00   3.58844e-14
       7210.00   3.60673e-14
       7215.00   3.62060e-14
       7220.00   3.65345e-14
       7225.00   3.68414e-14
       7230.00   3.70965e-14
       7235.00   3.71073e-14
       7240.00   3.69279e-14
       7245.00   3.68736e-14
       7250.00   3.69092e-14
       7255.00   3.75600e-14
       7260.00   3.78088e-14
       7265.00   3.73330e-14
       7270.00   3.70531e-14
       7275.00   3.68947e-14
       7280.00   3.69023e-14
       7285.00   3.69314e-14
       7290.00   3.69480e-14
       7295.00   3.71071e-14
       7300.00   3.74919e-14
       7305.00   3.77834e-14
       7310.00   3.80218e-14
       7315.00   3.80483e-14
       7320.00   3.80778e-14
       7325.00   3.82915e-14
       7330.00   3.85016e-14
       7335.00   3.87061e-14
       7340.00   3.85017e-14
       7345.00   3.80541e-14
       7350.00   3.81431e-14
       7355.00   3.83424e-14
       7360.00   3.87823e-14
       7365.00   3.92134e-14
       7370.00   3.96283e-14
       7375.00   3.95003e-14
       7380.00   3.89820e-14
       7385.00   3.89898e-14
       7390.00   3.91103e-14
       7395.00   3.90923e-14
       7400.00   3.90090e-14
       7405.00   3.87543e-14
       7410.00   3.86262e-14
       7415.00   3.86235e-14
       7420.00   3.89221e-14
       7425.00   3.93333e-14
       7430.00   3.93910e-14
       7435.00   3.94050e-14
       7440.00   3.92970e-14
       7445.00   3.92590e-14
       7450.00   3.93307e-14
       7455.00   3.93862e-14
       7460.00   3.94310e-14
       7465.00   3.93628e-14
       7470.00   3.92823e-14
       7475.00   3.95783e-14
       7480.00   3.97522e-14
       7485.00   3.95437e-14
       7490.00   3.94950e-14
       7495.00   3.96416e-14
       7500.00   3.99329e-14
       7505.00   4.02999e-14
       7510.00   4.03912e-14
       7515.00   4.04249e-14
       7520.00   4.02688e-14
       7525.00   4.02512e-14
       7530.00   4.06301e-14
       7535.00   4.08393e-14
       7540.00   4.08468e-14
       7545.00   4.08916e-14
       7550.00   4.09562e-14
       7555.00   4.11043e-14
       7560.00   4.12615e-14
       7565.00   4.12430e-14
       7570.00   4.10017e-14
       7575.00   3.99817e-14
       7580.00   3.92705e-14
       7585.00   3.90051e-14
       7590.00   3.89000e-14
       7595.00   3.89050e-14
       7600.00   3.85784e-14
       7605.00   3.81558e-14
       7610.00   3.81337e-14
       7615.00   3.81818e-14
       7620.00   3.85648e-14
       7625.00   3.88231e-14
       7630.00   3.88013e-14
       7635.00   3.85806e-14
       7640.00   3.81454e-14
       7645.00   3.76193e-14
       7650.00   3.70448e-14
       7655.00   3.66519e-14
       7660.00   3.62991e-14
       7665.00   3.67598e-14
       7670.00   3.71894e-14
       7675.00   3.73866e-14
       7680.00   3.74753e-14
       7685.00   3.73264e-14
       7690.00   3.72230e-14
       7695.00   3.71702e-14
       7700.00   3.70894e-14
       7705.00   3.69923e-14
       7710.00   3.69304e-14
       7715.00   3.68782e-14
       7720.00   3.73926e-14
       7725.00   3.78921e-14
       7730.00   3.78853e-14
       7735.00   3.77863e-14
       7740.00   3.73957e-14
       7745.00   3.72742e-14
       7750.00   3.75779e-14
       7755.00   3.78371e-14
       7760.00   3.80568e-14
       7765.00   3.80396e-14
       7770.00   3.79078e-14
       7775.00   3.77809e-14
       7780.00   3.76553e-14
       7785.00   3.75995e-14
       7790.00   3.75568e-14
       7795.00   3.76138e-14
       7800.00   3.77696e-14
       7805.00   3.82766e-14
       7810.00   3.86289e-14
       7815.00   3.86953e-14
       7820.00   3.85551e-14
       7825.00   3.81910e-14
       7830.00   3.79033e-14
       7835.00   3.76651e-14
       7840.00   3.77021e-14
       7845.00   3.78405e-14
       7850.00   3.78924e-14
       7855.00   3.79294e-14
       7860.00   3.78097e-14
       7865.00   3.76777e-14
       7870.00   3.74653e-14
       7875.00   3.73338e-14
       7880.00   3.75145e-14
       7885.00   3.75371e-14
       7890.00   3.72226e-14
       7895.00   3.69463e-14
       7900.00   3.67205e-14
       7905.00   3.64902e-14
       7910.00   3.62561e-14
       7915.00   3.60916e-14
       7920.00   3.59656e-14
       7925.00   3.57518e-14
       7930.00   3.55089e-14
       7935.00   3.53821e-14
       7940.00   3.52757e-14
       7945.00   3.59202e-14
       7950.00   3.65855e-14
       7955.00   3.68968e-14
       7960.00   3.71492e-14
       7965.00   3.70458e-14
       7970.00   3.70490e-14
       7975.00   3.74001e-14
       7980.00   3.76705e-14
       7985.00   3.77735e-14
       7990.00   3.76927e-14
       7995.00   3.73510e-14
       8000.00   3.72665e-14
       8005.00   3.74406e-14
       8010.00   3.76465e-14
       8015.00   3.78752e-14
       8020.00   3.78718e-14
       8025.00   3.77510e-14
       8030.00   3.77995e-14
       8035.00   3.79067e-14
       8040.00   3.79635e-14
       8045.00   3.80091e-14
       8050.00   3.80688e-14
       8055.00   3.81300e-14
       8060.00   3.80843e-14
       8065.00   3.80368e-14
       8070.00   3.80465e-14
       8075.00   3.80206e-14
       8080.00   3.76831e-14
       8085.00   3.73988e-14
       8090.00   3.73787e-14
       8095.00   3.73700e-14
       8100.00   3.73997e-14
       8105.00   3.75233e-14
       8110.00   3.78759e-14
       8115.00   3.82543e-14
       8120.00   3.86812e-14
       8125.00   3.89422e-14
       8130.00   3.89591e-14
       8135.00   3.90031e-14
       8140.00   3.90791e-14
       8145.00   3.93197e-14
       8150.00   3.97187e-14
       8155.00   3.99745e-14
       8160.00   4.01171e-14
       8165.00   4.01319e-14
       8170.00   4.00629e-14
       8175.00   3.97361e-14
       8180.00   3.92697e-14
       8185.00   3.89290e-14
       8190.00   3.86448e-14
       8195.00   3.81574e-14
       8200.00   3.75951e-14
       8205.00   3.78284e-14
       8210.00   3.83028e-14
       8215.00   3.88219e-14
       8220.00   3.93515e-14
       8225.00   3.97005e-14
       8230.00   4.00129e-14
       8235.00   3.96483e-14
       8240.00   3.91768e-14
       8245.00   3.90599e-14
       8250.00   3.89866e-14
       8255.00   3.92448e-14
       8260.00   3.95334e-14
       8265.00   3.78869e-14
       8270.00   3.61160e-14
       8275.00   3.56445e-14
       8280.00   3.52284e-14
       8285.00   3.50862e-14
       8290.00   3.49504e-14
       8295.00   3.46061e-14
       8300.00   3.42642e-14
       8305.00   3.44710e-14
       8310.00   3.46739e-14
       8315.00   3.46780e-14
       8320.00   3.46768e-14
       8325.00   3.44827e-14
       8330.00   3.43016e-14
       8335.00   3.45024e-14
       8340.00   3.47078e-14
       8345.00   3.50401e-14
       8350.00   3.53565e-14
       8355.00   3.52788e-14
       8360.00   3.51998e-14
       8365.00   3.50861e-14
       8370.00   3.49713e-14
       8375.00   3.48200e-14
       8380.00   3.46777e-14
       8385.00   3.48409e-14
       8390.00   3.50065e-14
       8395.00   3.53024e-14
       8400.00   3.55952e-14
       8405.00   3.56146e-14
       8410.00   3.56340e-14
       8415.00   3.54199e-14
       8420.00   3.52054e-14
       8425.00   3.49875e-14
       8430.00   3.47698e-14
       8435.00   3.43618e-14
       8440.00   3.39470e-14
       8445.00   3.41894e-14
       8450.00   3.44708e-14
       8455.00   3.44230e-14
       8460.00   3.43471e-14
       8465.00   3.44175e-14
       8470.00   3.45048e-14
       8475.00   3.45313e-14
       8480.00   3.45485e-14
       8485.00   3.40935e-14
       8490.00   3.35476e-14
       8495.00   3.31969e-14
       8500.00   3.28935e-14
       8505.00   3.31297e-14
       8510.00   3.35257e-14
       8515.00   3.35785e-14
       8520.00   3.35064e-14
       8525.00   3.30413e-14
       8530.00   3.24033e-14
       8535.00   3.15140e-14
       8540.00   3.04914e-14
       8545.00   3.08440e-14
       8550.00   3.20822e-14
       8555.00   3.32486e-14
       8560.00   3.43583e-14
       8565.00   3.50164e-14
       8570.00   3.52428e-14
       8575.00   3.54029e-14
       8580.00   3.54848e-14
       8585.00   3.54569e-14
       8590.00   3.52680e-14
       8595.00   3.51679e-14
       8600.00   3.52340e-14
       8605.00   3.53620e-14
       8610.00   3.56427e-14
       8615.00   3.59207e-14
       8620.00   3.61899e-14
       8625.00   3.64127e-14
       8630.00   3.63989e-14
       8635.00   3.63508e-14
       8640.00   3.59841e-14
       8645.00   3.55869e-14
       8650.00   3.40772e-14
       8655.00   3.25693e-14
       8660.00   3.23124e-14
       8665.00   3.21141e-14
       8670.00   3.29752e-14
       8675.00   3.39774e-14
       8680.00   3.46169e-14
       8685.00   3.51683e-14
       8690.00   3.56216e-14
       8695.00   3.60376e-14
       8700.00   3.62461e-14
       8705.00   3.63402e-14
       8710.00   3.64959e-14
       8715.00   3.66999e-14
       8720.00   3.67190e-14
       8725.00   3.65325e-14
       8730.00   3.64119e-14
       8735.00   3.63967e-14
       8740.00   3.63561e-14
       8745.00   3.62539e-14
       8750.00   3.62191e-14
       8755.00   3.64560e-14
       8760.00   3.66695e-14
       8765.00   3.66800e-14
       8770.00   3.66911e-14
       8775.00   3.70296e-14
       8780.00   3.73678e-14
       8785.00   3.73020e-14
       8790.00   3.71919e-14
       8795.00   3.68503e-14
       8800.00   3.64501e-14
       8805.00   3.64924e-14
       8810.00   3.67326e-14
       8815.00   3.69476e-14
       8820.00   3.71444e-14
       8825.00   3.73454e-14
       8830.00   3.75513e-14
       8835.00   3.76504e-14
       8840.00   3.75558e-14
       8845.00   3.73745e-14
       8850.00   3.69162e-14
       8855.00   3.64532e-14
       8860.00   3.59515e-14
       8865.00   3.54504e-14
       8870.00   3.52657e-14
       8875.00   3.50822e-14
       8880.00   3.54385e-14
       8885.00   3.58730e-14
       8890.00   3.62238e-14
       8895.00   3.65459e-14
       8900.00   3.65756e-14
       8905.00   3.64241e-14
       8910.00   3.63577e-14
       8915.00   3.63817e-14
       8920.00   3.64369e-14
       8925.00   3.65495e-14
       8930.00   3.66477e-14
       8935.00   3.66928e-14
       8940.00   3.67402e-14
       8945.00   3.68185e-14
       8950.00   3.68967e-14
       8955.00   3.71529e-14
       8960.00   3.74219e-14
       8965.00   3.72474e-14
       8970.00   3.69525e-14
       8975.00   3.69141e-14
       8980.00   3.70205e-14
       8985.00   3.69636e-14
       8990.00   3.67363e-14
       8995.00   3.66175e-14
       9000.00   3.67119e-14
       9005.00   3.66723e-14
       9010.00   3.60237e-14
       9015.00   3.53928e-14
       9020.00   3.55035e-14
       9025.00   3.56140e-14
       9030.00   3.63355e-14
       9035.00   3.71535e-14
       9040.00   3.76512e-14
       9045.00   3.80114e-14
       9050.00   3.81426e-14
       9055.00   3.80738e-14
       9060.00   3.81619e-14
       9065.00   3.85216e-14
       9070.00   3.86954e-14
       9075.00   3.81056e-14
       9080.00   3.75175e-14
       9085.00   3.69705e-14
       9090.00   3.64241e-14
       9095.00   3.67961e-14
       9100.00   3.73347e-14
       9105.00   3.72813e-14
       9110.00   3.69336e-14
       9115.00   3.69235e-14
       9120.00   3.72687e-14
       9125.00   3.74316e-14
       9130.00   3.71770e-14
       9135.00   3.69418e-14
       9140.00   3.68520e-14
       9145.00   3.67623e-14
       9150.00   3.64750e-14
       9155.00   3.61726e-14
       9160.00   3.58812e-14
       9165.00   3.55941e-14
       9170.00   3.54347e-14
       9175.00   3.53832e-14
       9180.00   3.54314e-14
       9185.00   3.56683e-14
       9190.00   3.58265e-14
       9195.00   3.55240e-14
       9200.00   3.52219e-14
       9205.00   3.44963e-14
       9210.00   3.37463e-14
       9215.00   3.35963e-14
       9220.00   3.36577e-14
       9225.00   3.36564e-14
       9230.00   3.35999e-14
       9235.00   3.35415e-14
       9240.00   3.34791e-14
       9245.00   3.34325e-14
       9250.00   3.35166e-14
       9255.00   3.36007e-14
       9260.00   3.42261e-14
       9265.00   3.49157e-14
       9270.00   3.52013e-14
       9275.00   3.52927e-14
       9280.00   3.51452e-14
       9285.00   3.47119e-14
       9290.00   3.45348e-14
       9295.00   3.52093e-14
       9300.00   3.58805e-14
       9305.00   3.60820e-14
       9310.00   3.62833e-14
       9315.00   3.59664e-14
       9320.00   3.55009e-14
       9325.00   3.54204e-14
       9330.00   3.56596e-14
       9335.00   3.56409e-14
       9340.00   3.50521e-14
       9345.00   3.44852e-14
       9350.00   3.41808e-14
       9355.00   3.38768e-14
       9360.00   3.39452e-14
       9365.00   3.40867e-14
       9370.00   3.42025e-14
       9375.00   3.43009e-14
       9380.00   3.42449e-14
       9385.00   3.39007e-14
       9390.00   3.36027e-14
       9395.00   3.37110e-14
       9400.00   3.38191e-14
       9405.00   3.32940e-14
       9410.00   3.26591e-14
       9415.00   3.28194e-14
       9420.00   3.35105e-14
       9425.00   3.38260e-14
       9430.00   3.34232e-14
       9435.00   3.30705e-14
       9440.00   3.32536e-14
       9445.00   3.34364e-14
       9450.00   3.35290e-14
       9455.00   3.36023e-14
       9460.00   3.37953e-14
       9465.00   3.40815e-14
       9470.00   3.43572e-14
       9475.00   3.46080e-14
       9480.00   3.48459e-14
       9485.00   3.45997e-14
       9490.00   3.43538e-14
       9495.00   3.43678e-14
       9500.00   3.44666e-14
       9505.00   3.46508e-14
       9510.00   3.49279e-14
       9515.00   3.52197e-14
       9520.00   3.55706e-14
       9525.00   3.59211e-14
       9530.00   3.56728e-14
       9535.00   3.53735e-14
       9540.00   3.49400e-14
       9545.00   3.44310e-14
       9550.00   3.42041e-14
       9555.00   3.44925e-14
       9560.00   3.47464e-14
       9565.00   3.45160e-14
       9570.00   3.42859e-14
       9575.00   3.44424e-14
       9580.00   3.47114e-14
       9585.00   3.47824e-14
       9590.00   3.46399e-14
       9595.00   3.46478e-14
       9600.00   3.53179e-14
       9605.00   3.59874e-14
       9610.00   3.54141e-14
       9615.00   3.46814e-14
       9620.00   3.46377e-14
       9625.00   3.50832e-14
       9630.00   3.53186e-14
       9635.00   3.50119e-14
       9640.00   3.47055e-14
       9645.00   3.47597e-14
       9650.00   3.48242e-14
       9655.00   3.48655e-14
       9660.00   3.48949e-14
       9665.00   3.49425e-14
       9670.00   3.50239e-14
       9675.00   3.50977e-14
       9680.00   3.49516e-14
       9685.00   3.48057e-14
       9690.00   3.48248e-14
       9695.00   3.49096e-14
       9700.00   3.49845e-14
       9705.00   3.50441e-14
       9710.00   3.50887e-14
       9715.00   3.49346e-14
       9720.00   3.47807e-14
       9725.00   3.45216e-14
       9730.00   3.42264e-14
       9735.00   3.41314e-14
       9740.00   3.43204e-14
       9745.00   3.44786e-14
       9750.00   3.42895e-14
       9755.00   3.41005e-14
       9760.00   3.41712e-14
       9765.00   3.43300e-14
       9770.00   3.45266e-14
       9775.00   3.47782e-14
       9780.00   3.50285e-14
       9785.00   3.52638e-14
       9790.00   3.54989e-14
       9795.00   3.53513e-14
       9800.00   3.50578e-14
       9805.00   3.49811e-14
       9810.00   3.52627e-14
       9815.00   3.55299e-14
       9820.00   3.53000e-14
       9825.00   3.50703e-14
       9830.00   3.49626e-14
       9835.00   3.49135e-14
       9840.00   3.49488e-14
       9845.00   3.51628e-14
       9850.00   3.53766e-14
       9855.00   3.54258e-14
       9860.00   3.54686e-14
       9865.00   3.52487e-14
       9870.00   3.48561e-14
       9875.00   3.46238e-14
       9880.00   3.49014e-14
       9885.00   3.51788e-14
       9890.00   3.49819e-14
       9895.00   3.47162e-14
       9900.00   3.48133e-14
       9905.00   3.52667e-14
       9910.00   3.56938e-14
       9915.00   3.59510e-14
       9920.00   3.62079e-14
       9925.00   3.57187e-14
       9930.00   3.49909e-14
       9935.00   2.90211e-14
       9940.00   1.45033e-14
       9945.00       0.00000
       9950.00       0.00000
       9955.00       0.00000
       9960.00       0.00000
       9965.00       0.00000
       9970.00       0.00000
       9975.00       0.00000
       9980.00       0.00000
       9985.00       0.00000
       9990.00       0.00000
       9995.00       0.00000
