       1235.00   1.84115e-14
       1240.00   1.44759e-14
       1245.00   1.20651e-14
       1250.00   7.71414e-15
       1255.00   1.60945e-14
       1260.00   1.07346e-14
       1265.00   1.17381e-14
       1270.00   7.58519e-15
       1275.00   1.76951e-14
       1280.00   9.44541e-15
       1285.00   1.33981e-14
       1290.00   7.50596e-15
       1295.00   6.39128e-15
       1300.00   7.28019e-15
       1305.00   8.00866e-15
       1310.00   4.52644e-15
       1315.00   7.12824e-15
       1320.00   3.60138e-15
       1325.00   6.57896e-15
       1330.00   3.06919e-15
       1335.00   6.39614e-15
       1340.00   1.27411e-14
       1345.00   6.39698e-15
       1350.00   7.84791e-15
       1355.00   1.02328e-14
       1360.00   8.50229e-15
       1365.00   9.04137e-15
       1370.00   7.75369e-15
       1375.00   1.03518e-14
       1380.00   1.52828e-14
       1385.00   6.02037e-15
       1390.00   5.65748e-15
       1395.00   3.25637e-15
       1400.00   5.89904e-15
       1405.00   8.05155e-15
       1410.00   9.46574e-15
       1415.00   1.49472e-15
       1420.00   5.37886e-15
       1425.00   7.21081e-15
       1430.00   5.41619e-15
       1435.00   1.04251e-14
       1440.00   1.05315e-14
       1445.00   1.57327e-14
       1450.00   1.14103e-14
       1455.00   5.94158e-15
       1460.00   1.02998e-14
       1465.00   4.08918e-15
       1470.00   1.29466e-14
       1475.00   1.83563e-14
       1480.00   1.57099e-14
       1485.00   1.28493e-14
       1490.00   1.48509e-14
       1495.00   1.43097e-14
       1500.00   7.03075e-15
       1505.00   1.20408e-14
       1510.00   5.92761e-15
       1515.00   2.02415e-15
       1520.00   1.15150e-14
       1525.00   1.27426e-14
       1530.00   9.29437e-15
       1535.00   1.14408e-14
       1540.00   9.67448e-15
       1545.00   9.46378e-15
       1550.00   7.99669e-15
       1555.00   8.28666e-15
       1560.00   2.10866e-15
       1565.00   7.84958e-15
       1570.00   1.19525e-14
       1575.00   6.23511e-15
       1580.00   8.64903e-15
       1585.00   1.18605e-14
       1590.00   4.99150e-15
       1595.00   3.26333e-15
       1600.00   1.29239e-14
       1605.00   6.43215e-15
       1610.00   5.21604e-15
       1615.00   1.02313e-14
       1620.00   2.15915e-15
       1625.00   2.87566e-15
       1630.00   6.98633e-15
       1635.00   2.07143e-15
       1640.00   4.06821e-15
       1645.00   2.72692e-15
       1650.00   3.89226e-15
       1655.00   7.24040e-15
       1660.00   1.09743e-14
       1665.00   1.01851e-14
       1670.00   6.14833e-15
       1675.00   2.17373e-15
       1680.00   7.49833e-15
       1685.00   2.61980e-15
       1690.00   5.72279e-15
       1695.00   8.99987e-15
       1700.00   6.26341e-15
       1705.00   6.32360e-15
       1710.00   5.72100e-15
       1715.00   7.06515e-15
       1720.00   1.32549e-14
       1725.00   1.10493e-14
       1730.00   1.05474e-14
       1735.00   9.68394e-15
       1740.00   1.05506e-14
       1745.00   8.47363e-15
       1750.00   1.01527e-14
       1755.00   9.58561e-15
       1760.00   7.15574e-15
       1765.00   5.62685e-15
       1770.00   5.50657e-15
       1775.00   6.10987e-15
       1780.00   9.40587e-15
       1785.00   4.96600e-15
       1790.00   2.83843e-15
       1795.00   6.22377e-15
       1800.00   6.02871e-15
       1805.00   8.24538e-15
       1810.00   7.14958e-15
       1815.00   6.71453e-15
       1820.00   7.35382e-15
       1825.00   7.91913e-15
       1830.00   9.53235e-15
       1835.00   7.18596e-15
       1840.00   5.79443e-15
       1845.00   7.07693e-15
       1850.00   5.78000e-15
       1855.00   3.47035e-15
       1860.00   9.23136e-15
       1865.00   7.70818e-15
       1870.00   9.56516e-15
       1875.00   8.70633e-15
       1880.00   7.23587e-15
       1885.00   7.84731e-15
       1890.00   8.88736e-15
       1895.00   6.67593e-15
       1900.00   6.29152e-15
       1905.00   7.14220e-15
       1910.00   6.45675e-15
       1915.00   5.30689e-15
       1920.00   4.13052e-15
       1925.00   3.26657e-15
       1930.00   5.22543e-15
       1935.00   8.81477e-15
       1940.00   1.09772e-14
       1945.00   9.46952e-15
       1950.00   6.42989e-15
       1955.00   5.14225e-15
       1960.00   6.30152e-15
       1965.00   3.91976e-15
       1970.00   4.48018e-15
       1975.00   3.78601e-15
       1980.00   2.33662e-15
       1985.00   2.73398e-15
       1990.00   7.80317e-15
       1995.00   8.66225e-15
       2000.00   2.97104e-15
       2005.00   4.46091e-15
       2010.00   1.01253e-14
       2015.00   7.44347e-15
       2020.00   6.44797e-15
       2025.00   1.44464e-15
       2030.00   9.42796e-15
       2035.00   7.09554e-15
       2040.00   2.03014e-14
       2045.00   5.13856e-15
       2050.00   9.00879e-15
       2055.00   7.97003e-15
       2060.00   1.21024e-14
       2065.00   8.18008e-15
       2070.00   1.27272e-14
       2075.00   1.69177e-14
       2080.00   7.76329e-15
       2085.00   6.28599e-15
       2090.00   5.13374e-15
       2095.00   7.27573e-15
       2100.00   6.82476e-15
       2105.00   1.36272e-14
       2110.00   4.37123e-15
       2115.00   7.65656e-15
       2120.00   3.95591e-15
       2125.00   6.29037e-15
       2130.00   5.47987e-15
       2135.00   5.01836e-15
       2140.00   1.91093e-14
       2145.00   5.58939e-15
       2150.00   9.16802e-15
       2155.00   9.89877e-15
       2160.00   9.51280e-15
       2165.00   2.43406e-15
       2170.00   4.42185e-15
       2175.00   9.58427e-15
       2180.00   5.94402e-15
       2185.00   6.15754e-15
       2190.00   4.81644e-15
       2195.00   7.89358e-15
       2200.00   8.80937e-15
       2205.00   1.31490e-15
       2210.00   4.44649e-15
       2215.00   1.54997e-15
       2220.00   7.95032e-15
       2225.00   5.18375e-15
       2230.00   6.87171e-15
       2235.00   9.75316e-15
       2240.00   1.20547e-14
       2245.00   9.11106e-15
       2250.00   1.26691e-14
       2255.00   8.89949e-15
       2260.00   5.23587e-15
       2265.00   7.79870e-15
       2270.00   1.05830e-14
       2275.00   1.03689e-14
       2280.00   1.05754e-15
       2285.00   5.64682e-15
       2290.00   6.34556e-15
       2295.00   5.58302e-15
       2300.00   3.35557e-15
       2305.00   6.35648e-15
       2310.00   8.00316e-15
       2315.00   5.89718e-15
       2320.00   4.99793e-15
       2325.00   3.69298e-15
       2330.00   8.87972e-15
       2335.00   5.21033e-15
       2340.00   3.66242e-15
       2345.00   7.64742e-15
       2350.00   2.58041e-15
       2355.00   6.21123e-15
       2360.00   7.44516e-15
       2365.00   7.21949e-15
       2370.00   7.35616e-15
       2375.00   7.66514e-15
       2380.00   2.66966e-15
       2385.00   4.59384e-15
       2390.00   7.44845e-15
       2395.00   8.47006e-15
       2400.00   8.54792e-15
       2405.00   7.28548e-15
       2410.00   5.47081e-15
       2415.00   3.40251e-15
       2420.00   4.93916e-15
       2425.00   7.13043e-15
       2430.00   6.57709e-15
       2435.00   5.91612e-15
       2440.00   6.87150e-15
       2445.00   5.50908e-15
       2450.00   6.50719e-15
       2455.00   7.22991e-15
       2460.00   5.03604e-15
       2465.00   6.07487e-15
       2470.00   6.54101e-15
       2475.00   6.93543e-15
       2480.00   6.93186e-15
       2485.00   6.82045e-15
       2490.00   5.28264e-15
       2495.00   5.21946e-15
       2500.00   6.07216e-15
       2505.00   2.09287e-15
       2510.00   5.68638e-15
       2515.00   5.10837e-15
       2520.00   4.20587e-15
       2525.00   4.65816e-15
       2530.00   5.48771e-15
       2535.00   6.36027e-15
       2540.00   5.63301e-15
       2545.00   5.83729e-15
       2550.00   4.06596e-15
       2555.00   4.88520e-15
       2560.00   5.87940e-15
       2565.00   5.48225e-15
       2570.00   5.91738e-15
       2575.00   5.75278e-15
       2580.00   5.14515e-15
       2585.00   5.95932e-15
       2590.00   6.24736e-15
       2595.00   5.55896e-15
       2600.00   5.74408e-15
       2605.00   6.69153e-15
       2610.00   5.63634e-15
       2615.00   5.96654e-15
       2620.00   7.04437e-15
       2625.00   7.07482e-15
       2630.00   6.53962e-15
       2635.00   7.07853e-15
       2640.00   7.10089e-15
       2645.00   8.01129e-15
       2650.00   7.85537e-15
       2655.00   8.39889e-15
       2660.00   7.88088e-15
       2665.00   7.23486e-15
       2670.00   8.68106e-15
       2675.00   7.54913e-15
       2680.00   6.90364e-15
       2685.00   8.68846e-15
       2690.00   8.84851e-15
       2695.00   7.51840e-15
       2700.00   7.13135e-15
       2705.00   7.56208e-15
       2710.00   8.16607e-15
       2715.00   8.68563e-15
       2720.00   7.68330e-15
       2725.00   7.59447e-15
       2730.00   7.73192e-15
       2735.00   7.06944e-15
       2740.00   6.51509e-15
       2745.00   7.00888e-15
       2750.00   7.22718e-15
       2755.00   6.79029e-15
       2760.00   6.83152e-15
       2765.00   6.56610e-15
       2770.00   7.13812e-15
       2775.00   6.41393e-15
       2780.00   6.02286e-15
       2785.00   5.39099e-15
       2790.00   5.09462e-15
       2795.00   3.84773e-15
       2800.00   4.96295e-15
       2805.00   5.24863e-15
       2810.00   6.18588e-15
       2815.00   6.91954e-15
       2820.00   8.09953e-15
       2825.00   8.58623e-15
       2830.00   8.82667e-15
       2835.00   9.82332e-15
       2840.00   9.28054e-15
       2845.00   8.08589e-15
       2850.00   8.86683e-15
       2855.00   8.32914e-15
       2860.00   8.54900e-15
       2865.00   9.64498e-15
       2870.00   1.04432e-14
       2875.00   1.02783e-14
       2880.00   1.02451e-14
       2885.00   9.63869e-15
       2890.00   1.03189e-14
       2895.00   1.18190e-14
       2900.00   1.23773e-14
       2905.00   1.14415e-14
       2910.00   1.16758e-14
       2915.00   1.18507e-14
       2920.00   1.08749e-14
       2925.00   1.00615e-14
       2930.00   1.02631e-14
       2935.00   1.11710e-14
       2940.00   1.09501e-14
       2945.00   1.07745e-14
       2950.00   1.08302e-14
       2955.00   1.14952e-14
       2960.00   1.22043e-14
       2965.00   1.27329e-14
       2970.00   1.23737e-14
       2975.00   1.21781e-14
       2980.00   1.30572e-14
       2985.00   1.28081e-14
       2990.00   1.17632e-14
       2995.00   1.13772e-14
       3000.00   1.09262e-14
       3005.00   1.11692e-14
       3010.00   1.08334e-14
       3015.00   1.07982e-14
       3020.00   1.13625e-14
       3025.00   1.30282e-14
       3030.00   1.33699e-14
       3035.00   1.42913e-14
       3040.00   1.47146e-14
       3045.00   1.46394e-14
       3050.00   1.40394e-14
       3055.00   1.27081e-14
       3060.00   1.29020e-14
       3065.00   1.36558e-14
       3070.00   1.18802e-14
       3075.00   1.15857e-14
       3080.00   1.34841e-14
       3085.00   1.23906e-14
       3090.00   1.32718e-14
       3095.00   1.52394e-14
       3100.00   1.34675e-14
       3105.00   1.39087e-14
       3110.00   1.68151e-14
       3115.00   1.51876e-14
       3120.00   1.12036e-14
       3125.00   1.42936e-14
       3130.00   1.60866e-14
       3135.00   1.70617e-14
       3140.00   2.21826e-14
       3145.00   2.12942e-14
       3150.00   2.04629e-14
       3155.00   1.66549e-14
       3160.00   1.82702e-14
       3165.00   2.25954e-14
       3170.00   1.82293e-14
       3175.00   1.51490e-14
       3180.00   1.67575e-14
       3185.00   1.50362e-14
       3190.00   1.61688e-14
       3195.00   1.90312e-14
       3200.00   1.96142e-14
       3205.00   1.15067e-14
       3210.00   1.07105e-14
       3215.00   1.52526e-14
       3220.00   1.61945e-14
       3225.00   1.44986e-14
       3230.00   1.27323e-14
       3235.00   1.06966e-14
       3240.00   1.21029e-14
       3245.00   1.27498e-14
       3250.00   1.59515e-14
       3255.00   1.54434e-14
       3260.00   1.40324e-14
       3265.00   9.40304e-15
       3270.00   1.14118e-14
       3275.00   1.31354e-14
       3280.00   1.45849e-14
       3285.00   1.27903e-14
       3290.00   1.32390e-14
       3295.00   1.48616e-14
       3300.00   1.35279e-14
       3305.00   1.47926e-14
       3310.00   1.43765e-14
       3315.00   1.44428e-14
       3320.00   1.35910e-14
       3325.00   1.18337e-14
       3330.00   1.28843e-14
       3335.00   1.31774e-14
       3340.00   1.36498e-14
       3345.00   1.39633e-14
       3350.00   1.34121e-14
       3355.00   1.33582e-14
       3360.00   1.27083e-14
       3365.00   1.29736e-14
       3370.00   1.25362e-14
       3375.00   1.33478e-14
       3380.00   1.27603e-14
       3385.00   1.45576e-14
       3390.00   1.29270e-14
       3395.00   1.29618e-14
       3400.00   1.33363e-14
       3405.00   1.17737e-14
       3410.00   1.18365e-14
       3415.00   1.23889e-14
       3420.00   1.31476e-14
       3425.00   1.34471e-14
       3430.00   1.34721e-14
       3435.00   1.24132e-14
       3440.00   1.19438e-14
       3445.00   1.24981e-14
       3450.00   1.28504e-14
       3455.00   1.31387e-14
       3460.00   1.28221e-14
       3465.00   1.30556e-14
       3470.00   1.38625e-14
       3475.00   1.35930e-14
       3480.00   1.38404e-14
       3485.00   1.22517e-14
       3490.00   1.26043e-14
       3495.00   1.31895e-14
       3500.00   1.29619e-14
       3505.00   1.51622e-14
       3510.00   1.52700e-14
       3515.00   1.42797e-14
       3520.00   1.36374e-14
       3525.00   1.24281e-14
       3530.00   1.21373e-14
       3535.00   1.29421e-14
       3540.00   1.42925e-14
       3545.00   1.41420e-14
       3550.00   1.34456e-14
       3555.00   1.30467e-14
       3560.00   1.37522e-14
       3565.00   1.30748e-14
       3570.00   1.25253e-14
       3575.00   1.19598e-14
       3580.00   1.20207e-14
       3585.00   1.06937e-14
       3590.00   1.25675e-14
       3595.00   1.39103e-14
       3600.00   1.62910e-14
       3605.00   1.51744e-14
       3610.00   1.34929e-14
       3615.00   1.29485e-14
       3620.00   1.43712e-14
       3625.00   1.49407e-14
       3630.00   1.60214e-14
       3635.00   1.62499e-14
       3640.00   1.62361e-14
       3645.00   1.43931e-14
       3650.00   1.36101e-14
       3655.00   1.51153e-14
       3660.00   1.68943e-14
       3665.00   1.73908e-14
       3670.00   1.67466e-14
       3675.00   1.58673e-14
       3680.00   1.56192e-14
       3685.00   1.54649e-14
       3690.00   1.54939e-14
       3695.00   1.58047e-14
       3700.00   1.70868e-14
       3705.00   1.54992e-14
       3710.00   1.46434e-14
       3715.00   1.54604e-14
       3720.00   1.71797e-14
       3725.00   1.75921e-14
       3730.00   2.06098e-14
       3735.00   1.70665e-14
       3740.00   1.48371e-14
       3745.00   1.36979e-14
       3750.00   1.33569e-14
       3755.00   1.39748e-14
       3760.00   1.49242e-14
       3765.00   1.43863e-14
       3770.00   1.53004e-14
       3775.00   1.67617e-14
       3780.00   1.75938e-14
       3785.00   1.74631e-14
       3790.00   1.66638e-14
       3795.00   1.51447e-14
       3800.00   1.46612e-14
       3805.00   1.59883e-14
       3810.00   1.75534e-14
       3815.00   1.73896e-14
       3820.00   1.65897e-14
       3825.00   1.47644e-14
       3830.00   1.38870e-14
       3835.00   1.21277e-14
       3840.00   1.25655e-14
       3845.00   1.45286e-14
       3850.00   1.57603e-14
       3855.00   1.63544e-14
       3860.00   1.70848e-14
       3865.00   1.72147e-14
       3870.00   1.75190e-14
       3875.00   1.62344e-14
       3880.00   1.58964e-14
       3885.00   1.45040e-14
       3890.00   1.46821e-14
       3895.00   1.59642e-14
       3900.00   1.70845e-14
       3905.00   1.81550e-14
       3910.00   1.94632e-14
       3915.00   1.99786e-14
       3920.00   1.85872e-14
       3925.00   1.61091e-14
       3930.00   1.36516e-14
       3935.00   1.21711e-14
       3940.00   1.29742e-14
       3945.00   1.63204e-14
       3950.00   1.87192e-14
       3955.00   1.94350e-14
       3960.00   1.75551e-14
       3965.00   1.47907e-14
       3970.00   1.21543e-14
       3975.00   1.47927e-14
       3980.00   1.85510e-14
       3985.00   2.08980e-14
       3990.00   2.31255e-14
       3995.00   2.46294e-14
       4000.00   2.52154e-14
       4005.00   2.48022e-14
       4010.00   2.48164e-14
       4015.00   2.59489e-14
       4020.00   2.69662e-14
       4025.00   2.74661e-14
       4030.00   2.67527e-14
       4035.00   2.57671e-14
       4040.00   2.61069e-14
       4045.00   2.61225e-14
       4050.00   2.56408e-14
       4055.00   2.57266e-14
       4060.00   2.49239e-14
       4065.00   2.54169e-14
       4070.00   2.52429e-14
       4075.00   2.50865e-14
       4080.00   2.53847e-14
       4085.00   2.69702e-14
       4090.00   2.63361e-14
       4095.00   2.44188e-14
       4100.00   2.33916e-14
       4105.00   2.25264e-14
       4110.00   2.40111e-14
       4115.00   2.48304e-14
       4120.00   2.51072e-14
       4125.00   2.58177e-14
       4130.00   2.64091e-14
       4135.00   2.69465e-14
       4140.00   2.62470e-14
       4145.00   2.52625e-14
       4150.00   2.57303e-14
       4155.00   2.49743e-14
       4160.00   2.66719e-14
       4165.00   2.69350e-14
       4170.00   2.63964e-14
       4175.00   2.56161e-14
       4180.00   2.60554e-14
       4185.00   2.66553e-14
       4190.00   2.73693e-14
       4195.00   2.75780e-14
       4200.00   2.59989e-14
       4205.00   2.63710e-14
       4210.00   2.72197e-14
       4215.00   2.78663e-14
       4220.00   2.77684e-14
       4225.00   2.69457e-14
       4230.00   2.64831e-14
       4235.00   2.69357e-14
       4240.00   2.70889e-14
       4245.00   2.75663e-14
       4250.00   2.74547e-14
       4255.00   2.61683e-14
       4260.00   2.68564e-14
       4265.00   2.87168e-14
       4270.00   2.82623e-14
       4275.00   2.67312e-14
       4280.00   2.71539e-14
       4285.00   2.71641e-14
       4290.00   2.63052e-14
       4295.00   2.56215e-14
       4300.00   2.35075e-14
       4305.00   2.21835e-14
       4310.00   2.26782e-14
       4315.00   2.51080e-14
       4320.00   2.73722e-14
       4325.00   2.79791e-14
       4330.00   2.75495e-14
       4335.00   2.70287e-14
       4340.00   2.63793e-14
       4345.00   2.64235e-14
       4350.00   2.75006e-14
       4355.00   2.85469e-14
       4360.00   2.93617e-14
       4365.00   3.01240e-14
       4370.00   2.99256e-14
       4375.00   2.87531e-14
       4380.00   2.71993e-14
       4385.00   2.50219e-14
       4390.00   2.50059e-14
       4395.00   2.66155e-14
       4400.00   2.79463e-14
       4405.00   2.77754e-14
       4410.00   2.79496e-14
       4415.00   2.90905e-14
       4420.00   2.95342e-14
       4425.00   2.97172e-14
       4430.00   2.95377e-14
       4435.00   2.94015e-14
       4440.00   2.92006e-14
       4445.00   2.94515e-14
       4450.00   2.98776e-14
       4455.00   2.96061e-14
       4460.00   2.90844e-14
       4465.00   2.92993e-14
       4470.00   3.01592e-14
       4475.00   3.16623e-14
       4480.00   3.23086e-14
       4485.00   3.32689e-14
       4490.00   3.21581e-14
       4495.00   3.09056e-14
       4500.00   3.16256e-14
       4505.00   3.40502e-14
       4510.00   3.48929e-14
       4515.00   3.44195e-14
       4520.00   3.32285e-14
       4525.00   3.14754e-14
       4530.00   3.01898e-14
       4535.00   3.01815e-14
       4540.00   3.07709e-14
       4545.00   3.25911e-14
       4550.00   3.25746e-14
       4555.00   3.14741e-14
       4560.00   3.30787e-14
       4565.00   3.31507e-14
       4570.00   3.35161e-14
       4575.00   3.37435e-14
       4580.00   3.35691e-14
       4585.00   3.35990e-14
       4590.00   3.42936e-14
       4595.00   3.50968e-14
       4600.00   3.49202e-14
       4605.00   3.43233e-14
       4610.00   3.38835e-14
       4615.00   3.49365e-14
       4620.00   3.59454e-14
       4625.00   3.59879e-14
       4630.00   3.57468e-14
       4635.00   3.50553e-14
       4640.00   3.40626e-14
       4645.00   3.35738e-14
       4650.00   3.38530e-14
       4655.00   3.47340e-14
       4660.00   3.62833e-14
       4665.00   3.49182e-14
       4670.00   3.44394e-14
       4675.00   3.40153e-14
       4680.00   3.35399e-14
       4685.00   3.32117e-14
       4690.00   3.33902e-14
       4695.00   3.39517e-14
       4700.00   3.36507e-14
       4705.00   3.34936e-14
       4710.00   3.33757e-14
       4715.00   3.42618e-14
       4720.00   3.53578e-14
       4725.00   3.53725e-14
       4730.00   3.49709e-14
       4735.00   3.50540e-14
       4740.00   3.51352e-14
       4745.00   3.45703e-14
       4750.00   3.60794e-14
       4755.00   3.47823e-14
       4760.00   3.38888e-14
       4765.00   3.36667e-14
       4770.00   3.42246e-14
       4775.00   3.49755e-14
       4780.00   3.50954e-14
       4785.00   3.49846e-14
       4790.00   3.54724e-14
       4795.00   3.57864e-14
       4800.00   3.61297e-14
       4805.00   3.61829e-14
       4810.00   3.61815e-14
       4815.00   3.63943e-14
       4820.00   3.65723e-14
       4825.00   3.58099e-14
       4830.00   3.51352e-14
       4835.00   3.49806e-14
       4840.00   3.52513e-14
       4845.00   3.53752e-14
       4850.00   3.51627e-14
       4855.00   3.44345e-14
       4860.00   3.25265e-14
       4865.00   3.28182e-14
       4870.00   3.12906e-14
       4875.00   3.11402e-14
       4880.00   3.14577e-14
       4885.00   3.15438e-14
       4890.00   3.17250e-14
       4895.00   3.29848e-14
       4900.00   3.51003e-14
       4905.00   3.58334e-14
       4910.00   3.56525e-14
       4915.00   3.55178e-14
       4920.00   3.49733e-14
       4925.00   3.34773e-14
       4930.00   3.40190e-14
       4935.00   3.37035e-14
       4940.00   3.41278e-14
       4945.00   3.49008e-14
       4950.00   3.57533e-14
       4955.00   3.59684e-14
       4960.00   3.44810e-14
       4965.00   3.40318e-14
       4970.00   3.40455e-14
       4975.00   3.39669e-14
       4980.00   3.31463e-14
       4985.00   3.23874e-14
       4990.00   3.32650e-14
       4995.00   3.37347e-14
       5000.00   3.40204e-14
       5005.00   3.41177e-14
       5010.00   3.39536e-14
       5015.00   3.34581e-14
       5020.00   3.27946e-14
       5025.00   3.32852e-14
       5030.00   3.43523e-14
       5035.00   3.42630e-14
       5040.00   3.37617e-14
       5045.00   3.36847e-14
       5050.00   3.43326e-14
       5055.00   3.40176e-14
       5060.00   3.48212e-14
       5065.00   3.56292e-14
       5070.00   3.56919e-14
       5075.00   3.46891e-14
       5080.00   3.29351e-14
       5085.00   3.40751e-14
       5090.00   3.45184e-14
       5095.00   3.46341e-14
       5100.00   3.44185e-14
       5105.00   3.40373e-14
       5110.00   3.48685e-14
       5115.00   3.52132e-14
       5120.00   3.52090e-14
       5125.00   3.43320e-14
       5130.00   3.33487e-14
       5135.00   3.45434e-14
       5140.00   3.35476e-14
       5145.00   3.37154e-14
       5150.00   3.39595e-14
       5155.00   3.37477e-14
       5160.00   3.30287e-14
       5165.00   3.28088e-14
       5170.00   2.98392e-14
       5175.00   2.91667e-14
       5180.00   3.02367e-14
       5185.00   3.11616e-14
       5190.00   3.15366e-14
       5195.00   3.30250e-14
       5200.00   3.44532e-14
       5205.00   3.49639e-14
       5210.00   3.42531e-14
       5215.00   3.35116e-14
       5220.00   3.42807e-14
       5225.00   3.37042e-14
       5230.00   3.35555e-14
       5235.00   3.50724e-14
       5240.00   3.57258e-14
       5245.00   3.61633e-14
       5250.00   3.56267e-14
       5255.00   3.49949e-14
       5260.00   3.48251e-14
       5265.00   3.28953e-14
       5270.00   3.12514e-14
       5275.00   3.24804e-14
       5280.00   3.48930e-14
       5285.00   3.59665e-14
       5290.00   3.71229e-14
       5295.00   3.69400e-14
       5300.00   3.66291e-14
       5305.00   3.68175e-14
       5310.00   3.79156e-14
       5315.00   3.70996e-14
       5320.00   3.68595e-14
       5325.00   3.62869e-14
       5330.00   3.53041e-14
       5335.00   3.55362e-14
       5340.00   3.55912e-14
       5345.00   3.57950e-14
       5350.00   3.64278e-14
       5355.00   3.76316e-14
       5360.00   3.78676e-14
       5365.00   3.72262e-14
       5370.00   3.64891e-14
       5375.00   3.60419e-14
       5380.00   3.60812e-14
       5385.00   3.74904e-14
       5390.00   3.72498e-14
       5395.00   3.64639e-14
       5400.00   3.66728e-14
       5405.00   3.67564e-14
       5410.00   3.69795e-14
       5415.00   3.70575e-14
       5420.00   3.69613e-14
       5425.00   3.71615e-14
       5430.00   3.73059e-14
       5435.00   3.68518e-14
       5440.00   3.66087e-14
       5445.00   3.83195e-14
       5450.00   3.80711e-14
       5455.00   3.77571e-14
       5460.00   3.74598e-14
       5465.00   3.71633e-14
       5470.00   3.68868e-14
       5475.00   3.67053e-14
       5480.00   3.62795e-14
       5485.00   3.55692e-14
       5490.00   3.58758e-14
       5495.00   3.69664e-14
       5500.00   3.74646e-14
       5505.00   3.70451e-14
       5510.00   3.65633e-14
       5515.00   3.65977e-14
       5520.00   3.67438e-14
       5525.00   3.66253e-14
       5530.00   3.53500e-14
       5535.00   3.60350e-14
       5540.00   3.72757e-14
       5545.00   3.82812e-14
       5550.00   3.76441e-14
       5555.00   3.70699e-14
       5560.00   3.66249e-14
       5565.00   3.65980e-14
       5570.00   3.76795e-14
       5575.00   3.75582e-14
       5580.00   3.68052e-14
       5585.00   3.58487e-14
       5590.00   3.55391e-14
       5595.00   3.55850e-14
       5600.00   3.56685e-14
       5605.00   3.60006e-14
       5610.00   3.73564e-14
       5615.00   3.83154e-14
       5620.00   3.86507e-14
       5625.00   3.83054e-14
       5630.00   3.71962e-14
       5635.00   3.72870e-14
       5640.00   3.70931e-14
       5645.00   3.64304e-14
       5650.00   3.68783e-14
       5655.00   3.68854e-14
       5660.00   3.64192e-14
       5665.00   3.56059e-14
       5670.00   3.70571e-14
       5675.00   3.74318e-14
       5680.00   3.76947e-14
       5685.00   3.86419e-14
       5690.00   3.93081e-14
       5695.00   3.90528e-14
       5700.00   3.81687e-14
       5705.00   3.71039e-14
       5710.00   3.65713e-14
       5715.00   3.70855e-14
       5720.00   3.84470e-14
       5725.00   3.94939e-14
       5730.00   3.98628e-14
       5735.00   4.01474e-14
       5740.00   4.05123e-14
       5745.00   3.87860e-14
       5750.00   3.86755e-14
       5755.00   3.89393e-14
       5760.00   3.80325e-14
       5765.00   3.82256e-14
       5770.00   3.89162e-14
       5775.00   3.97857e-14
       5780.00   3.96314e-14
       5785.00   3.92069e-14
       5790.00   3.88820e-14
       5795.00   3.88718e-14
       5800.00   3.96267e-14
       5805.00   3.92020e-14
       5810.00   3.82219e-14
       5815.00   3.82192e-14
       5820.00   3.83727e-14
       5825.00   3.89788e-14
       5830.00   4.01525e-14
       5835.00   4.09379e-14
       5840.00   4.02378e-14
       5845.00   3.91593e-14
       5850.00   3.97927e-14
       5855.00   4.01918e-14
       5860.00   4.03307e-14
       5865.00   4.01853e-14
       5870.00   4.00658e-14
       5875.00   3.98084e-14
       5880.00   3.94544e-14
       5885.00   3.90587e-14
       5890.00   3.56162e-14
       5895.00   3.29263e-14
       5900.00   3.25976e-14
       5905.00   3.53366e-14
       5910.00   3.66388e-14
       5915.00   3.67890e-14
       5920.00   3.70108e-14
       5925.00   3.63349e-14
       5930.00   3.59496e-14
       5935.00   3.69325e-14
       5940.00   3.80037e-14
       5945.00   3.84256e-14
       5950.00   3.80886e-14
       5955.00   3.74717e-14
       5960.00   3.80471e-14
       5965.00   3.90112e-14
       5970.00   3.85209e-14
       5975.00   3.79344e-14
       5980.00   3.70070e-14
       5985.00   3.54514e-14
       5990.00   3.66334e-14
       5995.00   3.70722e-14
       6000.00   3.63357e-14
       6005.00   3.68623e-14
       6010.00   3.61412e-14
       6015.00   3.49441e-14
       6020.00   3.59341e-14
       6025.00   3.66112e-14
       6030.00   3.68602e-14
       6035.00   3.62835e-14
       6040.00   3.68338e-14
       6045.00   3.74405e-14
       6050.00   3.77359e-14
       6055.00   3.87505e-14
       6060.00   3.89179e-14
       6065.00   3.80940e-14
       6070.00   3.71360e-14
       6075.00   3.69829e-14
       6080.00   3.72470e-14
       6085.00   3.61419e-14
       6090.00   3.70357e-14
       6095.00   3.81759e-14
       6100.00   3.62318e-14
       6105.00   3.68227e-14
       6110.00   3.80342e-14
       6115.00   3.85727e-14
       6120.00   3.85035e-14
       6125.00   3.81601e-14
       6130.00   3.75621e-14
       6135.00   3.68350e-14
       6140.00   3.66285e-14
       6145.00   3.71846e-14
       6150.00   3.62302e-14
       6155.00   3.56741e-14
       6160.00   3.56716e-14
       6165.00   3.46601e-14
       6170.00   3.36524e-14
       6175.00   3.27962e-14
       6180.00   3.52580e-14
       6185.00   3.64349e-14
       6190.00   3.66533e-14
       6195.00   3.73514e-14
       6200.00   3.76623e-14
       6205.00   3.75222e-14
       6210.00   3.58756e-14
       6215.00   3.53297e-14
       6220.00   3.54174e-14
       6225.00   3.53466e-14
       6230.00   3.52947e-14
       6235.00   3.52404e-14
       6240.00   3.51160e-14
       6245.00   3.51121e-14
       6250.00   3.53128e-14
       6255.00   3.62401e-14
       6260.00   3.66556e-14
       6265.00   3.68776e-14
       6270.00   3.74089e-14
       6275.00   3.79293e-14
       6280.00   3.83143e-14
       6285.00   3.80347e-14
       6290.00   3.84205e-14
       6295.00   3.90214e-14
       6300.00   3.89002e-14
       6305.00   3.85733e-14
       6310.00   3.81387e-14
       6315.00   3.77410e-14
       6320.00   3.78953e-14
       6325.00   3.83524e-14
       6330.00   3.85326e-14
       6335.00   3.81789e-14
       6340.00   3.75275e-14
       6345.00   3.77348e-14
       6350.00   3.79363e-14
       6355.00   3.81293e-14
       6360.00   3.82145e-14
       6365.00   3.83718e-14
       6370.00   3.85979e-14
       6375.00   3.93635e-14
       6380.00   3.98615e-14
       6385.00   4.00380e-14
       6390.00   3.94306e-14
       6395.00   3.91113e-14
       6400.00   3.93051e-14
       6405.00   3.91732e-14
       6410.00   3.89460e-14
       6415.00   3.86268e-14
       6420.00   3.87251e-14
       6425.00   3.88045e-14
       6430.00   3.85398e-14
       6435.00   3.88243e-14
       6440.00   3.92471e-14
       6445.00   3.93541e-14
       6450.00   3.91507e-14
       6455.00   3.88706e-14
       6460.00   3.95331e-14
       6465.00   3.93099e-14
       6470.00   3.83575e-14
       6475.00   3.90473e-14
       6480.00   3.92769e-14
       6485.00   3.89406e-14
       6490.00   3.82583e-14
       6495.00   3.77292e-14
       6500.00   3.75702e-14
       6505.00   3.81200e-14
       6510.00   3.87577e-14
       6515.00   3.90434e-14
       6520.00   3.91588e-14
       6525.00   3.92215e-14
       6530.00   3.95495e-14
       6535.00   3.99781e-14
       6540.00   4.04910e-14
       6545.00   4.07586e-14
       6550.00   4.07966e-14
       6555.00   4.05129e-14
       6560.00   4.32681e-14
       6565.00   4.49144e-14
       6570.00   4.20313e-14
       6575.00   4.13259e-14
       6580.00   4.17699e-14
       6585.00   4.36967e-14
       6590.00   4.23731e-14
       6595.00   3.83512e-14
       6600.00   3.78976e-14
       6605.00   3.79050e-14
       6610.00   3.84515e-14
       6615.00   3.89252e-14
       6620.00   3.90707e-14
       6625.00   3.81190e-14
       6630.00   3.76946e-14
       6635.00   3.75949e-14
       6640.00   3.79302e-14
       6645.00   3.81076e-14
       6650.00   3.80977e-14
       6655.00   3.81231e-14
       6660.00   3.80782e-14
       6665.00   3.78293e-14
       6670.00   3.80160e-14
       6675.00   3.83319e-14
       6680.00   3.77064e-14
       6685.00   3.75614e-14
       6690.00   3.79414e-14
       6695.00   3.77813e-14
       6700.00   3.76750e-14
       6705.00   3.79134e-14
       6710.00   3.87344e-14
       6715.00   3.97686e-14
       6720.00   3.96565e-14
       6725.00   3.98569e-14
       6730.00   4.04364e-14
       6735.00   3.96556e-14
       6740.00   3.87471e-14
       6745.00   3.82774e-14
       6750.00   3.76407e-14
       6755.00   3.68990e-14
       6760.00   3.72867e-14
       6765.00   3.75179e-14
       6770.00   3.74835e-14
       6775.00   3.76102e-14
       6780.00   3.77972e-14
       6785.00   3.80404e-14
       6790.00   3.80212e-14
       6795.00   3.77497e-14
       6800.00   3.79054e-14
       6805.00   3.80908e-14
       6810.00   3.81970e-14
       6815.00   3.83864e-14
       6820.00   3.86256e-14
       6825.00   3.79908e-14
       6830.00   3.75990e-14
       6835.00   3.76572e-14
       6840.00   3.74439e-14
       6845.00   3.71538e-14
       6850.00   3.71726e-14
       6855.00   3.71970e-14
       6860.00   3.72283e-14
       6865.00   3.73812e-14
       6870.00   3.75692e-14
       6875.00   3.77829e-14
       6880.00   3.78473e-14
       6885.00   3.77685e-14
       6890.00   3.82668e-14
       6895.00   3.87861e-14
       6900.00   3.90417e-14
       6905.00   3.94378e-14
       6910.00   3.99442e-14
       6915.00   3.94237e-14
       6920.00   3.88887e-14
       6925.00   3.86306e-14
       6930.00   3.85381e-14
       6935.00   3.85598e-14
       6940.00   3.88353e-14
       6945.00   3.89814e-14
       6950.00   3.87265e-14
       6955.00   3.88817e-14
       6960.00   3.93032e-14
       6965.00   3.94367e-14
       6970.00   3.93961e-14
       6975.00   3.89392e-14
       6980.00   3.87645e-14
       6985.00   3.87764e-14
       6990.00   3.90925e-14
       6995.00   3.92375e-14
       7000.00   3.88210e-14
       7005.00   3.87812e-14
       7010.00   3.90139e-14
       7015.00   3.88047e-14
       7020.00   3.86415e-14
       7025.00   3.88061e-14
       7030.00   3.88573e-14
       7035.00   3.88121e-14
       7040.00   3.94888e-14
       7045.00   4.00365e-14
       7050.00   3.93660e-14
       7055.00   3.85838e-14
       7060.00   3.76817e-14
       7065.00   3.72509e-14
       7070.00   3.70032e-14
       7075.00   3.72915e-14
       7080.00   3.72592e-14
       7085.00   3.67582e-14
       7090.00   3.63921e-14
       7095.00   3.60836e-14
       7100.00   3.59412e-14
       7105.00   3.59307e-14
       7110.00   3.62128e-14
       7115.00   3.63521e-14
       7120.00   3.63996e-14
       7125.00   3.57357e-14
       7130.00   3.51728e-14
       7135.00   3.53204e-14
       7140.00   3.53525e-14
       7145.00   3.52644e-14
       7150.00   3.57547e-14
       7155.00   3.63597e-14
       7160.00   3.62833e-14
       7165.00   3.61227e-14
       7170.00   3.58071e-14
       7175.00   3.59401e-14
       7180.00   3.63293e-14
       7185.00   3.54535e-14
       7190.00   3.47809e-14
       7195.00   3.54067e-14
       7200.00   3.59370e-14
       7205.00   3.63615e-14
       7210.00   3.58966e-14
       7215.00   3.51644e-14
       7220.00   3.57694e-14
       7225.00   3.63101e-14
       7230.00   3.66968e-14
       7235.00   3.67692e-14
       7240.00   3.65971e-14
       7245.00   3.65962e-14
       7250.00   3.66359e-14
       7255.00   3.67267e-14
       7260.00   3.69179e-14
       7265.00   3.72907e-14
       7270.00   3.75235e-14
       7275.00   3.76696e-14
       7280.00   3.69768e-14
       7285.00   3.63247e-14
       7290.00   3.67092e-14
       7295.00   3.70752e-14
       7300.00   3.74122e-14
       7305.00   3.79777e-14
       7310.00   3.86720e-14
       7315.00   3.83335e-14
       7320.00   3.79339e-14
       7325.00   3.79551e-14
       7330.00   3.80312e-14
       7335.00   3.81959e-14
       7340.00   3.83807e-14
       7345.00   3.85774e-14
       7350.00   3.80426e-14
       7355.00   3.74732e-14
       7360.00   3.75236e-14
       7365.00   3.77311e-14
       7370.00   3.82358e-14
       7375.00   3.87038e-14
       7380.00   3.91451e-14
       7385.00   3.88446e-14
       7390.00   3.84201e-14
       7395.00   3.89065e-14
       7400.00   3.92403e-14
       7405.00   3.91744e-14
       7410.00   3.89247e-14
       7415.00   3.84930e-14
       7420.00   3.83078e-14
       7425.00   3.82152e-14
       7430.00   3.86283e-14
       7435.00   3.90360e-14
       7440.00   3.92919e-14
       7445.00   3.93957e-14
       7450.00   3.92609e-14
       7455.00   3.95631e-14
       7460.00   4.01495e-14
       7465.00   3.97066e-14
       7470.00   3.90668e-14
       7475.00   3.92864e-14
       7480.00   3.94861e-14
       7485.00   3.96240e-14
       7490.00   3.95166e-14
       7495.00   3.91094e-14
       7500.00   3.89336e-14
       7505.00   3.88793e-14
       7510.00   3.85900e-14
       7515.00   3.82928e-14
       7520.00   3.84649e-14
       7525.00   3.85503e-14
       7530.00   3.83876e-14
       7535.00   3.83578e-14
       7540.00   3.84859e-14
       7545.00   3.84905e-14
       7550.00   3.84289e-14
       7555.00   3.83395e-14
       7560.00   3.82454e-14
       7565.00   3.81631e-14
       7570.00   3.80789e-14
       7575.00   3.79883e-14
       7580.00   3.79475e-14
       7585.00   3.79787e-14
       7590.00   3.80293e-14
       7595.00   3.80934e-14
       7600.00   3.75379e-14
       7605.00   3.68026e-14
       7610.00   3.75917e-14
       7615.00   3.82417e-14
       7620.00   3.75011e-14
       7625.00   3.72061e-14
       7630.00   3.79125e-14
       7635.00   3.81927e-14
       7640.00   3.80135e-14
       7645.00   3.76775e-14
       7650.00   3.72578e-14
       7655.00   3.67964e-14
       7660.00   3.63263e-14
       7665.00   3.60065e-14
       7670.00   3.57704e-14
       7675.00   3.59901e-14
       7680.00   3.62972e-14
       7685.00   3.67963e-14
       7690.00   3.66722e-14
       7695.00   3.58554e-14
       7700.00   3.59241e-14
       7705.00   3.65092e-14
       7710.00   3.67660e-14
       7715.00   3.69339e-14
       7720.00   3.66517e-14
       7725.00   3.64281e-14
       7730.00   3.70731e-14
       7735.00   3.75476e-14
       7740.00   3.74851e-14
       7745.00   3.72324e-14
       7750.00   3.66787e-14
       7755.00   3.67035e-14
       7760.00   3.72402e-14
       7765.00   3.73496e-14
       7770.00   3.72521e-14
       7775.00   3.75989e-14
       7780.00   3.80476e-14
       7785.00   3.73915e-14
       7790.00   3.67795e-14
       7795.00   3.72257e-14
       7800.00   3.76241e-14
       7805.00   3.78540e-14
       7810.00   3.80219e-14
       7815.00   3.80757e-14
       7820.00   3.80898e-14
       7825.00   3.80611e-14
       7830.00   3.78094e-14
       7835.00   3.74134e-14
       7840.00   3.70696e-14
       7845.00   3.67455e-14
       7850.00   3.69172e-14
       7855.00   3.71743e-14
       7860.00   3.73670e-14
       7865.00   3.75499e-14
       7870.00   3.76540e-14
       7875.00   3.76908e-14
       7880.00   3.74672e-14
       7885.00   3.71396e-14
       7890.00   3.65896e-14
       7895.00   3.64228e-14
       7900.00   3.67635e-14
       7905.00   3.68134e-14
       7910.00   3.66144e-14
       7915.00   3.62164e-14
       7920.00   3.57094e-14
       7925.00   3.59429e-14
       7930.00   3.64247e-14
       7935.00   3.58961e-14
       7940.00   3.51908e-14
       7945.00   3.56643e-14
       7950.00   3.61700e-14
       7955.00   3.60986e-14
       7960.00   3.61321e-14
       7965.00   3.68033e-14
       7970.00   3.72591e-14
       7975.00   3.70126e-14
       7980.00   3.68652e-14
       7985.00   3.69232e-14
       7990.00   3.70427e-14
       7995.00   3.72493e-14
       8000.00   3.75746e-14
       8005.00   3.80194e-14
       8010.00   3.85392e-14
       8015.00   3.91126e-14
       8020.00   3.91662e-14
       8025.00   3.89563e-14
       8030.00   3.84250e-14
       8035.00   3.77828e-14
       8040.00   3.79674e-14
       8045.00   3.83351e-14
       8050.00   3.79032e-14
       8055.00   3.73760e-14
       8060.00   3.74690e-14
       8065.00   3.75676e-14
       8070.00   3.72053e-14
       8075.00   3.68870e-14
       8080.00   3.69509e-14
       8085.00   3.69841e-14
       8090.00   3.68641e-14
       8095.00   3.67503e-14
       8100.00   3.66568e-14
       8105.00   3.66267e-14
       8110.00   3.67508e-14
       8115.00   3.70918e-14
       8120.00   3.78370e-14
       8125.00   3.84128e-14
       8130.00   3.87393e-14
       8135.00   3.88855e-14
       8140.00   3.88184e-14
       8145.00   3.85885e-14
       8150.00   3.82019e-14
       8155.00   3.85554e-14
       8160.00   3.94942e-14
       8165.00   3.98164e-14
       8170.00   3.97344e-14
       8175.00   3.94196e-14
       8180.00   3.89787e-14
       8185.00   3.82353e-14
       8190.00   3.73567e-14
       8195.00   3.71336e-14
       8200.00   3.71540e-14
       8205.00   3.71254e-14
       8210.00   3.70819e-14
       8215.00   3.67663e-14
       8220.00   3.63835e-14
       8225.00   3.69286e-14
       8230.00   3.76590e-14
       8235.00   3.77931e-14
       8240.00   3.78327e-14
       8245.00   3.80454e-14
       8250.00   3.82790e-14
       8255.00   3.82144e-14
       8260.00   3.81224e-14
       8265.00   3.80513e-14
       8270.00   3.79816e-14
       8275.00   3.76543e-14
       8280.00   3.73165e-14
       8285.00   3.76909e-14
       8290.00   3.80810e-14
       8295.00   3.77649e-14
       8300.00   3.74431e-14
       8305.00   3.69705e-14
       8310.00   3.65193e-14
       8315.00   3.72141e-14
       8320.00   3.78671e-14
       8325.00   3.70160e-14
       8330.00   3.61940e-14
       8335.00   3.62182e-14
       8340.00   3.62368e-14
       8345.00   3.61052e-14
       8350.00   3.59735e-14
       8355.00   3.58361e-14
       8360.00   3.57291e-14
       8365.00   3.64035e-14
       8370.00   3.70511e-14
       8375.00   3.69661e-14
       8380.00   3.68726e-14
       8385.00   3.64795e-14
       8390.00   3.61024e-14
       8395.00   3.64910e-14
       8400.00   3.68799e-14
       8405.00   3.73485e-14
       8410.00   3.78166e-14
       8415.00   3.72714e-14
       8420.00   3.67238e-14
       8425.00   3.63791e-14
       8430.00   3.60386e-14
       8435.00   3.58968e-14
       8440.00   3.57627e-14
       8445.00   3.59108e-14
       8450.00   3.60756e-14
       8455.00   3.63242e-14
       8460.00   3.65796e-14
       8465.00   3.62044e-14
       8470.00   3.57561e-14
       8475.00   3.58377e-14
       8480.00   3.60002e-14
       8485.00   3.58035e-14
       8490.00   3.55375e-14
       8495.00   3.44880e-14
       8500.00   3.32508e-14
       8505.00   3.39819e-14
       8510.00   3.52957e-14
       8515.00   3.55084e-14
       8520.00   3.53209e-14
       8525.00   3.52061e-14
       8530.00   3.51233e-14
       8535.00   3.33353e-14
       8540.00   3.06396e-14
       8545.00   3.03676e-14
       8550.00   3.16570e-14
       8555.00   3.33935e-14
       8560.00   3.54803e-14
       8565.00   3.64392e-14
       8570.00   3.63203e-14
       8575.00   3.64262e-14
       8580.00   3.67965e-14
       8585.00   3.72978e-14
       8590.00   3.79916e-14
       8595.00   3.83880e-14
       8600.00   3.82275e-14
       8605.00   3.80036e-14
       8610.00   3.76233e-14
       8615.00   3.73363e-14
       8620.00   3.73650e-14
       8625.00   3.74344e-14
       8630.00   3.77117e-14
       8635.00   3.79516e-14
       8640.00   3.78449e-14
       8645.00   3.77305e-14
       8650.00   3.73353e-14
       8655.00   3.69406e-14
       8660.00   3.47921e-14
       8665.00   3.25643e-14
       8670.00   3.36796e-14
       8675.00   3.52417e-14
       8680.00   3.56645e-14
       8685.00   3.58119e-14
       8690.00   3.61070e-14
       8695.00   3.64577e-14
       8700.00   3.70029e-14
       8705.00   3.76550e-14
       8710.00   3.79973e-14
       8715.00   3.80970e-14
       8720.00   3.81137e-14
       8725.00   3.80383e-14
       8730.00   3.81176e-14
       8735.00   3.84453e-14
       8740.00   3.83407e-14
       8745.00   3.71895e-14
       8750.00   3.63993e-14
       8755.00   3.70633e-14
       8760.00   3.76663e-14
       8765.00   3.77370e-14
       8770.00   3.78081e-14
       8775.00   3.80479e-14
       8780.00   3.82874e-14
       8785.00   3.80754e-14
       8790.00   3.78139e-14
       8795.00   3.96625e-14
       8800.00   4.20464e-14
       8805.00   4.08656e-14
       8810.00   3.80899e-14
       8815.00   3.72080e-14
       8820.00   3.76874e-14
       8825.00   3.80245e-14
       8830.00   3.82008e-14
       8835.00   3.82868e-14
       8840.00   3.82094e-14
       8845.00   3.82957e-14
       8850.00   3.89037e-14
       8855.00   3.93581e-14
       8860.00   3.86865e-14
       8865.00   3.80157e-14
       8870.00   3.73433e-14
       8875.00   3.66716e-14
       8880.00   3.69642e-14
       8885.00   3.73967e-14
       8890.00   3.77392e-14
       8895.00   3.80508e-14
       8900.00   3.79237e-14
       8905.00   3.75248e-14
       8910.00   3.72325e-14
       8915.00   3.70535e-14
       8920.00   3.71227e-14
       8925.00   3.76519e-14
       8930.00   3.81668e-14
       8935.00   3.86300e-14
       8940.00   3.89794e-14
       8945.00   3.79037e-14
       8950.00   3.68292e-14
       8955.00   3.74577e-14
       8960.00   3.82102e-14
       8965.00   3.80443e-14
       8970.00   3.76287e-14
       8975.00   3.77345e-14
       8980.00   3.81344e-14
       8985.00   3.84914e-14
       8990.00   3.88036e-14
       8995.00   3.89426e-14
       9000.00   3.87418e-14
       9005.00   3.84578e-14
       9010.00   3.77951e-14
       9015.00   3.71433e-14
       9020.00   3.69404e-14
       9025.00   3.67377e-14
       9030.00   3.72932e-14
       9035.00   3.79690e-14
       9040.00   3.82329e-14
       9045.00   3.83203e-14
       9050.00   3.85161e-14
       9055.00   3.88064e-14
       9060.00   3.89334e-14
       9065.00   3.87779e-14
       9070.00   3.86524e-14
       9075.00   3.86501e-14
       9080.00   3.86220e-14
       9085.00   3.74757e-14
       9090.00   3.63306e-14
       9095.00   3.67394e-14
       9100.00   3.74304e-14
       9105.00   3.78380e-14
       9110.00   3.81045e-14
       9115.00   3.82231e-14
       9120.00   3.81860e-14
       9125.00   3.81256e-14
       9130.00   3.80119e-14
       9135.00   3.79388e-14
       9140.00   3.81716e-14
       9145.00   3.84040e-14
       9150.00   3.81792e-14
       9155.00   3.79189e-14
       9160.00   3.82201e-14
       9165.00   3.87218e-14
       9170.00   3.86915e-14
       9175.00   3.82131e-14
       9180.00   3.79443e-14
       9185.00   3.80712e-14
       9190.00   3.81165e-14
       9195.00   3.76841e-14
       9200.00   3.72521e-14
       9205.00   3.68465e-14
       9210.00   3.64429e-14
       9215.00   3.59327e-14
       9220.00   3.53854e-14
       9225.00   3.49042e-14
       9230.00   3.44811e-14
       9235.00   3.44063e-14
       9240.00   3.50688e-14
       9245.00   3.54108e-14
       9250.00   3.31136e-14
       9255.00   3.08189e-14
       9260.00   3.29714e-14
       9265.00   3.56539e-14
       9270.00   3.69370e-14
       9275.00   3.75472e-14
       9280.00   3.71705e-14
       9285.00   3.56128e-14
       9290.00   3.45428e-14
       9295.00   3.50925e-14
       9300.00   3.56403e-14
       9305.00   3.59341e-14
       9310.00   3.62276e-14
       9315.00   3.65084e-14
       9320.00   3.67854e-14
       9325.00   3.70766e-14
       9330.00   3.73796e-14
       9335.00   3.73512e-14
       9340.00   3.65900e-14
       9345.00   3.57893e-14
       9350.00   3.44902e-14
       9355.00   3.31924e-14
       9360.00   3.73476e-14
       9365.00   4.25692e-14
       9370.00   4.22764e-14
       9375.00   3.82199e-14
       9380.00   3.54141e-14
       9385.00   3.49408e-14
       9390.00   3.41870e-14
       9395.00   3.09455e-14
       9400.00   2.77074e-14
       9405.00   3.02581e-14
       9410.00   3.38140e-14
       9415.00   3.51637e-14
       9420.00   3.50398e-14
       9425.00   3.45687e-14
       9430.00   3.34333e-14
       9435.00   3.24952e-14
       9440.00   3.36702e-14
       9445.00   3.48439e-14
       9450.00   3.49914e-14
       9455.00   3.49205e-14
       9460.00   3.52875e-14
       9465.00   3.59964e-14
       9470.00   3.60804e-14
       9475.00   3.46746e-14
       9480.00   3.33351e-14
       9485.00   3.44837e-14
       9490.00   3.56311e-14
       9495.00   3.58257e-14
       9500.00   3.57097e-14
       9505.00   3.57157e-14
       9510.00   3.58543e-14
       9515.00   3.59228e-14
       9520.00   3.57148e-14
       9525.00   3.55069e-14
       9530.00   3.62432e-14
       9535.00   3.70594e-14
       9540.00   3.65904e-14
       9545.00   3.53955e-14
       9550.00   3.47384e-14
       9555.00   3.50627e-14
       9560.00   3.53540e-14
       9565.00   3.51830e-14
       9570.00   3.50121e-14
       9575.00   3.55770e-14
       9580.00   3.63555e-14
       9585.00   3.66583e-14
       9590.00   3.64483e-14
       9595.00   3.61735e-14
       9600.00   3.56125e-14
       9605.00   3.50520e-14
       9610.00   3.61359e-14
       9615.00   3.74302e-14
       9620.00   3.71481e-14
       9625.00   3.57467e-14
       9630.00   3.49781e-14
       9635.00   3.58420e-14
       9640.00   3.67049e-14
       9645.00   3.63060e-14
       9650.00   3.58711e-14
       9655.00   3.57436e-14
       9660.00   3.57726e-14
       9665.00   3.60557e-14
       9670.00   3.68110e-14
       9675.00   3.75242e-14
       9680.00   3.70241e-14
       9685.00   3.65245e-14
       9690.00   3.62526e-14
       9695.00   3.60714e-14
       9700.00   3.57841e-14
       9705.00   3.53334e-14
       9710.00   3.49439e-14
       9715.00   3.53613e-14
       9720.00   3.57783e-14
       9725.00   3.61000e-14
       9730.00   3.63885e-14
       9735.00   3.61607e-14
       9740.00   3.52009e-14
       9745.00   3.43350e-14
       9750.00   3.45237e-14
       9755.00   3.47122e-14
       9760.00   3.51509e-14
       9765.00   3.56742e-14
       9770.00   3.54123e-14
       9775.00   3.40101e-14
       9780.00   3.28635e-14
       9785.00   3.52554e-14
       9790.00   3.76448e-14
       9795.00   3.80263e-14
       9800.00   3.76419e-14
       9805.00   3.55697e-14
       9810.00   3.07061e-14
       9815.00   2.61185e-14
       9820.00   3.10318e-14
       9825.00   3.59401e-14
       9830.00   3.74846e-14
       9835.00   3.74097e-14
       9840.00   3.72013e-14
       9845.00   3.67097e-14
       9850.00   3.62186e-14
       9855.00   3.73995e-14
       9860.00   3.86436e-14
       9865.00   3.82181e-14
       9870.00   3.66939e-14
       9875.00   3.55369e-14
       9880.00   3.55472e-14
       9885.00   3.55574e-14
       9890.00   3.30141e-14
       9895.00   3.01016e-14
       9900.00   3.02133e-14
       9905.00   3.32957e-14
       9910.00   3.59988e-14
       9915.00   3.62405e-14
       9920.00   3.64819e-14
       9925.00   3.65766e-14
       9930.00   3.66242e-14
       9935.00   3.07970e-14
       9940.00   1.53908e-14
       9945.00       0.00000
       9950.00       0.00000
