       1235.00   8.73804e-14
       1240.00   1.07233e-13
       1245.00   1.25586e-13
       1250.00   1.03726e-13
       1255.00   9.59105e-14
       1260.00   9.85179e-14
       1265.00   1.11669e-13
       1270.00   1.16094e-13
       1275.00   1.27277e-13
       1280.00   1.14748e-13
       1285.00   1.24131e-13
       1290.00   1.20715e-13
       1295.00   9.54625e-14
       1300.00   8.65822e-14
       1305.00   9.65346e-14
       1310.00   1.13152e-13
       1315.00   1.14069e-13
       1320.00   1.03507e-13
       1325.00   9.85536e-14
       1330.00   9.65855e-14
       1335.00   8.38137e-14
       1340.00   1.13359e-13
       1345.00   1.05353e-13
       1350.00   1.17741e-13
       1355.00   1.00059e-13
       1360.00   1.02623e-13
       1365.00   1.01331e-13
       1370.00   1.13234e-13
       1375.00   9.57177e-14
       1380.00   9.34028e-14
       1385.00   6.64254e-14
       1390.00   5.24280e-14
       1395.00   5.73896e-14
       1400.00   7.79301e-14
       1405.00   1.00509e-13
       1410.00   9.77009e-14
       1415.00   9.36564e-14
       1420.00   9.20132e-14
       1425.00   8.89817e-14
       1430.00   8.97208e-14
       1435.00   1.00797e-13
       1440.00   1.02686e-13
       1445.00   8.82293e-14
       1450.00   8.37925e-14
       1455.00   8.90118e-14
       1460.00   9.34654e-14
       1465.00   9.49340e-14
       1470.00   9.37210e-14
       1475.00   9.95275e-14
       1480.00   1.05781e-13
       1485.00   1.13285e-13
       1490.00   1.12137e-13
       1495.00   9.49949e-14
       1500.00   8.77187e-14
       1505.00   1.07387e-13
       1510.00   1.09823e-13
       1515.00   1.04539e-13
       1520.00   7.83091e-14
       1525.00   8.53274e-14
       1530.00   7.34708e-14
       1535.00   5.03800e-14
       1540.00   4.13585e-14
       1545.00   3.68903e-14
       1550.00   4.64761e-14
       1555.00   9.39586e-14
       1560.00   7.98248e-14
       1565.00   8.24408e-14
       1570.00   7.52618e-14
       1575.00   8.81677e-14
       1580.00   8.77819e-14
       1585.00   3.28514e-14
       1590.00   8.45663e-14
       1595.00   6.87073e-14
       1600.00   7.60356e-14
       1605.00   4.78205e-14
       1610.00   5.77559e-14
       1615.00   5.42861e-14
       1620.00   7.07309e-14
       1625.00   7.67060e-14
       1630.00   8.34922e-14
       1635.00   6.96234e-14
       1640.00   8.66451e-14
       1645.00   9.15048e-14
       1650.00   8.63782e-14
       1655.00   8.08957e-14
       1660.00   7.43937e-14
       1665.00   7.41927e-14
       1670.00   6.55311e-14
       1675.00   7.44887e-14
       1680.00   7.45831e-14
       1685.00   8.50896e-14
       1690.00   7.54474e-14
       1695.00   6.75672e-14
       1700.00   6.78258e-14
       1705.00   7.34905e-14
       1710.00   7.35672e-14
       1715.00   7.29464e-14
       1720.00   6.19967e-14
       1725.00   7.73220e-14
       1730.00   9.04631e-14
       1735.00   8.74362e-14
       1740.00   1.03949e-13
       1745.00   1.00114e-13
       1750.00   8.12629e-14
       1755.00   8.75955e-14
       1760.00   9.42235e-14
       1765.00   8.10020e-14
       1770.00   8.57011e-14
       1775.00   9.04611e-14
       1780.00   8.48139e-14
       1785.00   7.60135e-14
       1790.00   8.16334e-14
       1795.00   7.49934e-14
       1800.00   7.49619e-14
       1805.00   7.57270e-14
       1810.00   7.62750e-14
       1815.00   8.08087e-14
       1820.00   7.17410e-14
       1825.00   6.85209e-14
       1830.00   7.77223e-14
       1835.00   8.20082e-14
       1840.00   8.21611e-14
       1845.00   7.14294e-14
       1850.00   6.88846e-14
       1855.00   7.21448e-14
       1860.00   7.33202e-14
       1865.00   8.45834e-14
       1870.00   7.89625e-14
       1875.00   7.77797e-14
       1880.00   7.11730e-14
       1885.00   6.96858e-14
       1890.00   7.05928e-14
       1895.00   7.22310e-14
       1900.00   7.79933e-14
       1905.00   7.71434e-14
       1910.00   7.19688e-14
       1915.00   6.14667e-14
       1920.00   6.02664e-14
       1925.00   6.10850e-14
       1930.00   6.20632e-14
       1935.00   6.29434e-14
       1940.00   5.91739e-14
       1945.00   5.94773e-14
       1950.00   6.82654e-14
       1955.00   6.44207e-14
       1960.00   5.82518e-14
       1965.00   5.67526e-14
       1970.00   6.63655e-14
       1975.00   5.24302e-14
       1980.00   5.15072e-14
       1985.00   7.63345e-14
       1990.00   5.50144e-14
       1995.00   5.37188e-14
       2000.00   8.48139e-14
       2005.00   9.46914e-14
       2010.00   6.50965e-14
       2015.00   7.76183e-14
       2020.00   6.13970e-14
       2025.00   7.06254e-14
       2030.00   6.81723e-14
       2035.00   4.01369e-14
       2040.00   5.17661e-14
       2045.00   7.91156e-14
       2050.00   3.62206e-14
       2055.00   8.19866e-14
       2060.00   4.75224e-14
       2065.00   6.91825e-14
       2070.00   5.66944e-14
       2075.00   6.76216e-14
       2080.00   7.45831e-14
       2085.00   7.05502e-14
       2090.00   6.64221e-14
       2095.00   3.20066e-14
       2100.00   6.86467e-14
       2105.00   2.97605e-14
       2110.00   4.52042e-14
       2115.00   7.63924e-14
       2120.00   4.26848e-14
       2125.00   5.57476e-14
       2130.00   4.08387e-14
       2135.00   9.95758e-14
       2140.00   8.63928e-14
       2145.00   3.85851e-14
       2150.00   6.00740e-14
       2155.00   3.94317e-14
       2160.00   6.93415e-14
       2165.00   5.05771e-14
       2170.00   3.87008e-14
       2175.00   5.65533e-14
       2180.00   5.81383e-14
       2185.00   5.82017e-14
       2190.00   8.00345e-14
       2195.00   3.42001e-14
       2200.00   4.44151e-14
       2205.00   7.56791e-14
       2210.00   5.96142e-14
       2215.00   3.91920e-14
       2220.00   3.53464e-14
       2225.00   6.58045e-14
       2230.00   4.15038e-14
       2235.00   8.41373e-14
       2240.00   3.94513e-14
       2245.00   7.29212e-14
       2250.00   6.28496e-14
       2255.00   5.55316e-14
       2260.00   5.52900e-14
       2265.00   8.07282e-14
       2270.00   5.04931e-14
       2275.00   6.61385e-14
       2280.00   7.68566e-14
       2285.00   7.15038e-14
       2290.00   6.03689e-14
       2295.00   4.99208e-14
       2300.00   7.11097e-14
       2305.00   5.41526e-14
       2310.00   5.79639e-14
       2315.00   6.34686e-14
       2320.00   5.69130e-14
       2325.00   6.89848e-14
       2330.00   5.61003e-14
       2335.00   7.38807e-14
       2340.00   5.33513e-14
       2345.00   4.21850e-14
       2350.00   5.09305e-14
       2355.00   6.58137e-14
       2360.00   5.65025e-14
       2365.00   5.19346e-14
       2370.00   4.69550e-14
       2375.00   4.63390e-14
       2380.00   4.81791e-14
       2385.00   3.63740e-14
       2390.00   5.42155e-14
       2395.00   5.02619e-14
       2400.00   5.78477e-14
       2405.00   4.79014e-14
       2410.00   5.77472e-14
       2415.00   6.19883e-14
       2420.00   5.28522e-14
       2425.00   5.13723e-14
       2430.00   5.97727e-14
       2435.00   4.68614e-14
       2440.00   5.77087e-14
       2445.00   5.42365e-14
       2450.00   5.79755e-14
       2455.00   6.23624e-14
       2460.00   4.82548e-14
       2465.00   6.10264e-14
       2470.00   5.73124e-14
       2475.00   5.29603e-14
       2480.00   4.84064e-14
       2485.00   6.13377e-14
       2490.00   5.40054e-14
       2495.00   5.08399e-14
       2500.00   5.04904e-14
       2505.00   5.22597e-14
       2510.00   5.25539e-14
       2515.00   4.99645e-14
       2520.00   5.26565e-14
       2525.00   5.13060e-14
       2530.00   5.14683e-14
       2535.00   5.68659e-14
       2540.00   5.09956e-14
       2545.00   5.16925e-14
       2550.00   5.45247e-14
       2555.00   4.79548e-14
       2560.00   4.40173e-14
       2565.00   5.03059e-14
       2570.00   4.64491e-14
       2575.00   4.41727e-14
       2580.00   4.40741e-14
       2585.00   4.16051e-14
       2590.00   3.48130e-14
       2595.00   4.33087e-14
       2600.00   4.81538e-14
       2605.00   4.40758e-14
       2610.00   5.69776e-14
       2615.00   4.96211e-14
       2620.00   4.78631e-14
       2625.00   4.94928e-14
       2630.00   4.29509e-14
       2635.00   5.28928e-14
       2640.00   6.08412e-14
       2645.00   5.75227e-14
       2650.00   5.30109e-14
       2655.00   5.00172e-14
       2660.00   5.19115e-14
       2665.00   4.82956e-14
       2670.00   4.84034e-14
       2675.00   4.64583e-14
       2680.00   4.92148e-14
       2685.00   4.72130e-14
       2690.00   5.14875e-14
       2695.00   4.87368e-14
       2700.00   5.01178e-14
       2705.00   4.82918e-14
       2710.00   4.87267e-14
       2715.00   4.63306e-14
       2720.00   5.12356e-14
       2725.00   4.88800e-14
       2730.00   4.12108e-14
       2735.00   4.95657e-14
       2740.00   5.31365e-14
       2745.00   4.86776e-14
       2750.00   4.86184e-14
       2755.00   4.50531e-14
       2760.00   5.16714e-14
       2765.00   4.53518e-14
       2770.00   4.65937e-14
       2775.00   4.60761e-14
       2780.00   4.54950e-14
       2785.00   3.79545e-14
       2790.00   3.74839e-14
       2795.00   3.24803e-14
       2800.00   3.49233e-14
       2805.00   3.57956e-14
       2810.00   3.99204e-14
       2815.00   4.94464e-14
       2820.00   5.14756e-14
       2825.00   4.93915e-14
       2830.00   4.87921e-14
       2835.00   4.68728e-14
       2840.00   4.31016e-14
       2845.00   4.50373e-14
       2850.00   4.40204e-14
       2855.00   4.58400e-14
       2860.00   4.58235e-14
       2865.00   4.03459e-14
       2870.00   4.83238e-14
       2875.00   4.71598e-14
       2880.00   4.28301e-14
       2885.00   4.78148e-14
       2890.00   4.64712e-14
       2895.00   4.29947e-14
       2900.00   4.77812e-14
       2905.00   4.36140e-14
       2910.00   4.39108e-14
       2915.00   4.43433e-14
       2920.00   4.44278e-14
       2925.00   4.38675e-14
       2930.00   4.43319e-14
       2935.00   4.51136e-14
       2940.00   4.68654e-14
       2945.00   4.95810e-14
       2950.00   4.72388e-14
       2955.00   4.68359e-14
       2960.00   4.39985e-14
       2965.00   4.51197e-14
       2970.00   4.47487e-14
       2975.00   4.38187e-14
       2980.00   4.38278e-14
       2985.00   4.64798e-14
       2990.00   4.17569e-14
       2995.00   3.97705e-14
       3000.00   4.01524e-14
       3005.00   4.59056e-14
       3010.00   3.85018e-14
       3015.00   4.07043e-14
       3020.00   4.12891e-14
       3025.00   4.14070e-14
       3030.00   3.35857e-14
       3035.00   3.53190e-14
       3040.00   3.71400e-14
       3045.00   3.64829e-14
       3050.00   4.12997e-14
       3055.00   4.16433e-14
       3060.00   4.40298e-14
       3065.00   3.76682e-14
       3070.00   4.11252e-14
       3075.00   4.00869e-14
       3080.00   4.18197e-14
       3085.00   4.30003e-14
       3090.00   3.90004e-14
       3095.00   3.90892e-14
       3100.00   3.81252e-14
       3105.00   4.11809e-14
       3110.00   3.91902e-14
       3115.00   5.45592e-14
       3120.00   5.04967e-14
       3125.00   4.61347e-14
       3130.00   5.04284e-14
       3135.00   4.50602e-14
       3140.00   4.62845e-14
       3145.00   4.45192e-14
       3150.00   4.49342e-14
       3155.00   4.80035e-14
       3160.00   4.44213e-14
       3165.00   3.33368e-14
       3170.00   5.87425e-14
       3175.00   7.44496e-14
       3180.00   5.43744e-14
       3185.00   4.08198e-14
       3190.00   3.90723e-14
       3195.00   4.18070e-14
       3200.00   6.61205e-14
       3205.00   3.59365e-14
       3210.00   4.89389e-14
       3215.00   4.46029e-14
       3220.00   4.14027e-14
       3225.00   2.58180e-14
       3230.00   4.56951e-14
       3235.00   4.79237e-14
       3240.00   3.38182e-14
       3245.00   8.06108e-14
       3250.00   5.01548e-14
       3255.00   4.93206e-14
       3260.00   5.16840e-14
       3265.00   3.87814e-14
       3270.00   3.77666e-14
       3275.00   3.85092e-14
       3280.00   4.12891e-14
       3285.00   3.67627e-14
       3290.00   3.73048e-14
       3295.00   4.40851e-14
       3300.00   3.62621e-14
       3305.00   4.28989e-14
       3310.00   2.31196e-14
       3315.00   3.31519e-14
       3320.00   4.19838e-14
       3325.00   3.56403e-14
       3330.00   3.69430e-14
       3335.00   3.15169e-14
       3340.00   2.95932e-14
       3345.00   2.21482e-14
       3350.00   3.32826e-14
       3355.00   3.22827e-14
       3360.00   3.96535e-14
       3365.00   4.15677e-14
       3370.00   4.16438e-14
       3375.00   4.04329e-14
       3380.00   3.51507e-14
       3385.00   3.40350e-14
       3390.00   3.66131e-14
       3395.00   3.33913e-14
       3400.00   3.87378e-14
       3405.00   3.31722e-14
       3410.00   2.52815e-14
       3415.00   3.05008e-14
       3420.00   3.14815e-14
       3425.00   3.51267e-14
       3430.00   3.79071e-14
       3435.00   3.49957e-14
       3440.00   3.59022e-14
       3445.00   2.96544e-14
       3450.00   2.95491e-14
       3455.00   3.45622e-14
       3460.00   3.79862e-14
       3465.00   3.42498e-14
       3470.00   2.93782e-14
       3475.00   2.75163e-14
       3480.00   3.24288e-14
       3485.00   3.33282e-14
       3490.00   3.61022e-14
       3495.00   3.43201e-14
       3500.00   3.46518e-14
       3505.00   3.32680e-14
       3510.00   3.58502e-14
       3515.00   3.39695e-14
       3520.00   3.23971e-14
       3525.00   3.41794e-14
       3530.00   3.78441e-14
       3535.00   3.38836e-14
       3540.00   3.38182e-14
       3545.00   3.83549e-14
       3550.00   3.77706e-14
       3555.00   3.78722e-14
       3560.00   3.27067e-14
       3565.00   3.14718e-14
       3570.00   3.23639e-14
       3575.00   3.35083e-14
       3580.00   3.12352e-14
       3585.00   3.32892e-14
       3590.00   3.48823e-14
       3595.00   3.46415e-14
       3600.00   3.38433e-14
       3605.00   3.25854e-14
       3610.00   3.19532e-14
       3615.00   3.33126e-14
       3620.00   3.13741e-14
       3625.00   3.22317e-14
       3630.00   3.44619e-14
       3635.00   3.86094e-14
       3640.00   3.42035e-14
       3645.00   3.03999e-14
       3650.00   3.08841e-14
       3655.00   3.14518e-14
       3660.00   3.36225e-14
       3665.00   3.38641e-14
       3670.00   3.27309e-14
       3675.00   3.44005e-14
       3680.00   3.07047e-14
       3685.00   3.14168e-14
       3690.00   3.41647e-14
       3695.00   3.61197e-14
       3700.00   3.46202e-14
       3705.00   3.65708e-14
       3710.00   3.14356e-14
       3715.00   3.80358e-14
       3720.00   6.15737e-14
       3725.00   8.71162e-14
       3730.00   6.69209e-14
       3735.00   4.58193e-14
       3740.00   3.55927e-14
       3745.00   3.04197e-14
       3750.00   3.24441e-14
       3755.00   3.50083e-14
       3760.00   3.66221e-14
       3765.00   3.56707e-14
       3770.00   3.75622e-14
       3775.00   3.81817e-14
       3780.00   3.89019e-14
       3785.00   3.89320e-14
       3790.00   3.64428e-14
       3795.00   3.33767e-14
       3800.00   3.34013e-14
       3805.00   3.71391e-14
       3810.00   3.97721e-14
       3815.00   3.92826e-14
       3820.00   3.73989e-14
       3825.00   3.79006e-14
       3830.00   3.53315e-14
       3835.00   3.29097e-14
       3840.00   3.25362e-14
       3845.00   3.59749e-14
       3850.00   3.81614e-14
       3855.00   4.27253e-14
       3860.00   4.34868e-14
       3865.00   4.08048e-14
       3870.00   4.12153e-14
       3875.00   3.93521e-14
       3880.00   3.97924e-14
       3885.00   3.72307e-14
       3890.00   3.51334e-14
       3895.00   3.81331e-14
       3900.00   4.24007e-14
       3905.00   4.26777e-14
       3910.00   4.29791e-14
       3915.00   4.30859e-14
       3920.00   4.09292e-14
       3925.00   3.82595e-14
       3930.00   3.46152e-14
       3935.00   3.67211e-14
       3940.00   3.90977e-14
       3945.00   4.18370e-14
       3950.00   4.26043e-14
       3955.00   4.06924e-14
       3960.00   3.90409e-14
       3965.00   3.63461e-14
       3970.00   3.54608e-14
       3975.00   3.72920e-14
       3980.00   3.96219e-14
       3985.00   4.42749e-14
       3990.00   4.49315e-14
       3995.00   4.37767e-14
       4000.00   4.40173e-14
       4005.00   4.54379e-14
       4010.00   4.60745e-14
       4015.00   4.64712e-14
       4020.00   4.67960e-14
       4025.00   4.49532e-14
       4030.00   4.40050e-14
       4035.00   4.34210e-14
       4040.00   4.44593e-14
       4045.00   4.53421e-14
       4050.00   4.43238e-14
       4055.00   4.74134e-14
       4060.00   4.45163e-14
       4065.00   4.38326e-14
       4070.00   4.46809e-14
       4075.00   4.43383e-14
       4080.00   4.36827e-14
       4085.00   4.28497e-14
       4090.00   4.14191e-14
       4095.00   4.55970e-14
       4100.00   4.40425e-14
       4105.00   4.46916e-14
       4110.00   4.18895e-14
       4115.00   4.20129e-14
       4120.00   4.28741e-14
       4125.00   4.17953e-14
       4130.00   4.24630e-14
       4135.00   4.18992e-14
       4140.00   4.24574e-14
       4145.00   4.29047e-14
       4150.00   4.45581e-14
       4155.00   4.43409e-14
       4160.00   4.46804e-14
       4165.00   4.36489e-14
       4170.00   4.41452e-14
       4175.00   4.39655e-14
       4180.00   4.29563e-14
       4185.00   4.35311e-14
       4190.00   4.37426e-14
       4195.00   4.37550e-14
       4200.00   4.46804e-14
       4205.00   4.33936e-14
       4210.00   4.15221e-14
       4215.00   4.15829e-14
       4220.00   4.14280e-14
       4225.00   4.14315e-14
       4230.00   4.33599e-14
       4235.00   4.40846e-14
       4240.00   4.38214e-14
       4245.00   4.43557e-14
       4250.00   4.34663e-14
       4255.00   4.32384e-14
       4260.00   4.30953e-14
       4265.00   4.30711e-14
       4270.00   4.36311e-14
       4275.00   4.40922e-14
       4280.00   4.29879e-14
       4285.00   4.17661e-14
       4290.00   4.20909e-14
       4295.00   4.26492e-14
       4300.00   4.17060e-14
       4305.00   4.24894e-14
       4310.00   4.28626e-14
       4315.00   4.41381e-14
       4320.00   4.41562e-14
       4325.00   4.29110e-14
       4330.00   4.43005e-14
       4335.00   5.34391e-14
       4340.00   5.06860e-14
       4345.00   4.35092e-14
       4350.00   4.02293e-14
       4355.00   4.19797e-14
       4360.00   4.16555e-14
       4365.00   4.03662e-14
       4370.00   3.99469e-14
       4375.00   4.13267e-14
       4380.00   4.00703e-14
       4385.00   3.84499e-14
       4390.00   3.93540e-14
       4395.00   4.08880e-14
       4400.00   4.16238e-14
       4405.00   4.14036e-14
       4410.00   4.13928e-14
       4415.00   4.28168e-14
       4420.00   4.21227e-14
       4425.00   4.10693e-14
       4430.00   4.16523e-14
       4435.00   4.08647e-14
       4440.00   3.84599e-14
       4445.00   4.01964e-14
       4450.00   4.12784e-14
       4455.00   4.11187e-14
       4460.00   4.02092e-14
       4465.00   4.21026e-14
       4470.00   4.41285e-14
       4475.00   4.37452e-14
       4480.00   4.13207e-14
       4485.00   4.20718e-14
       4490.00   4.20920e-14
       4495.00   4.20760e-14
       4500.00   4.47373e-14
       4505.00   4.54140e-14
       4510.00   4.45620e-14
       4515.00   4.29737e-14
       4520.00   4.32658e-14
       4525.00   4.00402e-14
       4530.00   4.02845e-14
       4535.00   4.08299e-14
       4540.00   4.03166e-14
       4545.00   4.22693e-14
       4550.00   4.34050e-14
       4555.00   4.26428e-14
       4560.00   4.26278e-14
       4565.00   4.24454e-14
       4570.00   4.37757e-14
       4575.00   4.22636e-14
       4580.00   4.23185e-14
       4585.00   4.38981e-14
       4590.00   4.32348e-14
       4595.00   4.22157e-14
       4600.00   4.16806e-14
       4605.00   4.16331e-14
       4610.00   4.56635e-14
       4615.00   4.63561e-14
       4620.00   4.50971e-14
       4625.00   4.50159e-14
       4630.00   4.41777e-14
       4635.00   4.30928e-14
       4640.00   4.27921e-14
       4645.00   4.48625e-14
       4650.00   4.31729e-14
       4655.00   4.31597e-14
       4660.00   4.25964e-14
       4665.00   4.24251e-14
       4670.00   4.31286e-14
       4675.00   4.31721e-14
       4680.00   4.24889e-14
       4685.00   4.12559e-14
       4690.00   4.25691e-14
       4695.00   4.14982e-14
       4700.00   4.29058e-14
       4705.00   4.08263e-14
       4710.00   4.18595e-14
       4715.00   4.35666e-14
       4720.00   4.38214e-14
       4725.00   4.28263e-14
       4730.00   4.21349e-14
       4735.00   4.20240e-14
       4740.00   4.40425e-14
       4745.00   4.06383e-14
       4750.00   4.11850e-14
       4755.00   4.11297e-14
       4760.00   4.07650e-14
       4765.00   3.97014e-14
       4770.00   3.99604e-14
       4775.00   4.01263e-14
       4780.00   4.16806e-14
       4785.00   4.25801e-14
       4790.00   4.21400e-14
       4795.00   4.23929e-14
       4800.00   4.24574e-14
       4805.00   4.06331e-14
       4810.00   4.19461e-14
       4815.00   4.29288e-14
       4820.00   4.12385e-14
       4825.00   3.95232e-14
       4830.00   4.07879e-14
       4835.00   4.02557e-14
       4840.00   3.81505e-14
       4845.00   3.90982e-14
       4850.00   4.28537e-14
       4855.00   6.87586e-14
       4860.00   7.92562e-14
       4865.00   5.54758e-14
       4870.00   3.95230e-14
       4875.00   3.70639e-14
       4880.00   3.78157e-14
       4885.00   3.89177e-14
       4890.00   3.99285e-14
       4895.00   3.94416e-14
       4900.00   4.06513e-14
       4905.00   4.05808e-14
       4910.00   4.06704e-14
       4915.00   4.02485e-14
       4920.00   3.97608e-14
       4925.00   3.99536e-14
       4930.00   3.93568e-14
       4935.00   3.71261e-14
       4940.00   3.64832e-14
       4945.00   3.89831e-14
       4950.00   4.02212e-14
       4955.00   4.18707e-14
       4960.00   4.30700e-14
       4965.00   4.17884e-14
       4970.00   4.13638e-14
       4975.00   4.01115e-14
       4980.00   3.74557e-14
       4985.00   3.79104e-14
       4990.00   3.83966e-14
       4995.00   4.10629e-14
       5000.00   4.79579e-14
       5005.00   5.51408e-14
       5010.00   4.73680e-14
       5015.00   4.04550e-14
       5020.00   3.83462e-14
       5025.00   3.83743e-14
       5030.00   3.94620e-14
       5035.00   3.89526e-14
       5040.00   3.76768e-14
       5045.00   3.76505e-14
       5050.00   3.85129e-14
       5055.00   3.75885e-14
       5060.00   3.93441e-14
       5065.00   3.81393e-14
       5070.00   3.95489e-14
       5075.00   3.79717e-14
       5080.00   3.66221e-14
       5085.00   3.87551e-14
       5090.00   4.06874e-14
       5095.00   4.04426e-14
       5100.00   3.84031e-14
       5105.00   3.79018e-14
       5110.00   3.94047e-14
       5115.00   3.83386e-14
       5120.00   3.84031e-14
       5125.00   3.87209e-14
       5130.00   3.77404e-14
       5135.00   3.79055e-14
       5140.00   3.76515e-14
       5145.00   3.73161e-14
       5150.00   3.82227e-14
       5155.00   3.92670e-14
       5160.00   3.93441e-14
       5165.00   3.65264e-14
       5170.00   3.63370e-14
       5175.00   3.88769e-14
       5180.00   3.80432e-14
       5185.00   3.63722e-14
       5190.00   3.62777e-14
       5195.00   3.83451e-14
       5200.00   3.88198e-14
       5205.00   3.57126e-14
       5210.00   3.41395e-14
       5215.00   3.55909e-14
       5220.00   3.76515e-14
       5225.00   3.72866e-14
       5230.00   3.78838e-14
       5235.00   3.98605e-14
       5240.00   3.93188e-14
       5245.00   3.87816e-14
       5250.00   3.65618e-14
       5255.00   3.91298e-14
       5260.00   3.82072e-14
       5265.00   3.75637e-14
       5270.00   3.56992e-14
       5275.00   3.67944e-14
       5280.00   3.55927e-14
       5285.00   3.61123e-14
       5290.00   3.76749e-14
       5295.00   3.77615e-14
       5300.00   3.77083e-14
       5305.00   3.79361e-14
       5310.00   3.78213e-14
       5315.00   3.64279e-14
       5320.00   3.57065e-14
       5325.00   3.48594e-14
       5330.00   3.73908e-14
       5335.00   3.88217e-14
       5340.00   3.73989e-14
       5345.00   3.77748e-14
       5350.00   3.82896e-14
       5355.00   3.74198e-14
       5360.00   3.72600e-14
       5365.00   3.83525e-14
       5370.00   3.76456e-14
       5375.00   3.55594e-14
       5380.00   3.39571e-14
       5385.00   3.70310e-14
       5390.00   3.13769e-14
       5395.00   2.21316e-14
       5400.00   3.61232e-14
       5405.00   3.36256e-14
       5410.00   2.18494e-14
       5415.00   3.32306e-14
       5420.00   3.42035e-14
       5425.00   3.31352e-14
       5430.00   3.44419e-14
       5435.00   3.95145e-14
       5440.00   3.54538e-14
       5445.00   3.62214e-14
       5450.00   3.87804e-14
       5455.00   3.62202e-14
       5460.00   3.38750e-14
       5465.00   3.53669e-14
       5470.00   3.87707e-14
       5475.00   2.93770e-14
       5480.00   2.54694e-14
       5485.00   3.60382e-14
       5490.00   3.11817e-14
       5495.00   2.67097e-14
       5500.00   3.80115e-14
       5505.00   3.51118e-14
       5510.00   3.63049e-14
       5515.00   3.64425e-14
       5520.00   3.83209e-14
       5525.00   3.83115e-14
       5530.00   3.83971e-14
       5535.00   3.81085e-14
       5540.00   3.60411e-14
       5545.00   3.43291e-14
       5550.00   3.61352e-14
       5555.00   3.79409e-14
       5560.00   3.54853e-14
       5565.00   3.44846e-14
       5570.00   3.67134e-14
       5575.00   3.92037e-14
       5580.00   3.22330e-14
       5585.00   3.44341e-14
       5590.00   3.39490e-14
       5595.00   3.49064e-14
       5600.00   3.32055e-14
       5605.00   3.53712e-14
       5610.00   3.51199e-14
       5615.00   3.40126e-14
       5620.00   3.62621e-14
       5625.00   3.69930e-14
       5630.00   3.67980e-14
       5635.00   3.47010e-14
       5640.00   3.62053e-14
       5645.00   3.60883e-14
       5650.00   3.88026e-14
       5655.00   3.52160e-14
       5660.00   3.47591e-14
       5665.00   3.32981e-14
       5670.00   3.38462e-14
       5675.00   3.50511e-14
       5680.00   3.60664e-14
       5685.00   3.57604e-14
       5690.00   3.77792e-14
       5695.00   3.96910e-14
       5700.00   3.77083e-14
       5705.00   3.38903e-14
       5710.00   3.75452e-14
       5715.00   3.62254e-14
       5720.00   3.73168e-14
       5725.00   3.52383e-14
       5730.00   3.92267e-14
       5735.00   4.04092e-14
       5740.00   3.99882e-14
       5745.00   3.55765e-14
       5750.00   3.41443e-14
       5755.00   3.73060e-14
       5760.00   3.65400e-14
       5765.00   3.55001e-14
       5770.00   3.59629e-14
       5775.00   3.57344e-14
       5780.00   3.37044e-14
       5785.00   3.31251e-14
       5790.00   3.46191e-14
       5795.00   3.45519e-14
       5800.00   3.72346e-14
       5805.00   3.65862e-14
       5810.00   3.78629e-14
       5815.00   3.63477e-14
       5820.00   3.68432e-14
       5825.00   3.41409e-14
       5830.00   3.51288e-14
       5835.00   3.59993e-14
       5840.00   3.71210e-14
       5845.00   3.63559e-14
       5850.00   3.93725e-14
       5855.00   3.94437e-14
       5860.00   3.63759e-14
       5865.00   3.68886e-14
       5870.00   3.78957e-14
       5875.00   4.20396e-14
       5880.00   3.73989e-14
       5885.00   3.33733e-14
       5890.00   3.00561e-14
       5895.00   3.04723e-14
       5900.00   3.31804e-14
       5905.00   3.78337e-14
       5910.00   3.18637e-14
       5915.00   3.14425e-14
       5920.00   3.58706e-14
       5925.00   3.54343e-14
       5930.00   3.49980e-14
       5935.00   3.36299e-14
       5940.00   3.94009e-14
       5945.00   3.86273e-14
       5950.00   3.85227e-14
       5955.00   3.61391e-14
       5960.00   3.68748e-14
       5965.00   3.42032e-14
       5970.00   3.52069e-14
       5975.00   3.56023e-14
       5980.00   3.26498e-14
       5985.00   3.52511e-14
       5990.00   3.20439e-14
       5995.00   3.40452e-14
       6000.00   3.17341e-14
       6005.00   3.36563e-14
       6010.00   3.13241e-14
       6015.00   3.12222e-14
       6020.00   3.33192e-14
       6025.00   3.18162e-14
       6030.00   3.46994e-14
       6035.00   3.38770e-14
       6040.00   3.53717e-14
       6045.00   3.39322e-14
       6050.00   3.90484e-14
       6055.00   3.87929e-14
       6060.00   3.53464e-14
       6065.00   3.49826e-14
       6070.00   3.66389e-14
       6075.00   3.64880e-14
       6080.00   3.57633e-14
       6085.00   3.77419e-14
       6090.00   3.39737e-14
       6095.00   3.13843e-14
       6100.00   3.42035e-14
       6105.00   3.29813e-14
       6110.00   3.53354e-14
       6115.00   3.59229e-14
       6120.00   3.35402e-14
       6125.00   3.53597e-14
       6130.00   3.21145e-14
       6135.00   3.18498e-14
       6140.00   3.31804e-14
       6145.00   3.30656e-14
       6150.00   3.36837e-14
       6155.00   3.16579e-14
       6160.00   3.25109e-14
       6165.00   3.16045e-14
       6170.00   3.28117e-14
       6175.00   3.12543e-14
       6180.00   3.43991e-14
       6185.00   3.20895e-14
       6190.00   3.22736e-14
       6195.00   3.41691e-14
       6200.00   3.34266e-14
       6205.00   3.36216e-14
       6210.00   3.68944e-14
       6215.00   3.27935e-14
       6220.00   3.41529e-14
       6225.00   3.14776e-14
       6230.00   2.82714e-14
       6235.00   2.63637e-14
       6240.00   3.21762e-14
       6245.00   3.32155e-14
       6250.00   2.77164e-14
       6255.00   3.21858e-14
       6260.00   3.36225e-14
       6265.00   3.49110e-14
       6270.00   3.45582e-14
       6275.00   3.57353e-14
       6280.00   3.45949e-14
       6285.00   3.24818e-14
       6290.00   3.44047e-14
       6295.00   3.80282e-14
       6300.00   3.36792e-14
       6305.00   3.02635e-14
       6310.00   3.20417e-14
       6315.00   3.12314e-14
       6320.00   3.51507e-14
       6325.00   2.96306e-14
       6330.00   3.22217e-14
       6335.00   2.91129e-14
       6340.00   3.03447e-14
       6345.00   3.10361e-14
       6350.00   3.35257e-14
       6355.00   3.40004e-14
       6360.00   3.32877e-14
       6365.00   3.72032e-14
       6370.00   3.34316e-14
       6375.00   3.14790e-14
       6380.00   3.36792e-14
       6385.00   3.69933e-14
       6390.00   3.12731e-14
       6395.00   2.85612e-14
       6400.00   2.93406e-14
       6405.00   3.43466e-14
       6410.00   3.19638e-14
       6415.00   3.23799e-14
       6420.00   3.46202e-14
       6425.00   2.80181e-14
       6430.00   3.30200e-14
       6435.00   2.69438e-14
       6440.00   3.48476e-14
       6445.00   2.98485e-14
       6450.00   3.17527e-14
       6455.00   3.01450e-14
       6460.00   3.12604e-14
       6465.00   3.06447e-14
       6470.00   3.03293e-14
       6475.00   3.26336e-14
       6480.00   3.33192e-14
       6485.00   3.25071e-14
       6490.00   3.21053e-14
       6495.00   3.11382e-14
       6500.00   3.03447e-14
       6505.00   3.12275e-14
       6510.00   3.07058e-14
       6515.00   3.05910e-14
       6520.00   2.98459e-14
       6525.00   3.09242e-14
       6530.00   3.23385e-14
       6535.00   3.83913e-14
       6540.00   5.28776e-14
       6545.00   5.97149e-14
       6550.00   8.33726e-14
       6555.00   1.89455e-13
       6560.00   1.97225e-13
       6565.00   7.95820e-14
       6570.00   4.87344e-14
       6575.00   8.46548e-14
       6580.00   1.09570e-13
       6585.00   5.94887e-14
       6590.00   3.54519e-14
       6595.00   3.42980e-14
       6600.00   3.25931e-14
       6605.00   3.01354e-14
       6610.00   2.91490e-14
       6615.00   2.88700e-14
       6620.00   3.03700e-14
       6625.00   3.06356e-14
       6630.00   3.13523e-14
       6635.00   3.10110e-14
       6640.00   3.00354e-14
       6645.00   3.00215e-14
       6650.00   3.00537e-14
       6655.00   2.96609e-14
       6660.00   3.13995e-14
       6665.00   3.16059e-14
       6670.00   3.38968e-14
       6675.00   3.42958e-14
       6680.00   3.22077e-14
       6685.00   3.11724e-14
       6690.00   3.09365e-14
       6695.00   3.03881e-14
       6700.00   3.12352e-14
       6705.00   3.38448e-14
       6710.00   4.71579e-14
       6715.00   5.15706e-14
       6720.00   4.18764e-14
       6725.00   4.80202e-14
       6730.00   4.67860e-14
       6735.00   3.29168e-14
       6740.00   2.97069e-14
       6745.00   2.94152e-14
       6750.00   2.73052e-14
       6755.00   2.41283e-14
       6760.00   2.73260e-14
       6765.00   2.85386e-14
       6770.00   2.81591e-14
       6775.00   2.98075e-14
       6780.00   3.26246e-14
       6785.00   3.14113e-14
       6790.00   2.99957e-14
       6795.00   3.07250e-14
       6800.00   2.91765e-14
       6805.00   3.02647e-14
       6810.00   3.33175e-14
       6815.00   3.54223e-14
       6820.00   3.08437e-14
       6825.00   2.86304e-14
       6830.00   3.09833e-14
       6835.00   2.99773e-14
       6840.00   3.18162e-14
       6845.00   3.20150e-14
       6850.00   3.33596e-14
       6855.00   3.09485e-14
       6860.00   3.34267e-14
       6865.00   3.39891e-14
       6870.00   3.09255e-14
       6875.00   2.83208e-14
       6880.00   2.89807e-14
       6885.00   3.17318e-14
       6890.00   2.68536e-14
       6895.00   2.58165e-14
       6900.00   2.89238e-14
       6905.00   2.91766e-14
       6910.00   3.12549e-14
       6915.00   2.91434e-14
       6920.00   2.95932e-14
       6925.00   3.38726e-14
       6930.00   3.75795e-14
       6935.00   3.42437e-14
       6940.00   3.14562e-14
       6945.00   3.19482e-14
       6950.00   3.07674e-14
       6955.00   3.12283e-14
       6960.00   2.72440e-14
       6965.00   2.53642e-14
       6970.00   2.91544e-14
       6975.00   2.83235e-14
       6980.00   2.23875e-14
       6985.00   2.69342e-14
       6990.00   2.95902e-14
       6995.00   3.38979e-14
       7000.00   2.64925e-14
       7005.00   1.79612e-14
       7010.00   2.34099e-14
       7015.00   2.95271e-14
       7020.00   2.83681e-14
       7025.00   2.83214e-14
       7030.00   2.83327e-14
       7035.00   2.78786e-14
       7040.00   2.79828e-14
       7045.00   2.83488e-14
       7050.00   2.87224e-14
       7055.00   2.78320e-14
       7060.00   2.77871e-14
       7065.00   2.85026e-14
       7070.00   2.82918e-14
       7075.00   2.78367e-14
       7080.00   2.73387e-14
       7085.00   2.66556e-14
       7090.00   2.65936e-14
       7095.00   2.65680e-14
       7100.00   2.73325e-14
       7105.00   2.65024e-14
       7110.00   2.65164e-14
       7115.00   2.69995e-14
       7120.00   2.65872e-14
       7125.00   2.64405e-14
       7130.00   2.75359e-14
       7135.00   2.89641e-14
       7140.00   2.75977e-14
       7145.00   2.71139e-14
       7150.00   2.60227e-14
       7155.00   2.59329e-14
       7160.00   2.61893e-14
       7165.00   2.68137e-14
       7170.00   2.71633e-14
       7175.00   2.64783e-14
       7180.00   2.66756e-14
       7185.00   2.65296e-14
       7190.00   2.58545e-14
       7195.00   2.59082e-14
       7200.00   2.55516e-14
       7205.00   2.61703e-14
       7210.00   2.47879e-14
       7215.00   2.50202e-14
       7220.00   2.63345e-14
       7225.00   2.64918e-14
       7230.00   2.65038e-14
       7235.00   2.68563e-14
       7240.00   2.65114e-14
       7245.00   2.67920e-14
       7250.00   2.63794e-14
       7255.00   2.63402e-14
       7260.00   2.60378e-14
       7265.00   2.73776e-14
       7270.00   2.66731e-14
       7275.00   2.72925e-14
       7280.00   2.64672e-14
       7285.00   2.65051e-14
       7290.00   2.59226e-14
       7295.00   2.70256e-14
       7300.00   2.72566e-14
       7305.00   2.63027e-14
       7310.00   2.65014e-14
       7315.00   2.64388e-14
       7320.00   2.85387e-14
       7325.00   2.77935e-14
       7330.00   2.75996e-14
       7335.00   2.79496e-14
       7340.00   2.69282e-14
       7345.00   2.70403e-14
       7350.00   2.70664e-14
       7355.00   2.73484e-14
       7360.00   2.73576e-14
       7365.00   2.73424e-14
       7370.00   2.75568e-14
       7375.00   2.74216e-14
       7380.00   2.74587e-14
       7385.00   2.70300e-14
       7390.00   2.71147e-14
       7395.00   2.75653e-14
       7400.00   2.64167e-14
       7405.00   2.73405e-14
       7410.00   2.74775e-14
       7415.00   2.69509e-14
       7420.00   2.58420e-14
       7425.00   2.68001e-14
       7430.00   2.76280e-14
       7435.00   2.64867e-14
       7440.00   2.67893e-14
       7445.00   2.70375e-14
       7450.00   2.69064e-14
       7455.00   2.69249e-14
       7460.00   2.63093e-14
       7465.00   2.72022e-14
       7470.00   2.71581e-14
       7475.00   2.74146e-14
       7480.00   2.73703e-14
       7485.00   2.76185e-14
       7490.00   2.66095e-14
       7495.00   2.57995e-14
       7500.00   2.68145e-14
       7505.00   2.74329e-14
       7510.00   2.72163e-14
       7515.00   2.71781e-14
       7520.00   2.76860e-14
       7525.00   2.68262e-14
       7530.00   2.71568e-14
       7535.00   2.66269e-14
       7540.00   2.77871e-14
       7545.00   2.79878e-14
       7550.00   2.78094e-14
       7555.00   2.93429e-14
       7560.00   3.06480e-14
       7565.00   2.57052e-14
       7570.00   2.40186e-14
       7575.00   2.45883e-14
       7580.00   2.80081e-14
       7585.00   2.80506e-14
       7590.00   2.59921e-14
       7595.00   2.30995e-14
       7600.00   2.33791e-14
       7605.00   2.42944e-14
       7610.00   2.55590e-14
       7615.00   2.52112e-14
       7620.00   2.52547e-14
       7625.00   2.43549e-14
       7630.00   2.47166e-14
       7635.00   2.56007e-14
       7640.00   2.54378e-14
       7645.00   2.56394e-14
       7650.00   2.55045e-14
       7655.00   2.54332e-14
       7660.00   2.44464e-14
       7665.00   2.42590e-14
       7670.00   2.58875e-14
       7675.00   2.53554e-14
       7680.00   2.41243e-14
       7685.00   2.32872e-14
       7690.00   2.52763e-14
       7695.00   2.55089e-14
       7700.00   2.59114e-14
       7705.00   2.55295e-14
       7710.00   2.47082e-14
       7715.00   2.43906e-14
       7720.00   2.44337e-14
       7725.00   2.55678e-14
       7730.00   2.51452e-14
       7735.00   2.56179e-14
       7740.00   2.58357e-14
       7745.00   2.54177e-14
       7750.00   2.64767e-14
       7755.00   2.67339e-14
       7760.00   2.44905e-14
       7765.00   2.58336e-14
       7770.00   2.52251e-14
       7775.00   2.53471e-14
       7780.00   2.62841e-14
       7785.00   2.44086e-14
       7790.00   2.51620e-14
       7795.00   2.55373e-14
       7800.00   2.58925e-14
       7805.00   2.66869e-14
       7810.00   2.78284e-14
       7815.00   2.66814e-14
       7820.00   2.70481e-14
       7825.00   2.50956e-14
       7830.00   2.47989e-14
       7835.00   2.50655e-14
       7840.00   2.57283e-14
       7845.00   2.53881e-14
       7850.00   2.47622e-14
       7855.00   2.46655e-14
       7860.00   2.57473e-14
       7865.00   2.69445e-14
       7870.00   2.66686e-14
       7875.00   2.55058e-14
       7880.00   2.36885e-14
       7885.00   2.37860e-14
       7890.00   2.55542e-14
       7895.00   2.53936e-14
       7900.00   2.50652e-14
       7905.00   2.54768e-14
       7910.00   2.47667e-14
       7915.00   2.46551e-14
       7920.00   2.48505e-14
       7925.00   2.40847e-14
       7930.00   2.39213e-14
       7935.00   2.37592e-14
       7940.00   2.40295e-14
       7945.00   2.40757e-14
       7950.00   2.46172e-14
       7955.00   2.44677e-14
       7960.00   2.33854e-14
       7965.00   2.45432e-14
       7970.00   2.56292e-14
       7975.00   2.52409e-14
       7980.00   2.58230e-14
       7985.00   2.37773e-14
       7990.00   2.51899e-14
       7995.00   2.45984e-14
       8000.00   2.60062e-14
       8005.00   2.60186e-14
       8010.00   2.58382e-14
       8015.00   2.55516e-14
       8020.00   2.39790e-14
       8025.00   2.55073e-14
       8030.00   2.60047e-14
       8035.00   2.51671e-14
       8040.00   2.49073e-14
       8045.00   2.52623e-14
       8050.00   2.50939e-14
       8055.00   2.59087e-14
       8060.00   2.57725e-14
       8065.00   2.48548e-14
       8070.00   2.49552e-14
       8075.00   2.53154e-14
       8080.00   2.53305e-14
       8085.00   2.46342e-14
       8090.00   2.47217e-14
       8095.00   2.49733e-14
       8100.00   2.53241e-14
       8105.00   2.54865e-14
       8110.00   2.50297e-14
       8115.00   2.47119e-14
       8120.00   2.58294e-14
       8125.00   2.60132e-14
       8130.00   2.54467e-14
       8135.00   2.56693e-14
       8140.00   2.55452e-14
       8145.00   2.59011e-14
       8150.00   2.52686e-14
       8155.00   2.49729e-14
       8160.00   2.52610e-14
       8165.00   2.58190e-14
       8170.00   2.55856e-14
       8175.00   2.57927e-14
       8180.00   2.60125e-14
       8185.00   2.54311e-14
       8190.00   2.46443e-14
       8195.00   2.38973e-14
       8200.00   2.43010e-14
       8205.00   2.45927e-14
       8210.00   2.46912e-14
       8215.00   2.50313e-14
       8220.00   2.53368e-14
       8225.00   2.39287e-14
       8230.00   2.50587e-14
       8235.00   2.60112e-14
       8240.00   2.63978e-14
       8245.00   2.42649e-14
       8250.00   2.43245e-14
       8255.00   2.35324e-14
       8260.00   2.27349e-14
       8265.00   2.28413e-14
       8270.00   2.46378e-14
       8275.00   2.41223e-14
       8280.00   2.34991e-14
       8285.00   2.49681e-14
       8290.00   2.56695e-14
       8295.00   2.86233e-14
       8300.00   2.61010e-14
       8305.00   2.30708e-14
       8310.00   2.02588e-14
       8315.00   2.23343e-14
       8320.00   2.42632e-14
       8325.00   2.40497e-14
       8330.00   2.45941e-14
       8335.00   2.47698e-14
       8340.00   2.55578e-14
       8345.00   2.46720e-14
       8350.00   2.63980e-14
       8355.00   2.42084e-14
       8360.00   2.43137e-14
       8365.00   2.33749e-14
       8370.00   2.43440e-14
       8375.00   2.45300e-14
       8380.00   2.60567e-14
       8385.00   2.56424e-14
       8390.00   2.05823e-14
       8395.00   2.11509e-14
       8400.00   2.41306e-14
       8405.00   2.45253e-14
       8410.00   2.53557e-14
       8415.00   2.51240e-14
       8420.00   2.48884e-14
       8425.00   2.30577e-14
       8430.00   2.09657e-14
       8435.00   2.36971e-14
       8440.00   2.49642e-14
       8445.00   2.58716e-14
       8450.00   2.46087e-14
       8455.00   2.48713e-14
       8460.00   2.44148e-14
       8465.00   2.25706e-14
       8470.00   2.17629e-14
       8475.00   2.43414e-14
       8480.00   2.42063e-14
       8485.00   2.51543e-14
       8490.00   2.41866e-14
       8495.00   2.25254e-14
       8500.00   2.32022e-14
       8505.00   2.25128e-14
       8510.00   2.34854e-14
       8515.00   2.24182e-14
       8520.00   2.31580e-14
       8525.00   2.28615e-14
       8530.00   2.26047e-14
       8535.00   2.13912e-14
       8540.00   2.04172e-14
       8545.00   2.06875e-14
       8550.00   2.25192e-14
       8555.00   2.47295e-14
       8560.00   2.44842e-14
       8565.00   2.41001e-14
       8570.00   2.50800e-14
       8575.00   2.39579e-14
       8580.00   2.44337e-14
       8585.00   2.52496e-14
       8590.00   2.37876e-14
       8595.00   2.53114e-14
       8600.00   2.45663e-14
       8605.00   2.44530e-14
       8610.00   2.55870e-14
       8615.00   2.42096e-14
       8620.00   2.46169e-14
       8625.00   2.53861e-14
       8630.00   2.58708e-14
       8635.00   2.40978e-14
       8640.00   2.39979e-14
       8645.00   2.40819e-14
       8650.00   2.41627e-14
       8655.00   2.23310e-14
       8660.00   2.13266e-14
       8665.00   2.14969e-14
       8670.00   2.27701e-14
       8675.00   2.38183e-14
       8680.00   2.43579e-14
       8685.00   2.47031e-14
       8690.00   2.43578e-14
       8695.00   2.52186e-14
       8700.00   2.49768e-14
       8705.00   2.59578e-14
       8710.00   2.68909e-14
       8715.00   2.74357e-14
       8720.00   2.67514e-14
       8725.00   2.41056e-14
       8730.00   2.41976e-14
       8735.00   2.39121e-14
       8740.00   2.38590e-14
       8745.00   2.45781e-14
       8750.00   2.54372e-14
       8755.00   2.40009e-14
       8760.00   2.53305e-14
       8765.00   2.53249e-14
       8770.00   2.60135e-14
       8775.00   3.09998e-14
       8780.00   2.92017e-14
       8785.00   2.47902e-14
       8790.00   2.10888e-14
       8795.00   2.24372e-14
       8800.00   2.33159e-14
       8805.00   2.46210e-14
       8810.00   2.49150e-14
       8815.00   2.60802e-14
       8820.00   2.58862e-14
       8825.00   2.51397e-14
       8830.00   2.51329e-14
       8835.00   2.97863e-14
       8840.00   2.85955e-14
       8845.00   2.42184e-14
       8850.00   2.34153e-14
       8855.00   2.56878e-14
       8860.00   2.39979e-14
       8865.00   2.63398e-14
       8870.00   2.64825e-14
       8875.00   2.29164e-14
       8880.00   2.09224e-14
       8885.00   2.15824e-14
       8890.00   2.60921e-14
       8895.00   2.59417e-14
       8900.00   2.45221e-14
       8905.00   2.55061e-14
       8910.00   2.57929e-14
       8915.00   2.23875e-14
       8920.00   2.11813e-14
       8925.00   2.36656e-14
       8930.00   2.49457e-14
       8935.00   2.61685e-14
       8940.00   2.35937e-14
       8945.00   2.55168e-14
       8950.00   2.59528e-14
       8955.00   2.41865e-14
       8960.00   2.35496e-14
       8965.00   2.33526e-14
       8970.00   2.41266e-14
       8975.00   2.50504e-14
       8980.00   2.61641e-14
       8985.00   2.58112e-14
       8990.00   2.61680e-14
       8995.00   2.48053e-14
       9000.00   2.47622e-14
       9005.00   2.32083e-14
       9010.00   2.33075e-14
       9015.00   2.46733e-14
       9020.00   2.27854e-14
       9025.00   2.38429e-14
       9030.00   2.53352e-14
       9035.00   2.45483e-14
       9040.00   2.43895e-14
       9045.00   2.59299e-14
       9050.00   2.67561e-14
       9055.00   2.64374e-14
       9060.00   3.06795e-14
       9065.00   4.68902e-14
       9070.00   5.18140e-14
       9075.00   3.17328e-14
       9080.00   2.49390e-14
       9085.00   2.48676e-14
       9090.00   2.54966e-14
       9095.00   2.62582e-14
       9100.00   2.51031e-14
       9105.00   2.58564e-14
       9110.00   2.47858e-14
       9115.00   2.51751e-14
       9120.00   2.53873e-14
       9125.00   2.47639e-14
       9130.00   2.61610e-14
       9135.00   2.61997e-14
       9140.00   2.61514e-14
       9145.00   2.38250e-14
       9150.00   2.35349e-14
       9155.00   2.28909e-14
       9160.00   2.47052e-14
       9165.00   2.38149e-14
       9170.00   2.34106e-14
       9175.00   2.35705e-14
       9180.00   2.36380e-14
       9185.00   2.36104e-14
       9190.00   2.34043e-14
       9195.00   2.30539e-14
       9200.00   2.33285e-14
       9205.00   2.17386e-14
       9210.00   2.28550e-14
       9215.00   2.18282e-14
       9220.00   2.14971e-14
       9225.00   2.28936e-14
       9230.00   2.42629e-14
       9235.00   2.24835e-14
       9240.00   2.24255e-14
       9245.00   2.33193e-14
       9250.00   2.34464e-14
       9255.00   2.98597e-14
       9260.00   2.78124e-14
       9265.00   1.91778e-14
       9270.00   1.74712e-14
       9275.00   1.83197e-14
       9280.00   2.06635e-14
       9285.00   1.72951e-14
       9290.00   2.11608e-14
       9295.00   2.37970e-14
       9300.00   2.17876e-14
       9305.00   2.40105e-14
       9310.00   2.30742e-14
       9315.00   2.49517e-14
       9320.00   3.32625e-14
       9325.00   3.52029e-14
       9330.00   1.68571e-14
       9335.00   2.26470e-14
       9340.00   1.81184e-14
       9345.00   2.44806e-14
       9350.00   2.52729e-14
       9355.00   2.02475e-14
       9360.00   2.46800e-14
       9365.00   2.33008e-14
       9370.00   2.32748e-14
       9375.00   1.93957e-14
       9380.00   2.24949e-14
       9385.00   2.84953e-14
       9390.00   2.48388e-14
       9395.00   1.94875e-14
       9400.00   1.60029e-14
       9405.00   2.10612e-14
       9410.00   2.34579e-14
       9415.00   1.63865e-14
       9420.00   2.01709e-14
       9425.00   2.45961e-14
       9430.00   2.15907e-14
       9435.00   1.68081e-14
       9440.00   1.76069e-14
       9445.00   2.44696e-14
       9450.00   2.78433e-14
       9455.00   2.41820e-14
       9460.00   2.06067e-14
       9465.00   2.12549e-14
       9470.00   1.93120e-14
       9475.00   1.82576e-14
       9480.00   1.90657e-14
       9485.00   2.19294e-14
       9490.00   1.74410e-14
       9495.00   2.33509e-14
       9500.00   2.47810e-14
       9505.00   2.60831e-14
       9510.00   2.27935e-14
       9515.00   2.33377e-14
       9520.00   3.28456e-14
       9525.00   4.84876e-14
       9530.00   8.03554e-14
       9535.00   5.31116e-14
       9540.00   2.73703e-14
       9545.00   2.68054e-14
       9550.00   2.38180e-14
       9555.00   2.28005e-14
       9560.00   2.15224e-14
       9565.00   2.06558e-14
       9570.00   2.30214e-14
       9575.00   2.50062e-14
       9580.00   2.39790e-14
       9585.00   2.54626e-14
       9590.00   2.29841e-14
       9595.00   2.31475e-14
       9600.00   2.22928e-14
       9605.00   2.55608e-14
       9610.00   2.60498e-14
       9615.00   2.64371e-14
       9620.00   2.26023e-14
       9625.00   2.37139e-14
       9630.00   2.44489e-14
       9635.00   2.29549e-14
       9640.00   2.13014e-14
       9645.00   2.49083e-14
       9650.00   2.67285e-14
       9655.00   2.36867e-14
       9660.00   2.39853e-14
       9665.00   2.98945e-14
       9670.00   2.11028e-14
       9675.00   2.07845e-14
       9680.00   2.29370e-14
       9685.00   2.51356e-14
       9690.00   2.47878e-14
       9695.00   2.18163e-14
       9700.00   2.37833e-14
       9705.00   2.81744e-14
       9710.00   2.44056e-14
       9715.00   2.35584e-14
       9720.00   2.35369e-14
       9725.00   2.55175e-14
       9730.00   2.29666e-14
       9735.00   2.52567e-14
       9740.00   2.83428e-14
       9745.00   2.35248e-14
       9750.00   2.02660e-14
       9755.00   2.40046e-14
       9760.00   2.30569e-14
       9765.00   2.46404e-14
       9770.00   2.31555e-14
       9775.00   2.47060e-14
       9780.00   2.42568e-14
       9785.00   2.45261e-14
       9790.00   2.67030e-14
       9795.00   2.78622e-14
       9800.00   2.45284e-14
       9805.00   2.35244e-14
       9810.00   2.58213e-14
       9815.00   3.20150e-14
       9820.00   2.81787e-14
       9825.00   2.33441e-14
       9830.00   1.68489e-14
       9835.00   2.38787e-14
       9840.00   2.83428e-14
       9845.00   2.51175e-14
       9850.00   2.52951e-14
       9855.00   2.65525e-14
       9860.00   3.05090e-14
       9865.00   2.55494e-14
       9870.00   2.23628e-14
       9875.00   2.28362e-14
       9880.00   2.86776e-14
       9885.00   2.92179e-14
       9890.00   3.45747e-14
       9895.00   2.96989e-14
       9900.00   2.87849e-14
       9905.00   3.08603e-14
       9910.00   3.41981e-14
       9915.00   2.89276e-14
       9920.00   2.42253e-14
       9925.00   2.74734e-14
       9930.00   2.56457e-14
       9935.00   2.56551e-14
       9940.00   2.65998e-14
       9945.00   2.95047e-14
