       1235.00   2.56445e-14
       1240.00   2.81018e-14
       1245.00   3.31038e-14
       1250.00   3.03631e-14
       1255.00   2.21963e-14
       1260.00   2.50935e-14
       1265.00   3.60088e-14
       1270.00   4.08590e-14
       1275.00   4.05955e-14
       1280.00   3.80927e-14
       1285.00   4.07199e-14
       1290.00   3.65169e-14
       1295.00   2.66744e-14
       1300.00   2.02998e-14
       1305.00   2.89017e-14
       1310.00   3.62656e-14
       1315.00   3.57710e-14
       1320.00   3.67354e-14
       1325.00   3.44519e-14
       1330.00   2.37653e-14
       1335.00   2.31191e-14
       1340.00   3.60506e-14
       1345.00   3.64356e-14
       1350.00   3.75362e-14
       1355.00   3.74838e-14
       1360.00   3.66741e-14
       1365.00   3.61155e-14
       1370.00   3.74644e-14
       1375.00   3.49837e-14
       1380.00   2.81874e-14
       1385.00   2.46322e-14
       1390.00   1.85328e-14
       1395.00   1.87780e-14
       1400.00   2.65121e-14
       1405.00   3.40747e-14
       1410.00   3.67330e-14
       1415.00   3.20641e-14
       1420.00   3.49378e-14
       1425.00   3.16862e-14
       1430.00   3.20651e-14
       1435.00   2.83829e-14
       1440.00   3.57203e-14
       1445.00   3.42137e-14
       1450.00   3.31067e-14
       1455.00   3.36244e-14
       1460.00   3.90220e-14
       1465.00   3.74261e-14
       1470.00   3.60141e-14
       1475.00   3.76273e-14
       1480.00   3.98537e-14
       1485.00   4.22137e-14
       1490.00   4.42539e-14
       1495.00   3.97305e-14
       1500.00   3.52311e-14
       1505.00   3.51291e-14
       1510.00   3.57517e-14
       1515.00   3.54420e-14
       1520.00   3.34947e-14
       1525.00   2.99558e-14
       1530.00   2.90958e-14
       1535.00   2.49020e-14
       1540.00   1.82576e-14
       1545.00   1.07018e-14
       1550.00   1.81175e-14
       1555.00   3.10485e-14
       1560.00   3.36292e-14
       1565.00   2.65233e-14
       1570.00   3.28343e-14
       1575.00   3.57345e-14
       1580.00   3.17337e-14
       1585.00   3.27855e-14
       1590.00   3.29836e-14
       1595.00   2.98748e-14
       1600.00   2.65977e-14
       1605.00   2.35524e-14
       1610.00   2.43642e-14
       1615.00   2.47889e-14
       1620.00   3.13670e-14
       1625.00   2.95560e-14
       1630.00   3.24430e-14
       1635.00   3.22795e-14
       1640.00   3.27977e-14
       1645.00   3.73700e-14
       1650.00   3.92135e-14
       1655.00   3.71595e-14
       1660.00   3.20273e-14
       1665.00   2.63116e-14
       1670.00   2.46390e-14
       1675.00   3.45562e-14
       1680.00   3.55247e-14
       1685.00   4.01972e-14
       1690.00   3.64766e-14
       1695.00   3.56737e-14
       1700.00   3.24797e-14
       1705.00   3.42310e-14
       1710.00   3.19694e-14
       1715.00   3.18151e-14
       1720.00   3.23452e-14
       1725.00   3.37756e-14
       1730.00   3.73007e-14
       1735.00   3.86359e-14
       1740.00   3.98415e-14
       1745.00   3.99208e-14
       1750.00   3.82991e-14
       1755.00   4.02132e-14
       1760.00   3.95846e-14
       1765.00   3.79649e-14
       1770.00   3.74550e-14
       1775.00   3.70698e-14
       1780.00   3.91444e-14
       1785.00   3.82717e-14
       1790.00   3.61089e-14
       1795.00   3.81105e-14
       1800.00   3.93645e-14
       1805.00   3.86644e-14
       1810.00   4.02763e-14
       1815.00   4.03929e-14
       1820.00   3.99271e-14
       1825.00   3.79373e-14
       1830.00   3.94153e-14
       1835.00   4.00949e-14
       1840.00   3.84474e-14
       1845.00   3.18124e-14
       1850.00   2.88657e-14
       1855.00   3.10763e-14
       1860.00   3.13791e-14
       1865.00   3.70043e-14
       1870.00   3.86334e-14
       1875.00   3.79375e-14
       1880.00   3.64173e-14
       1885.00   3.43484e-14
       1890.00   3.19057e-14
       1895.00   3.19874e-14
       1900.00   3.23452e-14
       1905.00   3.61297e-14
       1910.00   3.54005e-14
       1915.00   3.18817e-14
       1920.00   3.11713e-14
       1925.00   3.15521e-14
       1930.00   3.12198e-14
       1935.00   3.43100e-14
       1940.00   3.43996e-14
       1945.00   3.48760e-14
       1950.00   3.54726e-14
       1955.00   3.24830e-14
       1960.00   2.97527e-14
       1965.00   3.25048e-14
       1970.00   2.86011e-14
       1975.00   6.77782e-14
       1980.00   5.62160e-14
       1985.00   3.47309e-14
       1990.00   2.03395e-14
       1995.00   4.27009e-14
       2000.00   2.69034e-14
       2005.00   2.49085e-14
       2010.00   2.62403e-14
       2015.00   3.43889e-14
       2020.00   4.32900e-14
       2025.00   3.32193e-14
       2030.00   3.03800e-14
       2035.00   3.95747e-14
       2040.00   2.98017e-14
       2045.00   3.69822e-14
       2050.00   2.72274e-14
       2055.00   3.08686e-14
       2060.00   3.66741e-14
       2065.00   3.87866e-14
       2070.00   3.67924e-14
       2075.00   3.83038e-14
       2080.00   4.08564e-14
       2085.00   3.23978e-14
       2090.00   3.06292e-14
       2095.00   3.50219e-14
       2100.00   2.47633e-14
       2105.00   3.34573e-14
       2110.00   3.87912e-14
       2115.00   3.89344e-14
       2120.00   4.12111e-14
       2125.00   3.70373e-14
       2130.00   3.89172e-14
       2135.00   3.34491e-14
       2140.00   2.43109e-14
       2145.00   3.90512e-14
       2150.00   3.88362e-14
       2155.00   3.19442e-14
       2160.00   4.11255e-14
       2165.00   2.86802e-14
       2170.00   2.72602e-14
       2175.00   3.19421e-14
       2180.00   3.31523e-14
       2185.00   3.27752e-14
       2190.00   3.94981e-14
       2195.00   1.96563e-14
       2200.00   3.41428e-14
       2205.00   3.45938e-14
       2210.00   3.10319e-14
       2215.00   3.36948e-14
       2220.00   2.34548e-14
       2225.00   3.20304e-14
       2230.00   3.08146e-14
       2235.00   3.60164e-14
       2240.00   3.53657e-14
       2245.00   3.81777e-14
       2250.00   3.65066e-14
       2255.00   3.82419e-14
       2260.00   3.29566e-14
       2265.00   2.50295e-14
       2270.00   3.84807e-14
       2275.00   2.90522e-14
       2280.00   3.31278e-14
       2285.00   3.90090e-14
       2290.00   3.05792e-14
       2295.00   4.07736e-14
       2300.00   3.16848e-14
       2305.00   2.84453e-14
       2310.00   3.35081e-14
       2315.00   3.32982e-14
       2320.00   3.47175e-14
       2325.00   3.61530e-14
       2330.00   3.15610e-14
       2335.00   2.92629e-14
       2340.00   2.76738e-14
       2345.00   2.39573e-14
       2350.00   2.44876e-14
       2355.00   2.14381e-14
       2360.00   3.99026e-14
       2365.00   2.72702e-14
       2370.00   2.73496e-14
       2375.00   2.71923e-14
       2380.00   1.91748e-14
       2385.00   2.57077e-14
       2390.00   2.38449e-14
       2395.00   3.54384e-14
       2400.00   2.65732e-14
       2405.00   2.98516e-14
       2410.00   2.79110e-14
       2415.00   3.24068e-14
       2420.00   3.21985e-14
       2425.00   3.60253e-14
       2430.00   3.23994e-14
       2435.00   3.56438e-14
       2440.00   2.95815e-14
       2445.00   3.55091e-14
       2450.00   2.98467e-14
       2455.00   3.69107e-14
       2460.00   2.90801e-14
       2465.00   3.38668e-14
       2470.00   3.34473e-14
       2475.00   3.34434e-14
       2480.00   2.74536e-14
       2485.00   3.34221e-14
       2490.00   3.02713e-14
       2495.00   2.90394e-14
       2500.00   2.73926e-14
       2505.00   3.32544e-14
       2510.00   2.98740e-14
       2515.00   3.19600e-14
       2520.00   3.41063e-14
       2525.00   3.10763e-14
       2530.00   3.04818e-14
       2535.00   2.57224e-14
       2540.00   2.96304e-14
       2545.00   2.60132e-14
       2550.00   2.73152e-14
       2555.00   2.97724e-14
       2560.00   3.08900e-14
       2565.00   3.26371e-14
       2570.00   2.98357e-14
       2575.00   3.05090e-14
       2580.00   2.89701e-14
       2585.00   2.65082e-14
       2590.00   2.21761e-14
       2595.00   2.43346e-14
       2600.00   2.08135e-14
       2605.00   2.50066e-14
       2610.00   2.82769e-14
       2615.00   2.87311e-14
       2620.00   3.08777e-14
       2625.00   3.10899e-14
       2630.00   3.13876e-14
       2635.00   3.15868e-14
       2640.00   2.95447e-14
       2645.00   3.16054e-14
       2650.00   3.13876e-14
       2655.00   3.13601e-14
       2660.00   2.88477e-14
       2665.00   2.86533e-14
       2670.00   3.10772e-14
       2675.00   3.03873e-14
       2680.00   3.06698e-14
       2685.00   2.89093e-14
       2690.00   2.88196e-14
       2695.00   2.99715e-14
       2700.00   2.87011e-14
       2705.00   3.46531e-14
       2710.00   3.78345e-14
       2715.00   3.48298e-14
       2720.00   3.23818e-14
       2725.00   3.12150e-14
       2730.00   3.06154e-14
       2735.00   3.21962e-14
       2740.00   2.73680e-14
       2745.00   2.64011e-14
       2750.00   2.71955e-14
       2755.00   2.52806e-14
       2760.00   2.83341e-14
       2765.00   2.99655e-14
       2770.00   3.04316e-14
       2775.00   2.90825e-14
       2780.00   3.10245e-14
       2785.00   2.58914e-14
       2790.00   2.26240e-14
       2795.00   1.95536e-14
       2800.00   1.78541e-14
       2805.00   1.79977e-14
       2810.00   2.26951e-14
       2815.00   2.55813e-14
       2820.00   2.71968e-14
       2825.00   2.64442e-14
       2830.00   2.67079e-14
       2835.00   2.82165e-14
       2840.00   2.87866e-14
       2845.00   2.99504e-14
       2850.00   2.74387e-14
       2855.00   2.79046e-14
       2860.00   2.92269e-14
       2865.00   2.90427e-14
       2870.00   2.84157e-14
       2875.00   2.74769e-14
       2880.00   2.94103e-14
       2885.00   2.81233e-14
       2890.00   2.69435e-14
       2895.00   2.89009e-14
       2900.00   2.82241e-14
       2905.00   3.02776e-14
       2910.00   3.00252e-14
       2915.00   3.03293e-14
       2920.00   3.24186e-14
       2925.00   3.07057e-14
       2930.00   3.17171e-14
       2935.00   2.63204e-14
       2940.00   2.92269e-14
       2945.00   3.05177e-14
       2950.00   2.85985e-14
       2955.00   3.07391e-14
       2960.00   3.02295e-14
       2965.00   2.96687e-14
       2970.00   3.00568e-14
       2975.00   3.44613e-14
       2980.00   3.61727e-14
       2985.00   3.09688e-14
       2990.00   2.98126e-14
       2995.00   3.25866e-14
       3000.00   3.23208e-14
       3005.00   3.46906e-14
       3010.00   3.19161e-14
       3015.00   3.07581e-14
       3020.00   3.09144e-14
       3025.00   2.92763e-14
       3030.00   3.13406e-14
       3035.00   2.76067e-14
       3040.00   2.62185e-14
       3045.00   2.90093e-14
       3050.00   3.15538e-14
       3055.00   4.12143e-14
       3060.00   4.02329e-14
       3065.00   3.24270e-14
       3070.00   3.20781e-14
       3075.00   2.87228e-14
       3080.00   3.23452e-14
       3085.00   2.73525e-14
       3090.00   2.74942e-14
       3095.00   2.36045e-14
       3100.00   2.90801e-14
       3105.00   3.58485e-14
       3110.00   3.49948e-14
       3115.00   3.04248e-14
       3120.00   2.27334e-14
       3125.00   3.09969e-14
       3130.00   3.71735e-14
       3135.00   3.64970e-14
       3140.00   2.09724e-14
       3145.00   3.17961e-14
       3150.00   2.57102e-14
       3155.00   2.72121e-14
       3160.00   2.27334e-14
       3165.00   2.39327e-14
       3170.00   2.64397e-14
       3175.00   3.65339e-14
       3180.00   2.96182e-14
       3185.00   2.15315e-14
       3190.00   2.85412e-14
       3195.00   3.03277e-14
       3200.00   3.30055e-14
       3205.00   3.05088e-14
       3210.00   3.21164e-14
       3215.00   2.97677e-14
       3220.00   3.53902e-14
       3225.00   3.35783e-14
       3230.00   3.32511e-14
       3235.00   3.23395e-14
       3240.00   3.25163e-14
       3245.00   3.47069e-14
       3250.00   3.07975e-14
       3255.00   3.26877e-14
       3260.00   3.38127e-14
       3265.00   3.22249e-14
       3270.00   3.26687e-14
       3275.00   3.18244e-14
       3280.00   3.13791e-14
       3285.00   3.32308e-14
       3290.00   3.31272e-14
       3295.00   3.03210e-14
       3300.00   3.55247e-14
       3305.00   3.62664e-14
       3310.00   3.23872e-14
       3315.00   3.25922e-14
       3320.00   3.25409e-14
       3325.00   3.01506e-14
       3330.00   2.90706e-14
       3335.00   2.99465e-14
       3340.00   3.41795e-14
       3345.00   3.20923e-14
       3350.00   3.19577e-14
       3355.00   3.06073e-14
       3360.00   2.81263e-14
       3365.00   3.10264e-14
       3370.00   3.15244e-14
       3375.00   3.12701e-14
       3380.00   3.39839e-14
       3385.00   2.86747e-14
       3390.00   2.89193e-14
       3395.00   3.07690e-14
       3400.00   3.16481e-14
       3405.00   3.34609e-14
       3410.00   3.00648e-14
       3415.00   2.95139e-14
       3420.00   2.97282e-14
       3425.00   3.03591e-14
       3430.00   2.85650e-14
       3435.00   3.10155e-14
       3440.00   2.94225e-14
       3445.00   2.91075e-14
       3450.00   3.14752e-14
       3455.00   3.06434e-14
       3460.00   2.98138e-14
       3465.00   3.04839e-14
       3470.00   2.94006e-14
       3475.00   2.70591e-14
       3480.00   2.95081e-14
       3485.00   2.84961e-14
       3490.00   2.83969e-14
       3495.00   2.98772e-14
       3500.00   2.87499e-14
       3505.00   3.05193e-14
       3510.00   3.12603e-14
       3515.00   2.91166e-14
       3520.00   2.95815e-14
       3525.00   2.91792e-14
       3530.00   2.82008e-14
       3535.00   3.07532e-14
       3540.00   3.01807e-14
       3545.00   2.98837e-14
       3550.00   3.08991e-14
       3555.00   3.01761e-14
       3560.00   3.10490e-14
       3565.00   3.06063e-14
       3570.00   2.83459e-14
       3575.00   2.76846e-14
       3580.00   2.69278e-14
       3585.00   2.69745e-14
       3590.00   2.77070e-14
       3595.00   2.81877e-14
       3600.00   2.96304e-14
       3605.00   2.95993e-14
       3610.00   2.93538e-14
       3615.00   3.04213e-14
       3620.00   2.86521e-14
       3625.00   3.01029e-14
       3630.00   2.87341e-14
       3635.00   3.09570e-14
       3640.00   3.23941e-14
       3645.00   2.99801e-14
       3650.00   3.07360e-14
       3655.00   2.99831e-14
       3660.00   3.16359e-14
       3665.00   3.01050e-14
       3670.00   3.14282e-14
       3675.00   3.02681e-14
       3680.00   2.97038e-14
       3685.00   2.86137e-14
       3690.00   2.82542e-14
       3695.00   2.96704e-14
       3700.00   2.98260e-14
       3705.00   2.86943e-14
       3710.00   3.00542e-14
       3715.00   3.17356e-14
       3720.00   3.73712e-14
       3725.00   5.80990e-14
       3730.00   7.12199e-14
       3735.00   5.41518e-14
       3740.00   3.56103e-14
       3745.00   3.19033e-14
       3750.00   3.03563e-14
       3755.00   3.22346e-14
       3760.00   3.50478e-14
       3765.00   3.49190e-14
       3770.00   3.19109e-14
       3775.00   3.14439e-14
       3780.00   3.51823e-14
       3785.00   3.93569e-14
       3790.00   3.83951e-14
       3795.00   3.29348e-14
       3800.00   3.17460e-14
       3805.00   3.37531e-14
       3810.00   3.79868e-14
       3815.00   3.93487e-14
       3820.00   3.90710e-14
       3825.00   3.70432e-14
       3830.00   3.27371e-14
       3835.00   3.06814e-14
       3840.00   3.13424e-14
       3845.00   3.48641e-14
       3850.00   3.77395e-14
       3855.00   3.95543e-14
       3860.00   3.94623e-14
       3865.00   4.03920e-14
       3870.00   4.24221e-14
       3875.00   4.07529e-14
       3880.00   3.76769e-14
       3885.00   3.47685e-14
       3890.00   3.40411e-14
       3895.00   3.59141e-14
       3900.00   3.65031e-14
       3905.00   3.93093e-14
       3910.00   4.26864e-14
       3915.00   4.30311e-14
       3920.00   4.23972e-14
       3925.00   3.89005e-14
       3930.00   3.45939e-14
       3935.00   3.43496e-14
       3940.00   3.74813e-14
       3945.00   4.04252e-14
       3950.00   4.00013e-14
       3955.00   3.87614e-14
       3960.00   3.64785e-14
       3965.00   3.26045e-14
       3970.00   3.07226e-14
       3975.00   3.20488e-14
       3980.00   3.71022e-14
       3985.00   4.01626e-14
       3990.00   4.19068e-14
       3995.00   4.33475e-14
       4000.00   4.36569e-14
       4005.00   4.40874e-14
       4010.00   4.45405e-14
       4015.00   4.41983e-14
       4020.00   4.44640e-14
       4025.00   4.29191e-14
       4030.00   4.40147e-14
       4035.00   4.49072e-14
       4040.00   4.44395e-14
       4045.00   4.50977e-14
       4050.00   4.44632e-14
       4055.00   4.40225e-14
       4060.00   4.36079e-14
       4065.00   4.44056e-14
       4070.00   4.33746e-14
       4075.00   4.26256e-14
       4080.00   4.08198e-14
       4085.00   4.18943e-14
       4090.00   4.15843e-14
       4095.00   3.88359e-14
       4100.00   3.84963e-14
       4105.00   3.94200e-14
       4110.00   3.95592e-14
       4115.00   3.92656e-14
       4120.00   4.06485e-14
       4125.00   4.22365e-14
       4130.00   4.19503e-14
       4135.00   4.28392e-14
       4140.00   4.35100e-14
       4145.00   4.31881e-14
       4150.00   4.31024e-14
       4155.00   4.29055e-14
       4160.00   4.38769e-14
       4165.00   4.49749e-14
       4170.00   4.32205e-14
       4175.00   4.16131e-14
       4180.00   4.20794e-14
       4185.00   4.37954e-14
       4190.00   4.35199e-14
       4195.00   4.31230e-14
       4200.00   4.20182e-14
       4205.00   4.27628e-14
       4210.00   4.29382e-14
       4215.00   4.23286e-14
       4220.00   4.23606e-14
       4225.00   4.18847e-14
       4230.00   4.18923e-14
       4235.00   4.27091e-14
       4240.00   4.34733e-14
       4245.00   4.31262e-14
       4250.00   4.31961e-14
       4255.00   4.30059e-14
       4260.00   4.22261e-14
       4265.00   4.24512e-14
       4270.00   4.23767e-14
       4275.00   4.27534e-14
       4280.00   4.38647e-14
       4285.00   4.27335e-14
       4290.00   4.12448e-14
       4295.00   4.14616e-14
       4300.00   4.09175e-14
       4305.00   3.91934e-14
       4310.00   3.87389e-14
       4315.00   4.04851e-14
       4320.00   4.21038e-14
       4325.00   4.13958e-14
       4330.00   3.98549e-14
       4335.00   4.02912e-14
       4340.00   4.34245e-14
       4345.00   4.42339e-14
       4350.00   3.89158e-14
       4355.00   3.96194e-14
       4360.00   4.16513e-14
       4365.00   4.29073e-14
       4370.00   4.23380e-14
       4375.00   4.12085e-14
       4380.00   4.04285e-14
       4385.00   4.03699e-14
       4390.00   4.03306e-14
       4395.00   4.03824e-14
       4400.00   4.09419e-14
       4405.00   4.06129e-14
       4410.00   3.99229e-14
       4415.00   4.00322e-14
       4420.00   4.03918e-14
       4425.00   4.03473e-14
       4430.00   4.08103e-14
       4435.00   4.10581e-14
       4440.00   4.17613e-14
       4445.00   4.16604e-14
       4450.00   4.17238e-14
       4455.00   4.02396e-14
       4460.00   3.97803e-14
       4465.00   4.02657e-14
       4470.00   4.04576e-14
       4475.00   4.17283e-14
       4480.00   4.16390e-14
       4485.00   4.20403e-14
       4490.00   4.15374e-14
       4495.00   4.16865e-14
       4500.00   4.20425e-14
       4505.00   4.27723e-14
       4510.00   4.30822e-14
       4515.00   4.28105e-14
       4520.00   4.22995e-14
       4525.00   4.14536e-14
       4530.00   4.09434e-14
       4535.00   4.11450e-14
       4540.00   4.18348e-14
       4545.00   4.24430e-14
       4550.00   4.07958e-14
       4555.00   4.08866e-14
       4560.00   4.14312e-14
       4565.00   4.21683e-14
       4570.00   4.18920e-14
       4575.00   4.24949e-14
       4580.00   4.23360e-14
       4585.00   4.13660e-14
       4590.00   4.17674e-14
       4595.00   4.17194e-14
       4600.00   4.11988e-14
       4605.00   4.19517e-14
       4610.00   4.31843e-14
       4615.00   4.29967e-14
       4620.00   4.27763e-14
       4625.00   4.21398e-14
       4630.00   4.24828e-14
       4635.00   4.26323e-14
       4640.00   4.21894e-14
       4645.00   4.21398e-14
       4650.00   4.14606e-14
       4655.00   4.13489e-14
       4660.00   4.16513e-14
       4665.00   4.18808e-14
       4670.00   4.13742e-14
       4675.00   4.12340e-14
       4680.00   4.20548e-14
       4685.00   4.15401e-14
       4690.00   4.19399e-14
       4695.00   4.22391e-14
       4700.00   4.15167e-14
       4705.00   4.04977e-14
       4710.00   4.02252e-14
       4715.00   4.13405e-14
       4720.00   4.10521e-14
       4725.00   4.10002e-14
       4730.00   4.00968e-14
       4735.00   4.04221e-14
       4740.00   4.01348e-14
       4745.00   4.12067e-14
       4750.00   4.22539e-14
       4755.00   4.19238e-14
       4760.00   4.06730e-14
       4765.00   4.04524e-14
       4770.00   4.08995e-14
       4775.00   4.08245e-14
       4780.00   4.09542e-14
       4785.00   4.09575e-14
       4790.00   4.09391e-14
       4795.00   4.06106e-14
       4800.00   4.03795e-14
       4805.00   4.06114e-14
       4810.00   4.03030e-14
       4815.00   4.04974e-14
       4820.00   4.07830e-14
       4825.00   4.00869e-14
       4830.00   4.00505e-14
       4835.00   3.94449e-14
       4840.00   3.82884e-14
       4845.00   3.77156e-14
       4850.00   3.73670e-14
       4855.00   4.02768e-14
       4860.00   5.47483e-14
       4865.00   6.44345e-14
       4870.00   5.03811e-14
       4875.00   3.83502e-14
       4880.00   3.74202e-14
       4885.00   3.79358e-14
       4890.00   3.73929e-14
       4895.00   3.86889e-14
       4900.00   3.91689e-14
       4905.00   3.82444e-14
       4910.00   3.81226e-14
       4915.00   3.73457e-14
       4920.00   3.68209e-14
       4925.00   3.70512e-14
       4930.00   3.85117e-14
       4935.00   3.90148e-14
       4940.00   3.96457e-14
       4945.00   3.99063e-14
       4950.00   3.95538e-14
       4955.00   4.04082e-14
       4960.00   4.32043e-14
       4965.00   4.23015e-14
       4970.00   3.93120e-14
       4975.00   3.88846e-14
       4980.00   3.78725e-14
       4985.00   3.74373e-14
       4990.00   3.77308e-14
       4995.00   3.86244e-14
       5000.00   4.05507e-14
       5005.00   4.60880e-14
       5010.00   5.09052e-14
       5015.00   4.68213e-14
       5020.00   3.87653e-14
       5025.00   3.77878e-14
       5030.00   3.80940e-14
       5035.00   3.75354e-14
       5040.00   3.76282e-14
       5045.00   3.72777e-14
       5050.00   3.69168e-14
       5055.00   3.72978e-14
       5060.00   3.88998e-14
       5065.00   3.84018e-14
       5070.00   3.78998e-14
       5075.00   3.78425e-14
       5080.00   3.81540e-14
       5085.00   3.79033e-14
       5090.00   3.81214e-14
       5095.00   3.82071e-14
       5100.00   3.73224e-14
       5105.00   3.75836e-14
       5110.00   3.75604e-14
       5115.00   3.73538e-14
       5120.00   3.76646e-14
       5125.00   3.78253e-14
       5130.00   3.64143e-14
       5135.00   3.72523e-14
       5140.00   3.75547e-14
       5145.00   3.69977e-14
       5150.00   3.65608e-14
       5155.00   3.63157e-14
       5160.00   3.66130e-14
       5165.00   3.59501e-14
       5170.00   3.40560e-14
       5175.00   3.45768e-14
       5180.00   3.58792e-14
       5185.00   3.56213e-14
       5190.00   3.55877e-14
       5195.00   3.74889e-14
       5200.00   3.77992e-14
       5205.00   3.78953e-14
       5210.00   3.72232e-14
       5215.00   3.65063e-14
       5220.00   3.65274e-14
       5225.00   3.76556e-14
       5230.00   3.76152e-14
       5235.00   3.72326e-14
       5240.00   3.79338e-14
       5245.00   3.76712e-14
       5250.00   3.64648e-14
       5255.00   3.61714e-14
       5260.00   3.70165e-14
       5265.00   3.67501e-14
       5270.00   3.55035e-14
       5275.00   3.66309e-14
       5280.00   3.60995e-14
       5285.00   3.69133e-14
       5290.00   3.71818e-14
       5295.00   3.76567e-14
       5300.00   3.88876e-14
       5305.00   3.72376e-14
       5310.00   3.73643e-14
       5315.00   3.82601e-14
       5320.00   3.79093e-14
       5325.00   3.71098e-14
       5330.00   3.56366e-14
       5335.00   3.55375e-14
       5340.00   3.63685e-14
       5345.00   3.63316e-14
       5350.00   3.66153e-14
       5355.00   3.88130e-14
       5360.00   3.91934e-14
       5365.00   3.75638e-14
       5370.00   3.72035e-14
       5375.00   3.64096e-14
       5380.00   3.76403e-14
       5385.00   3.72756e-14
       5390.00   3.74857e-14
       5395.00   3.67754e-14
       5400.00   3.69921e-14
       5405.00   3.64756e-14
       5410.00   3.60895e-14
       5415.00   3.76225e-14
       5420.00   2.98750e-14
       5425.00   3.17233e-14
       5430.00   3.82865e-14
       5435.00   3.09044e-14
       5440.00   3.03397e-14
       5445.00   3.80952e-14
       5450.00   3.66393e-14
       5455.00   3.68021e-14
       5460.00   2.88111e-14
       5465.00   3.08459e-14
       5470.00   3.79485e-14
       5475.00   2.47772e-14
       5480.00   2.11069e-14
       5485.00   3.65112e-14
       5490.00   2.94859e-14
       5495.00   1.98438e-14
       5500.00   3.60139e-14
       5505.00   3.48040e-14
       5510.00   2.84623e-14
       5515.00   3.51647e-14
       5520.00   3.65885e-14
       5525.00   3.75972e-14
       5530.00   3.65429e-14
       5535.00   3.61314e-14
       5540.00   3.73834e-14
       5545.00   3.72009e-14
       5550.00   3.75120e-14
       5555.00   3.67420e-14
       5560.00   3.64296e-14
       5565.00   3.75433e-14
       5570.00   3.74811e-14
       5575.00   3.71707e-14
       5580.00   3.65885e-14
       5585.00   3.64148e-14
       5590.00   3.56583e-14
       5595.00   3.50351e-14
       5600.00   3.72979e-14
       5605.00   3.54255e-14
       5610.00   3.67025e-14
       5615.00   3.67960e-14
       5620.00   3.54146e-14
       5625.00   3.62921e-14
       5630.00   3.61414e-14
       5635.00   3.66864e-14
       5640.00   3.54757e-14
       5645.00   3.49089e-14
       5650.00   3.54639e-14
       5655.00   3.57758e-14
       5660.00   3.56836e-14
       5665.00   3.63631e-14
       5670.00   3.58312e-14
       5675.00   3.64737e-14
       5680.00   3.65519e-14
       5685.00   3.53148e-14
       5690.00   3.59816e-14
       5695.00   3.74451e-14
       5700.00   3.78237e-14
       5705.00   3.66084e-14
       5710.00   3.52445e-14
       5715.00   3.58636e-14
       5720.00   3.65274e-14
       5725.00   3.60458e-14
       5730.00   3.59485e-14
       5735.00   3.61739e-14
       5740.00   3.59406e-14
       5745.00   3.65611e-14
       5750.00   3.65331e-14
       5755.00   3.68903e-14
       5760.00   3.66741e-14
       5765.00   3.66179e-14
       5770.00   3.71968e-14
       5775.00   3.65125e-14
       5780.00   3.60260e-14
       5785.00   3.46872e-14
       5790.00   3.50973e-14
       5795.00   3.53024e-14
       5800.00   3.63685e-14
       5805.00   3.65894e-14
       5810.00   3.69033e-14
       5815.00   3.70181e-14
       5820.00   3.64540e-14
       5825.00   3.64886e-14
       5830.00   3.79069e-14
       5835.00   3.73847e-14
       5840.00   3.67231e-14
       5845.00   3.70393e-14
       5850.00   3.74809e-14
       5855.00   3.62422e-14
       5860.00   3.58671e-14
       5865.00   3.67457e-14
       5870.00   3.61387e-14
       5875.00   3.81494e-14
       5880.00   3.83618e-14
       5885.00   3.45204e-14
       5890.00   3.10202e-14
       5895.00   3.15693e-14
       5900.00   3.35069e-14
       5905.00   3.49490e-14
       5910.00   3.50323e-14
       5915.00   3.45198e-14
       5920.00   3.54757e-14
       5925.00   3.59596e-14
       5930.00   3.60764e-14
       5935.00   3.59575e-14
       5940.00   3.65885e-14
       5945.00   3.46712e-14
       5950.00   3.43376e-14
       5955.00   3.50179e-14
       5960.00   3.50722e-14
       5965.00   3.61813e-14
       5970.00   3.54581e-14
       5975.00   3.68813e-14
       5980.00   3.62095e-14
       5985.00   3.47201e-14
       5990.00   3.47778e-14
       5995.00   3.48415e-14
       6000.00   3.49009e-14
       6005.00   3.66389e-14
       6010.00   3.60370e-14
       6015.00   3.43637e-14
       6020.00   3.59406e-14
       6025.00   3.53100e-14
       6030.00   3.53714e-14
       6035.00   3.52485e-14
       6040.00   3.49744e-14
       6045.00   3.61543e-14
       6050.00   3.47881e-14
       6055.00   3.59030e-14
       6060.00   3.60015e-14
       6065.00   3.56520e-14
       6070.00   3.54851e-14
       6075.00   3.47778e-14
       6080.00   3.53290e-14
       6085.00   3.63667e-14
       6090.00   3.72529e-14
       6095.00   3.62960e-14
       6100.00   3.53291e-14
       6105.00   3.56334e-14
       6110.00   3.61240e-14
       6115.00   3.67866e-14
       6120.00   3.61117e-14
       6125.00   3.54132e-14
       6130.00   3.57555e-14
       6135.00   3.39394e-14
       6140.00   3.49744e-14
       6145.00   3.38941e-14
       6150.00   3.51143e-14
       6155.00   3.47150e-14
       6160.00   3.36536e-14
       6165.00   3.30927e-14
       6170.00   3.40088e-14
       6175.00   3.38673e-14
       6180.00   3.35926e-14
       6185.00   3.50219e-14
       6190.00   3.66110e-14
       6195.00   3.58247e-14
       6200.00   3.59038e-14
       6205.00   3.49702e-14
       6210.00   3.50148e-14
       6215.00   3.40368e-14
       6220.00   3.39227e-14
       6225.00   3.42555e-14
       6230.00   3.45846e-14
       6235.00   3.44197e-14
       6240.00   3.48643e-14
       6245.00   3.42832e-14
       6250.00   3.47766e-14
       6255.00   3.39652e-14
       6260.00   3.41063e-14
       6265.00   3.42074e-14
       6270.00   3.40778e-14
       6275.00   3.43000e-14
       6280.00   3.33235e-14
       6285.00   3.36611e-14
       6290.00   3.29801e-14
       6295.00   3.54982e-14
       6300.00   3.68454e-14
       6305.00   3.58414e-14
       6310.00   3.27574e-14
       6315.00   3.25864e-14
       6320.00   3.29566e-14
       6325.00   3.54843e-14
       6330.00   3.56713e-14
       6335.00   3.48231e-14
       6340.00   3.36903e-14
       6345.00   3.43729e-14
       6350.00   3.48975e-14
       6355.00   3.48654e-14
       6360.00   3.54024e-14
       6365.00   3.55867e-14
       6370.00   3.41903e-14
       6375.00   3.50268e-14
       6380.00   3.53045e-14
       6385.00   3.58177e-14
       6390.00   3.54727e-14
       6395.00   3.40775e-14
       6400.00   3.40572e-14
       6405.00   3.48745e-14
       6410.00   3.48566e-14
       6415.00   3.46674e-14
       6420.00   3.33847e-14
       6425.00   3.40884e-14
       6430.00   3.35100e-14
       6435.00   3.37107e-14
       6440.00   3.39962e-14
       6445.00   3.49141e-14
       6450.00   3.48735e-14
       6455.00   3.43951e-14
       6460.00   3.55001e-14
       6465.00   3.48293e-14
       6470.00   3.43840e-14
       6475.00   3.47687e-14
       6480.00   3.40082e-14
       6485.00   3.36637e-14
       6490.00   3.29450e-14
       6495.00   3.29848e-14
       6500.00   3.31645e-14
       6505.00   3.38773e-14
       6510.00   3.30358e-14
       6515.00   3.33509e-14
       6520.00   3.45097e-14
       6525.00   3.46539e-14
       6530.00   3.53858e-14
       6535.00   3.63695e-14
       6540.00   4.27274e-14
       6545.00   5.61184e-14
       6550.00   6.39395e-14
       6555.00   9.25709e-14
       6560.00   1.86244e-13
       6565.00   1.97215e-13
       6570.00   9.64189e-14
       6575.00   5.96831e-14
       6580.00   9.81851e-14
       6585.00   1.06821e-13
       6590.00   6.43865e-14
       6595.00   3.57451e-14
       6600.00   3.32990e-14
       6605.00   3.44231e-14
       6610.00   3.38431e-14
       6615.00   3.40389e-14
       6620.00   3.36658e-14
       6625.00   3.41499e-14
       6630.00   3.46470e-14
       6635.00   3.33461e-14
       6640.00   3.32134e-14
       6645.00   3.27568e-14
       6650.00   3.36708e-14
       6655.00   3.27897e-14
       6660.00   3.26998e-14
       6665.00   3.22723e-14
       6670.00   3.34673e-14
       6675.00   3.41581e-14
       6680.00   3.37881e-14
       6685.00   3.35637e-14
       6690.00   3.22218e-14
       6695.00   3.32088e-14
       6700.00   3.34091e-14
       6705.00   3.61426e-14
       6710.00   4.40153e-14
       6715.00   5.59303e-14
       6720.00   5.57635e-14
       6725.00   4.88284e-14
       6730.00   5.36669e-14
       6735.00   4.98647e-14
       6740.00   3.75791e-14
       6745.00   3.35413e-14
       6750.00   3.21398e-14
       6755.00   3.18207e-14
       6760.00   3.25163e-14
       6765.00   3.31406e-14
       6770.00   3.14811e-14
       6775.00   3.28510e-14
       6780.00   3.37515e-14
       6785.00   3.18453e-14
       6790.00   3.23005e-14
       6795.00   3.20092e-14
       6800.00   3.17216e-14
       6805.00   3.19119e-14
       6810.00   3.27062e-14
       6815.00   3.22774e-14
       6820.00   3.22841e-14
       6825.00   3.15715e-14
       6830.00   3.30275e-14
       6835.00   3.37218e-14
       6840.00   3.44852e-14
       6845.00   3.16897e-14
       6850.00   3.09363e-14
       6855.00   3.14033e-14
       6860.00   3.25775e-14
       6865.00   3.45320e-14
       6870.00   3.37851e-14
       6875.00   3.47604e-14
       6880.00   3.53535e-14
       6885.00   3.41367e-14
       6890.00   3.14401e-14
       6895.00   2.80498e-14
       6900.00   2.97527e-14
       6905.00   3.27683e-14
       6910.00   3.29961e-14
       6915.00   3.45581e-14
       6920.00   3.45342e-14
       6925.00   3.29609e-14
       6930.00   3.37547e-14
       6935.00   3.68351e-14
       6940.00   3.39473e-14
       6945.00   3.42342e-14
       6950.00   3.37266e-14
       6955.00   3.47280e-14
       6960.00   3.54024e-14
       6965.00   3.38366e-14
       6970.00   3.42361e-14
       6975.00   3.31263e-14
       6980.00   3.12691e-14
       6985.00   3.08989e-14
       6990.00   3.06362e-14
       6995.00   3.17724e-14
       7000.00   3.15870e-14
       7005.00   3.26627e-14
       7010.00   3.56159e-14
       7015.00   3.43861e-14
       7020.00   3.21740e-14
       7025.00   3.22833e-14
       7030.00   3.24196e-14
       7035.00   3.19719e-14
       7040.00   3.26508e-14
       7045.00   3.29294e-14
       7050.00   3.31118e-14
       7055.00   3.21721e-14
       7060.00   3.18316e-14
       7065.00   3.19886e-14
       7070.00   3.16481e-14
       7075.00   3.15078e-14
       7080.00   3.16604e-14
       7085.00   3.12040e-14
       7090.00   3.09760e-14
       7095.00   3.08890e-14
       7100.00   3.08410e-14
       7105.00   3.08432e-14
       7110.00   3.06588e-14
       7115.00   3.01371e-14
       7120.00   3.05720e-14
       7125.00   3.03417e-14
       7130.00   3.04377e-14
       7135.00   3.17367e-14
       7140.00   3.19538e-14
       7145.00   3.07023e-14
       7150.00   3.02657e-14
       7155.00   3.06680e-14
       7160.00   3.03641e-14
       7165.00   3.03277e-14
       7170.00   3.00910e-14
       7175.00   3.05066e-14
       7180.00   3.04864e-14
       7185.00   3.02293e-14
       7190.00   2.99320e-14
       7195.00   3.04177e-14
       7200.00   2.99606e-14
       7205.00   3.05486e-14
       7210.00   3.05762e-14
       7215.00   3.07399e-14
       7220.00   3.00094e-14
       7225.00   3.11970e-14
       7230.00   3.08278e-14
       7235.00   3.14499e-14
       7240.00   3.14647e-14
       7245.00   3.13599e-14
       7250.00   3.12331e-14
       7255.00   3.10905e-14
       7260.00   3.06577e-14
       7265.00   3.09137e-14
       7270.00   3.13809e-14
       7275.00   3.13428e-14
       7280.00   3.11345e-14
       7285.00   3.04521e-14
       7290.00   3.11101e-14
       7295.00   3.15804e-14
       7300.00   3.12935e-14
       7305.00   3.14465e-14
       7310.00   3.11762e-14
       7315.00   3.17424e-14
       7320.00   3.23941e-14
       7325.00   3.26032e-14
       7330.00   3.26073e-14
       7335.00   3.22742e-14
       7340.00   3.24431e-14
       7345.00   3.18698e-14
       7350.00   3.16142e-14
       7355.00   3.13329e-14
       7360.00   3.09144e-14
       7365.00   3.11706e-14
       7370.00   3.14605e-14
       7375.00   3.24578e-14
       7380.00   3.23696e-14
       7385.00   3.18255e-14
       7390.00   3.15086e-14
       7395.00   3.16037e-14
       7400.00   3.16604e-14
       7405.00   3.18529e-14
       7410.00   3.17761e-14
       7415.00   3.12834e-14
       7420.00   3.07310e-14
       7425.00   3.11345e-14
       7430.00   3.13791e-14
       7435.00   3.12329e-14
       7440.00   3.21251e-14
       7445.00   3.14279e-14
       7450.00   3.12751e-14
       7455.00   3.20629e-14
       7460.00   3.17460e-14
       7465.00   3.14102e-14
       7470.00   3.15623e-14
       7475.00   3.18688e-14
       7480.00   3.19661e-14
       7485.00   3.18924e-14
       7490.00   3.15821e-14
       7495.00   3.16652e-14
       7500.00   3.17093e-14
       7505.00   3.18406e-14
       7510.00   3.19326e-14
       7515.00   3.21200e-14
       7520.00   3.20150e-14
       7525.00   3.24807e-14
       7530.00   3.29925e-14
       7535.00   3.25283e-14
       7540.00   3.12568e-14
       7545.00   3.15108e-14
       7550.00   3.11626e-14
       7555.00   3.17668e-14
       7560.00   3.10612e-14
       7565.00   3.12777e-14
       7570.00   3.10067e-14
       7575.00   3.09877e-14
       7580.00   3.06943e-14
       7585.00   3.04828e-14
       7590.00   3.07545e-14
       7595.00   3.04989e-14
       7600.00   3.02295e-14
       7605.00   3.00902e-14
       7610.00   3.00603e-14
       7615.00   3.01416e-14
       7620.00   2.98504e-14
       7625.00   3.00036e-14
       7630.00   3.00696e-14
       7635.00   2.99587e-14
       7640.00   3.06087e-14
       7645.00   3.02017e-14
       7650.00   2.99632e-14
       7655.00   2.94295e-14
       7660.00   2.94347e-14
       7665.00   2.90697e-14
       7670.00   2.93299e-14
       7675.00   2.96821e-14
       7680.00   2.98627e-14
       7685.00   2.98405e-14
       7690.00   2.93264e-14
       7695.00   2.93368e-14
       7700.00   2.97527e-14
       7705.00   2.91923e-14
       7710.00   2.95423e-14
       7715.00   2.95238e-14
       7720.00   2.93246e-14
       7725.00   2.93174e-14
       7730.00   2.96598e-14
       7735.00   2.97583e-14
       7740.00   3.02051e-14
       7745.00   2.98082e-14
       7750.00   2.92795e-14
       7755.00   3.00588e-14
       7760.00   2.98872e-14
       7765.00   3.02390e-14
       7770.00   2.98720e-14
       7775.00   2.95378e-14
       7780.00   2.98138e-14
       7785.00   2.96305e-14
       7790.00   2.92790e-14
       7795.00   2.97766e-14
       7800.00   3.00340e-14
       7805.00   3.02049e-14
       7810.00   3.04665e-14
       7815.00   3.04580e-14
       7820.00   2.98504e-14
       7825.00   3.04395e-14
       7830.00   3.00891e-14
       7835.00   2.97311e-14
       7840.00   2.98260e-14
       7845.00   3.00748e-14
       7850.00   2.96971e-14
       7855.00   3.01254e-14
       7860.00   3.01318e-14
       7865.00   3.01998e-14
       7870.00   3.00603e-14
       7875.00   3.00926e-14
       7880.00   2.98383e-14
       7885.00   2.97149e-14
       7890.00   2.94817e-14
       7895.00   2.98669e-14
       7900.00   2.95693e-14
       7905.00   2.91208e-14
       7910.00   2.91359e-14
       7915.00   2.92810e-14
       7920.00   2.87621e-14
       7925.00   2.90445e-14
       7930.00   2.89747e-14
       7935.00   2.83914e-14
       7940.00   2.88599e-14
       7945.00   2.84733e-14
       7950.00   2.88451e-14
       7955.00   2.88624e-14
       7960.00   2.93246e-14
       7965.00   2.93029e-14
       7970.00   2.91555e-14
       7975.00   2.95286e-14
       7980.00   2.97649e-14
       7985.00   2.99368e-14
       7990.00   2.93552e-14
       7995.00   2.92454e-14
       8000.00   2.94470e-14
       8005.00   2.97102e-14
       8010.00   3.00261e-14
       8015.00   3.10763e-14
       8020.00   3.07677e-14
       8025.00   2.99909e-14
       8030.00   2.96109e-14
       8035.00   3.04864e-14
       8040.00   3.08044e-14
       8045.00   3.04376e-14
       8050.00   3.00217e-14
       8055.00   3.04216e-14
       8060.00   3.01561e-14
       8065.00   3.09155e-14
       8070.00   3.00413e-14
       8075.00   2.98742e-14
       8080.00   2.98260e-14
       8085.00   3.00969e-14
       8090.00   2.98918e-14
       8095.00   2.92097e-14
       8100.00   2.90190e-14
       8105.00   2.81029e-14
       8110.00   2.90707e-14
       8115.00   2.87583e-14
       8120.00   2.86399e-14
       8125.00   2.88854e-14
       8130.00   2.89113e-14
       8135.00   2.89167e-14
       8140.00   2.93858e-14
       8145.00   2.93512e-14
       8150.00   2.98510e-14
       8155.00   3.03302e-14
       8160.00   2.93368e-14
       8165.00   3.17289e-14
       8170.00   3.17931e-14
       8175.00   3.00076e-14
       8180.00   3.01318e-14
       8185.00   2.99094e-14
       8190.00   2.92734e-14
       8195.00   2.94641e-14
       8200.00   2.88233e-14
       8205.00   2.95172e-14
       8210.00   2.85813e-14
       8215.00   2.90911e-14
       8220.00   2.95693e-14
       8225.00   2.93131e-14
       8230.00   2.96160e-14
       8235.00   2.99372e-14
       8240.00   2.94837e-14
       8245.00   2.97205e-14
       8250.00   2.96371e-14
       8255.00   2.92843e-14
       8260.00   2.95326e-14
       8265.00   2.92533e-14
       8270.00   2.91595e-14
       8275.00   2.91387e-14
       8280.00   2.92880e-14
       8285.00   2.89442e-14
       8290.00   2.90324e-14
       8295.00   2.85245e-14
       8300.00   2.87743e-14
       8305.00   2.93767e-14
       8310.00   2.79989e-14
       8315.00   2.77586e-14
       8320.00   2.86276e-14
       8325.00   2.86900e-14
       8330.00   2.79380e-14
       8335.00   2.75715e-14
       8340.00   2.80773e-14
       8345.00   2.72392e-14
       8350.00   2.74176e-14
       8355.00   2.84202e-14
       8360.00   2.86399e-14
       8365.00   2.83596e-14
       8370.00   2.84633e-14
       8375.00   2.81055e-14
       8380.00   2.88600e-14
       8385.00   2.74402e-14
       8390.00   2.72669e-14
       8395.00   2.87096e-14
       8400.00   2.90678e-14
       8405.00   2.82757e-14
       8410.00   2.84308e-14
       8415.00   2.91411e-14
       8420.00   2.89211e-14
       8425.00   2.76932e-14
       8430.00   2.74712e-14
       8435.00   2.78378e-14
       8440.00   2.79918e-14
       8445.00   2.83030e-14
       8450.00   2.89531e-14
       8455.00   2.76455e-14
       8460.00   2.85054e-14
       8465.00   2.77862e-14
       8470.00   2.79488e-14
       8475.00   2.73420e-14
       8480.00   2.82976e-14
       8485.00   2.82732e-14
       8490.00   2.88460e-14
       8495.00   2.72496e-14
       8500.00   2.61941e-14
       8505.00   2.61728e-14
       8510.00   2.74713e-14
       8515.00   2.80911e-14
       8520.00   2.70623e-14
       8525.00   2.77680e-14
       8530.00   2.75366e-14
       8535.00   2.77063e-14
       8540.00   2.51424e-14
       8545.00   2.35244e-14
       8550.00   2.48074e-14
       8555.00   2.67109e-14
       8560.00   2.76370e-14
       8565.00   2.79624e-14
       8570.00   2.83202e-14
       8575.00   2.89570e-14
       8580.00   2.91657e-14
       8585.00   2.93597e-14
       8590.00   2.89159e-14
       8595.00   2.85953e-14
       8600.00   2.89455e-14
       8605.00   2.86647e-14
       8610.00   2.89375e-14
       8615.00   2.90644e-14
       8620.00   3.04986e-14
       8625.00   2.91221e-14
       8630.00   2.95322e-14
       8635.00   2.96427e-14
       8640.00   2.93491e-14
       8645.00   3.05099e-14
       8650.00   2.92314e-14
       8655.00   2.91913e-14
       8660.00   2.64387e-14
       8665.00   2.48301e-14
       8670.00   2.61411e-14
       8675.00   2.80450e-14
       8680.00   2.78449e-14
       8685.00   2.94056e-14
       8690.00   2.90198e-14
       8695.00   2.89183e-14
       8700.00   2.84320e-14
       8705.00   2.98461e-14
       8710.00   2.97134e-14
       8715.00   2.99841e-14
       8720.00   3.04742e-14
       8725.00   2.97377e-14
       8730.00   3.01224e-14
       8735.00   2.99988e-14
       8740.00   2.93981e-14
       8745.00   2.87683e-14
       8750.00   2.96496e-14
       8755.00   2.89594e-14
       8760.00   3.00706e-14
       8765.00   2.94861e-14
       8770.00   2.90750e-14
       8775.00   2.92913e-14
       8780.00   3.02051e-14
       8785.00   3.07708e-14
       8790.00   3.05806e-14
       8795.00   3.02120e-14
       8800.00   3.03519e-14
       8805.00   3.04364e-14
       8810.00   2.90207e-14
       8815.00   3.06651e-14
       8820.00   3.01807e-14
       8825.00   3.07893e-14
       8830.00   3.01340e-14
       8835.00   3.05067e-14
       8840.00   3.00706e-14
       8845.00   2.99851e-14
       8850.00   2.99950e-14
       8855.00   3.00279e-14
       8860.00   2.99360e-14
       8865.00   2.91975e-14
       8870.00   2.99946e-14
       8875.00   2.85695e-14
       8880.00   2.94225e-14
       8885.00   2.82625e-14
       8890.00   2.99473e-14
       8895.00   2.97873e-14
       8900.00   2.97771e-14
       8905.00   3.63670e-14
       8910.00   2.98183e-14
       8915.00   3.03429e-14
       8920.00   2.99239e-14
       8925.00   2.96868e-14
       8930.00   3.09969e-14
       8935.00   3.03413e-14
       8940.00   3.05964e-14
       8945.00   3.04956e-14
       8950.00   3.05094e-14
       8955.00   2.93449e-14
       8960.00   2.98872e-14
       8965.00   3.00507e-14
       8970.00   3.03322e-14
       8975.00   3.03869e-14
       8980.00   2.88355e-14
       8985.00   3.04062e-14
       8990.00   3.11895e-14
       8995.00   3.01799e-14
       9000.00   2.99728e-14
       9005.00   2.90682e-14
       9010.00   2.98828e-14
       9015.00   3.08549e-14
       9020.00   2.89211e-14
       9025.00   2.95162e-14
       9030.00   2.90168e-14
       9035.00   2.97734e-14
       9040.00   3.03641e-14
       9045.00   3.08076e-14
       9050.00   3.01744e-14
       9055.00   3.12394e-14
       9060.00   3.21128e-14
       9065.00   3.37250e-14
       9070.00   4.23643e-14
       9075.00   4.44148e-14
       9080.00   3.78483e-14
       9085.00   3.04887e-14
       9090.00   3.10144e-14
       9095.00   2.99000e-14
       9100.00   3.01685e-14
       9105.00   3.03477e-14
       9110.00   3.04146e-14
       9115.00   2.97783e-14
       9120.00   2.95693e-14
       9125.00   2.99160e-14
       9130.00   3.02193e-14
       9135.00   3.03389e-14
       9140.00   3.01073e-14
       9145.00   2.87143e-14
       9150.00   2.91065e-14
       9155.00   2.84015e-14
       9160.00   2.91902e-14
       9165.00   2.94368e-14
       9170.00   2.91519e-14
       9175.00   2.87394e-14
       9180.00   2.90801e-14
       9185.00   2.83230e-14
       9190.00   2.93373e-14
       9195.00   2.96166e-14
       9200.00   2.95203e-14
       9205.00   2.84973e-14
       9210.00   2.80199e-14
       9215.00   2.82913e-14
       9220.00   2.92757e-14
       9225.00   2.90717e-14
       9230.00   3.01315e-14
       9235.00   2.87887e-14
       9240.00   2.96427e-14
       9245.00   2.87510e-14
       9250.00   2.82638e-14
       9255.00   2.94680e-14
       9260.00   3.11101e-14
       9265.00   2.95873e-14
       9270.00   2.93828e-14
       9275.00   3.07929e-14
       9280.00   3.00584e-14
       9285.00   3.58549e-14
       9290.00   3.80921e-14
       9295.00   3.10591e-14
       9300.00   2.67077e-14
       9305.00   3.42534e-14
       9310.00   3.28172e-14
       9315.00   2.82470e-14
       9320.00   3.08777e-14
       9325.00   3.03110e-14
       9330.00   2.92726e-14
       9335.00   2.96094e-14
       9340.00   2.67932e-14
       9345.00   2.92586e-14
       9350.00   2.90864e-14
       9355.00   2.86623e-14
       9360.00   2.89455e-14
       9365.00   2.64408e-14
       9370.00   2.57672e-14
       9375.00   3.01044e-14
       9380.00   2.95081e-14
       9385.00   2.97786e-14
       9390.00   3.11563e-14
       9395.00   2.83801e-14
       9400.00   2.70746e-14
       9405.00   2.90522e-14
       9410.00   2.78000e-14
       9415.00   2.61626e-14
       9420.00   2.79306e-14
       9425.00   2.72895e-14
       9430.00   3.09490e-14
       9435.00   2.95484e-14
       9440.00   2.49346e-14
       9445.00   2.84498e-14
       9450.00   3.08455e-14
       9455.00   2.77646e-14
       9460.00   2.79550e-14
       9465.00   2.91024e-14
       9470.00   3.18464e-14
       9475.00   2.83807e-14
       9480.00   2.93368e-14
       9485.00   2.98335e-14
       9490.00   3.02104e-14
       9495.00   2.83306e-14
       9500.00   2.98872e-14
       9505.00   3.05950e-14
       9510.00   2.98569e-14
       9515.00   3.06190e-14
       9520.00   2.93491e-14
       9525.00   3.38622e-14
       9530.00   4.86837e-14
       9535.00   6.61847e-14
       9540.00   5.97376e-14
       9545.00   3.78775e-14
       9550.00   3.03778e-14
       9555.00   2.97771e-14
       9560.00   2.89578e-14
       9565.00   2.95384e-14
       9570.00   2.98270e-14
       9575.00   2.99862e-14
       9580.00   2.79184e-14
       9585.00   3.01555e-14
       9590.00   2.92365e-14
       9595.00   2.84551e-14
       9600.00   2.88111e-14
       9605.00   2.96775e-14
       9610.00   2.78987e-14
       9615.00   2.85889e-14
       9620.00   2.82976e-14
       9625.00   2.86744e-14
       9630.00   2.81528e-14
       9635.00   2.95126e-14
       9640.00   2.84808e-14
       9645.00   2.79295e-14
       9650.00   2.99197e-14
       9655.00   2.90282e-14
       9660.00   2.94837e-14
       9665.00   2.77650e-14
       9670.00   2.80268e-14
       9675.00   2.84856e-14
       9680.00   2.92880e-14
       9685.00   2.74276e-14
       9690.00   2.86175e-14
       9695.00   2.72918e-14
       9700.00   3.10734e-14
       9705.00   2.88655e-14
       9710.00   3.09358e-14
       9715.00   2.87948e-14
       9720.00   2.92146e-14
       9725.00   3.03843e-14
       9730.00   2.85197e-14
       9735.00   2.73146e-14
       9740.00   3.02418e-14
       9745.00   2.69417e-14
       9750.00   2.75655e-14
       9755.00   2.96742e-14
       9760.00   2.72702e-14
       9765.00   3.04038e-14
       9770.00   2.84896e-14
       9775.00   2.96898e-14
       9780.00   2.93125e-14
       9785.00   2.81830e-14
       9790.00   2.75530e-14
       9795.00   2.80097e-14
       9800.00   2.71357e-14
       9805.00   2.87901e-14
       9810.00   3.07818e-14
       9815.00   2.92344e-14
       9820.00   2.69400e-14
       9825.00   2.84086e-14
       9830.00   2.89550e-14
       9835.00   2.88477e-14
       9840.00   2.94103e-14
       9845.00   2.90879e-14
       9850.00   3.00600e-14
       9855.00   3.04986e-14
       9860.00   2.95203e-14
       9865.00   2.68405e-14
       9870.00   2.66469e-14
       9875.00   3.02492e-14
       9880.00   3.07310e-14
       9885.00   2.48742e-14
       9890.00   2.87392e-14
       9895.00   2.81647e-14
       9900.00   2.99239e-14
       9905.00   2.97755e-14
       9910.00   3.26973e-14
       9915.00   3.14122e-14
       9920.00   3.07799e-14
       9925.00   3.41490e-14
       9930.00   2.95167e-14
       9935.00   2.69207e-14
       9940.00   2.79550e-14
       9945.00   2.29841e-14
