       1235.00   2.07883e-13
       1240.00   2.33532e-13
       1245.00   2.20944e-13
       1250.00   2.17563e-13
       1255.00   2.10140e-13
       1260.00   2.19641e-13
       1265.00   2.33484e-13
       1270.00   2.37250e-13
       1275.00   2.44827e-13
       1280.00   2.31169e-13
       1285.00   2.25731e-13
       1290.00   2.06900e-13
       1295.00   1.93130e-13
       1300.00   1.72665e-13
       1305.00   2.00547e-13
       1310.00   2.20864e-13
       1315.00   2.24119e-13
       1320.00   2.00494e-13
       1325.00   2.07673e-13
       1330.00   1.95017e-13
       1335.00   1.84143e-13
       1340.00   1.96925e-13
       1345.00   2.03427e-13
       1350.00   2.12621e-13
       1355.00   2.04335e-13
       1360.00   2.05173e-13
       1365.00   2.00670e-13
       1370.00   1.95761e-13
       1375.00   1.86345e-13
       1380.00   1.83758e-13
       1385.00   1.69643e-13
       1390.00   1.56661e-13
       1395.00   1.63603e-13
       1400.00   1.72424e-13
       1405.00   1.75593e-13
       1410.00   1.83896e-13
       1415.00   1.79063e-13
       1420.00   1.89160e-13
       1425.00   1.80905e-13
       1430.00   1.92734e-13
       1435.00   1.90789e-13
       1440.00   1.85880e-13
       1445.00   1.94064e-13
       1450.00   1.98544e-13
       1455.00   1.90707e-13
       1460.00   1.94513e-13
       1465.00   1.92335e-13
       1470.00   2.01958e-13
       1475.00   1.95009e-13
       1480.00   2.03533e-13
       1485.00   2.07844e-13
       1490.00   1.95581e-13
       1495.00   1.79172e-13
       1500.00   1.79707e-13
       1505.00   1.90478e-13
       1510.00   1.74177e-13
       1515.00   1.72666e-13
       1520.00   1.70013e-13
       1525.00   1.66997e-13
       1530.00   1.58009e-13
       1535.00   1.50944e-13
       1540.00   1.35673e-13
       1545.00   1.23676e-13
       1550.00   1.43469e-13
       1555.00   1.82448e-13
       1560.00   1.64707e-13
       1565.00   1.62810e-13
       1570.00   1.64791e-13
       1575.00   1.59086e-13
       1580.00   1.53759e-13
       1585.00   1.60470e-13
       1590.00   1.54008e-13
       1595.00   1.43716e-13
       1600.00   1.49708e-13
       1605.00   1.41975e-13
       1610.00   1.38704e-13
       1615.00   1.49000e-13
       1620.00   1.41991e-13
       1625.00   1.42565e-13
       1630.00   1.43396e-13
       1635.00   1.50442e-13
       1640.00   1.55013e-13
       1645.00   1.58764e-13
       1650.00   1.56118e-13
       1655.00   1.40426e-13
       1660.00   1.48791e-13
       1665.00   1.51396e-13
       1670.00   1.36116e-13
       1675.00   1.42170e-13
       1680.00   1.48357e-13
       1685.00   1.44317e-13
       1690.00   1.38394e-13
       1695.00   1.41846e-13
       1700.00   1.41798e-13
       1705.00   1.40428e-13
       1710.00   1.37731e-13
       1715.00   1.33894e-13
       1720.00   1.43197e-13
       1725.00   1.38458e-13
       1730.00   1.50891e-13
       1735.00   1.45747e-13
       1740.00   1.40640e-13
       1745.00   1.41986e-13
       1750.00   1.44694e-13
       1755.00   1.50720e-13
       1760.00   1.39290e-13
       1765.00   1.38415e-13
       1770.00   1.33804e-13
       1775.00   1.18484e-13
       1780.00   1.32151e-13
       1785.00   1.36032e-13
       1790.00   1.32844e-13
       1795.00   1.31181e-13
       1800.00   1.34515e-13
       1805.00   1.34605e-13
       1810.00   1.32283e-13
       1815.00   1.29761e-13
       1820.00   1.28920e-13
       1825.00   1.26710e-13
       1830.00   1.27419e-13
       1835.00   1.22437e-13
       1840.00   1.22988e-13
       1845.00   1.20079e-13
       1850.00   1.15901e-13
       1855.00   1.15747e-13
       1860.00   1.15463e-13
       1865.00   1.17576e-13
       1870.00   1.18626e-13
       1875.00   1.17807e-13
       1880.00   1.21638e-13
       1885.00   1.16831e-13
       1890.00   1.12809e-13
       1895.00   1.13898e-13
       1900.00   1.17441e-13
       1905.00   1.31982e-13
       1910.00   1.27763e-13
       1915.00   1.08127e-13
       1920.00   1.02297e-13
       1925.00   1.03753e-13
       1930.00   9.95911e-14
       1935.00   1.09898e-13
       1940.00   1.13776e-13
       1945.00   1.14274e-13
       1950.00   1.10127e-13
       1955.00   1.04831e-13
       1960.00   1.02249e-13
       1965.00   9.06116e-14
       1970.00   7.49672e-14
       1975.00   7.72588e-14
       1980.00   1.05770e-13
       1985.00   1.08029e-13
       1990.00   1.14008e-13
       1995.00   1.19521e-13
       2000.00   1.05818e-13
       2005.00   1.17360e-13
       2010.00   1.03228e-13
       2015.00   1.05694e-13
       2020.00   9.98370e-14
       2025.00   1.14749e-13
       2030.00   9.69663e-14
       2035.00   1.19048e-13
       2040.00   1.10882e-13
       2045.00   1.01429e-13
       2050.00   1.05703e-13
       2055.00   1.03824e-13
       2060.00   1.12666e-13
       2065.00   9.91742e-14
       2070.00   9.76960e-14
       2075.00   1.01002e-13
       2080.00   1.14113e-13
       2085.00   1.03276e-13
       2090.00   9.98668e-14
       2095.00   9.08587e-14
       2100.00   1.03358e-13
       2105.00   1.12581e-13
       2110.00   1.05681e-13
       2115.00   9.55271e-14
       2120.00   9.49659e-14
       2125.00   8.80269e-14
       2130.00   9.82841e-14
       2135.00   9.55766e-14
       2140.00   9.23614e-14
       2145.00   9.60664e-14
       2150.00   9.63658e-14
       2155.00   9.39438e-14
       2160.00   8.56089e-14
       2165.00   1.05633e-13
       2170.00   8.70785e-14
       2175.00   8.80085e-14
       2180.00   1.01670e-13
       2185.00   9.59189e-14
       2190.00   8.31696e-14
       2195.00   8.98419e-14
       2200.00   1.02924e-13
       2205.00   9.33120e-14
       2210.00   9.52671e-14
       2215.00   9.18216e-14
       2220.00   8.69594e-14
       2225.00   8.82531e-14
       2230.00   9.81950e-14
       2235.00   8.96212e-14
       2240.00   8.71525e-14
       2245.00   9.40395e-14
       2250.00   8.87068e-14
       2255.00   8.68331e-14
       2260.00   8.99499e-14
       2265.00   8.51269e-14
       2270.00   8.52330e-14
       2275.00   9.30110e-14
       2280.00   8.25222e-14
       2285.00   8.74866e-14
       2290.00   9.24387e-14
       2295.00   7.90725e-14
       2300.00   8.86959e-14
       2305.00   9.26993e-14
       2310.00   9.17456e-14
       2315.00   8.77490e-14
       2320.00   8.44516e-14
       2325.00   9.13340e-14
       2330.00   9.42893e-14
       2335.00   8.87341e-14
       2340.00   7.18633e-14
       2345.00   7.99030e-14
       2350.00   8.06417e-14
       2355.00   6.98465e-14
       2360.00   8.02073e-14
       2365.00   7.35266e-14
       2370.00   7.88672e-14
       2375.00   7.59448e-14
       2380.00   7.67832e-14
       2385.00   7.56281e-14
       2390.00   7.67999e-14
       2395.00   7.93564e-14
       2400.00   7.49983e-14
       2405.00   8.22187e-14
       2410.00   7.70122e-14
       2415.00   8.02418e-14
       2420.00   8.16541e-14
       2425.00   7.66826e-14
       2430.00   7.96723e-14
       2435.00   8.09537e-14
       2440.00   7.93392e-14
       2445.00   7.98018e-14
       2450.00   7.65610e-14
       2455.00   7.72385e-14
       2460.00   7.09472e-14
       2465.00   7.66710e-14
       2470.00   7.77788e-14
       2475.00   8.11363e-14
       2480.00   7.35517e-14
       2485.00   7.32226e-14
       2490.00   7.13637e-14
       2495.00   7.38914e-14
       2500.00   6.89214e-14
       2505.00   7.05239e-14
       2510.00   6.96799e-14
       2515.00   6.69363e-14
       2520.00   6.97414e-14
       2525.00   6.85072e-14
       2530.00   7.04477e-14
       2535.00   7.22497e-14
       2540.00   7.13332e-14
       2545.00   6.66261e-14
       2550.00   6.76913e-14
       2555.00   6.59425e-14
       2560.00   6.44360e-14
       2565.00   6.41291e-14
       2570.00   6.53090e-14
       2575.00   6.06814e-14
       2580.00   6.33747e-14
       2585.00   6.29080e-14
       2590.00   6.56486e-14
       2595.00   6.06822e-14
       2600.00   6.36642e-14
       2605.00   6.24069e-14
       2610.00   6.69928e-14
       2615.00   6.65785e-14
       2620.00   6.79567e-14
       2625.00   6.64161e-14
       2630.00   6.57980e-14
       2635.00   6.68336e-14
       2640.00   6.29889e-14
       2645.00   6.44859e-14
       2650.00   6.65244e-14
       2655.00   6.64512e-14
       2660.00   6.32302e-14
       2665.00   6.35359e-14
       2670.00   6.19720e-14
       2675.00   6.02887e-14
       2680.00   6.35679e-14
       2685.00   6.22732e-14
       2690.00   6.26308e-14
       2695.00   6.26368e-14
       2700.00   6.07704e-14
       2705.00   6.05408e-14
       2710.00   6.20715e-14
       2715.00   5.85864e-14
       2720.00   5.72496e-14
       2725.00   5.94497e-14
       2730.00   5.98713e-14
       2735.00   6.00600e-14
       2740.00   6.11082e-14
       2745.00   5.96202e-14
       2750.00   5.91697e-14
       2755.00   6.01443e-14
       2760.00   5.92753e-14
       2765.00   5.80843e-14
       2770.00   5.57214e-14
       2775.00   5.09523e-14
       2780.00   5.38252e-14
       2785.00   5.63443e-14
       2790.00   6.26368e-14
       2795.00   6.65961e-14
       2800.00   6.78121e-14
       2805.00   6.25665e-14
       2810.00   6.02967e-14
       2815.00   5.72917e-14
       2820.00   5.71049e-14
       2825.00   5.92129e-14
       2830.00   5.92269e-14
       2835.00   5.46963e-14
       2840.00   5.45006e-14
       2845.00   5.78254e-14
       2850.00   5.50172e-14
       2855.00   5.44303e-14
       2860.00   5.63815e-14
       2865.00   5.64371e-14
       2870.00   5.59307e-14
       2875.00   5.32453e-14
       2880.00   5.48863e-14
       2885.00   5.25538e-14
       2890.00   5.04434e-14
       2895.00   5.30314e-14
       2900.00   5.63815e-14
       2905.00   5.46147e-14
       2910.00   5.29904e-14
       2915.00   5.46913e-14
       2920.00   5.35840e-14
       2925.00   5.37278e-14
       2930.00   5.61394e-14
       2935.00   5.61895e-14
       2940.00   5.61887e-14
       2945.00   5.65287e-14
       2950.00   5.62072e-14
       2955.00   5.37958e-14
       2960.00   5.29570e-14
       2965.00   5.32401e-14
       2970.00   5.64235e-14
       2975.00   5.64262e-14
       2980.00   5.45489e-14
       2985.00   5.37155e-14
       2990.00   5.64370e-14
       2995.00   5.66775e-14
       3000.00   5.53206e-14
       3005.00   5.36481e-14
       3010.00   5.42690e-14
       3015.00   5.46986e-14
       3020.00   5.04009e-14
       3025.00   4.85863e-14
       3030.00   5.15049e-14
       3035.00   5.11683e-14
       3040.00   5.28126e-14
       3045.00   5.12230e-14
       3050.00   5.04346e-14
       3055.00   5.01282e-14
       3060.00   5.16549e-14
       3065.00   4.97797e-14
       3070.00   5.25661e-14
       3075.00   5.33142e-14
       3080.00   5.42593e-14
       3085.00   4.98975e-14
       3090.00   5.03942e-14
       3095.00   4.89940e-14
       3100.00   4.93398e-14
       3105.00   5.23542e-14
       3110.00   5.17879e-14
       3115.00   5.09234e-14
       3120.00   4.92433e-14
       3125.00   4.74503e-14
       3130.00   5.30399e-14
       3135.00   5.24363e-14
       3140.00   5.20888e-14
       3145.00   4.63021e-14
       3150.00   4.64328e-14
       3155.00   5.01701e-14
       3160.00   5.44040e-14
       3165.00   4.96546e-14
       3170.00   5.24856e-14
       3175.00   4.95285e-14
       3180.00   4.76902e-14
       3185.00   6.31196e-14
       3190.00   6.81799e-14
       3195.00   5.61943e-14
       3200.00   5.66227e-14
       3205.00   4.23841e-14
       3210.00   5.18978e-14
       3215.00   5.57482e-14
       3220.00   5.21854e-14
       3225.00   4.29378e-14
       3230.00   5.02913e-14
       3235.00   5.19777e-14
       3240.00   5.30535e-14
       3245.00   4.90661e-14
       3250.00   5.11502e-14
       3255.00   5.25580e-14
       3260.00   5.42111e-14
       3265.00   5.25609e-14
       3270.00   4.89357e-14
       3275.00   4.70693e-14
       3280.00   5.04491e-14
       3285.00   4.91405e-14
       3290.00   4.39849e-14
       3295.00   4.53634e-14
       3300.00   4.77049e-14
       3305.00   5.11579e-14
       3310.00   4.72839e-14
       3315.00   4.50935e-14
       3320.00   4.32049e-14
       3325.00   4.11125e-14
       3330.00   4.52324e-14
       3335.00   4.72728e-14
       3340.00   4.64075e-14
       3345.00   4.44220e-14
       3350.00   4.77025e-14
       3355.00   5.20980e-14
       3360.00   4.74396e-14
       3365.00   4.32417e-14
       3370.00   4.14325e-14
       3375.00   4.25777e-14
       3380.00   4.34798e-14
       3385.00   4.45067e-14
       3390.00   4.51963e-14
       3395.00   4.63958e-14
       3400.00   4.43672e-14
       3405.00   4.64619e-14
       3410.00   5.10345e-14
       3415.00   4.74208e-14
       3420.00   4.43191e-14
       3425.00   4.06714e-14
       3430.00   4.19424e-14
       3435.00   4.41483e-14
       3440.00   4.28335e-14
       3445.00   4.54407e-14
       3450.00   4.76283e-14
       3455.00   4.33363e-14
       3460.00   4.31133e-14
       3465.00   4.35880e-14
       3470.00   4.53888e-14
       3475.00   4.62671e-14
       3480.00   4.52209e-14
       3485.00   4.40258e-14
       3490.00   4.40812e-14
       3495.00   4.33687e-14
       3500.00   4.19267e-14
       3505.00   3.97151e-14
       3510.00   3.67586e-14
       3515.00   3.60341e-14
       3520.00   3.91632e-14
       3525.00   4.28214e-14
       3530.00   4.39062e-14
       3535.00   3.91558e-14
       3540.00   3.98530e-14
       3545.00   4.16035e-14
       3550.00   3.97692e-14
       3555.00   4.09562e-14
       3560.00   4.55730e-14
       3565.00   4.43051e-14
       3570.00   4.20277e-14
       3575.00   4.09592e-14
       3580.00   3.94236e-14
       3585.00   4.02447e-14
       3590.00   4.12719e-14
       3595.00   4.10667e-14
       3600.00   4.24910e-14
       3605.00   4.19404e-14
       3610.00   4.09829e-14
       3615.00   4.25228e-14
       3620.00   4.31807e-14
       3625.00   3.99796e-14
       3630.00   3.80554e-14
       3635.00   3.97796e-14
       3640.00   4.15362e-14
       3645.00   4.19721e-14
       3650.00   4.07916e-14
       3655.00   4.20665e-14
       3660.00   3.96599e-14
       3665.00   3.80880e-14
       3670.00   3.89196e-14
       3675.00   4.00737e-14
       3680.00   3.97419e-14
       3685.00   3.90768e-14
       3690.00   3.84652e-14
       3695.00   3.87991e-14
       3700.00   3.99879e-14
       3705.00   4.00326e-14
       3710.00   4.10172e-14
       3715.00   4.53984e-14
       3720.00   7.57220e-14
       3725.00   1.72962e-13
       3730.00   2.19072e-13
       3735.00   1.30120e-13
       3740.00   5.76837e-14
       3745.00   4.33276e-14
       3750.00   4.34005e-14
       3755.00   5.93210e-14
       3760.00   7.66867e-14
       3765.00   5.34861e-14
       3770.00   4.30393e-14
       3775.00   4.49522e-14
       3780.00   4.68414e-14
       3785.00   4.65325e-14
       3790.00   4.61320e-14
       3795.00   4.24228e-14
       3800.00   4.16567e-14
       3805.00   4.54419e-14
       3810.00   5.07934e-14
       3815.00   5.06109e-14
       3820.00   4.86646e-14
       3825.00   4.80686e-14
       3830.00   4.58219e-14
       3835.00   4.42743e-14
       3840.00   4.43142e-14
       3845.00   4.57111e-14
       3850.00   4.88326e-14
       3855.00   4.87114e-14
       3860.00   5.31982e-14
       3865.00   6.74785e-14
       3870.00   7.64483e-14
       3875.00   6.85900e-14
       3880.00   5.29089e-14
       3885.00   5.18584e-14
       3890.00   5.33759e-14
       3895.00   5.06362e-14
       3900.00   4.77385e-14
       3905.00   4.88738e-14
       3910.00   4.98987e-14
       3915.00   5.11112e-14
       3920.00   5.04009e-14
       3925.00   5.01301e-14
       3930.00   4.87909e-14
       3935.00   4.73025e-14
       3940.00   4.78930e-14
       3945.00   4.95209e-14
       3950.00   4.98468e-14
       3955.00   5.06281e-14
       3960.00   5.06421e-14
       3965.00   4.90503e-14
       3970.00   5.15884e-14
       3975.00   5.16103e-14
       3980.00   4.73865e-14
       3985.00   4.80831e-14
       3990.00   5.10188e-14
       3995.00   5.33253e-14
       4000.00   5.48863e-14
       4005.00   5.50943e-14
       4010.00   5.38587e-14
       4015.00   5.46204e-14
       4020.00   5.52239e-14
       4025.00   5.34737e-14
       4030.00   5.41220e-14
       4035.00   5.34104e-14
       4040.00   5.36323e-14
       4045.00   5.30823e-14
       4050.00   5.31327e-14
       4055.00   5.28399e-14
       4060.00   5.19925e-14
       4065.00   5.29551e-14
       4070.00   5.36828e-14
       4075.00   5.32308e-14
       4080.00   5.07385e-14
       4085.00   5.00033e-14
       4090.00   4.85561e-14
       4095.00   5.01416e-14
       4100.00   5.66227e-14
       4105.00   5.95085e-14
       4110.00   5.34557e-14
       4115.00   4.86776e-14
       4120.00   4.84235e-14
       4125.00   4.87351e-14
       4130.00   4.87142e-14
       4135.00   5.02865e-14
       4140.00   5.11242e-14
       4145.00   5.13217e-14
       4150.00   5.13410e-14
       4155.00   5.08561e-14
       4160.00   5.23300e-14
       4165.00   5.10560e-14
       4170.00   5.03971e-14
       4175.00   5.00934e-14
       4180.00   5.13655e-14
       4185.00   5.00427e-14
       4190.00   4.96487e-14
       4195.00   5.01384e-14
       4200.00   5.03528e-14
       4205.00   5.09580e-14
       4210.00   5.07456e-14
       4215.00   5.12314e-14
       4220.00   5.13172e-14
       4225.00   5.07742e-14
       4230.00   5.01806e-14
       4235.00   5.01622e-14
       4240.00   4.99668e-14
       4245.00   4.96213e-14
       4250.00   4.87592e-14
       4255.00   4.76815e-14
       4260.00   4.80859e-14
       4265.00   4.86526e-14
       4270.00   4.84797e-14
       4275.00   4.99335e-14
       4280.00   4.86646e-14
       4285.00   4.85812e-14
       4290.00   4.90084e-14
       4295.00   4.72093e-14
       4300.00   4.49749e-14
       4305.00   4.63363e-14
       4310.00   4.60782e-14
       4315.00   4.58068e-14
       4320.00   4.69429e-14
       4325.00   4.52379e-14
       4330.00   4.47321e-14
       4335.00   5.35696e-14
       4340.00   7.19600e-14
       4345.00   6.98772e-14
       4350.00   5.41732e-14
       4355.00   4.65490e-14
       4360.00   4.80569e-14
       4365.00   5.06011e-14
       4370.00   4.88820e-14
       4375.00   4.71385e-14
       4380.00   4.62868e-14
       4385.00   4.44807e-14
       4390.00   4.48946e-14
       4395.00   4.44701e-14
       4400.00   4.53271e-14
       4405.00   4.53574e-14
       4410.00   4.49975e-14
       4415.00   4.58146e-14
       4420.00   4.58335e-14
       4425.00   4.62712e-14
       4430.00   4.59010e-14
       4435.00   4.67065e-14
       4440.00   4.62144e-14
       4445.00   4.41929e-14
       4450.00   4.48580e-14
       4455.00   4.47796e-14
       4460.00   4.42854e-14
       4465.00   4.63431e-14
       4470.00   4.83805e-14
       4475.00   4.77452e-14
       4480.00   4.49653e-14
       4485.00   4.28888e-14
       4490.00   4.44044e-14
       4495.00   4.56840e-14
       4500.00   4.58913e-14
       4505.00   4.66569e-14
       4510.00   4.65955e-14
       4515.00   4.67381e-14
       4520.00   4.56066e-14
       4525.00   4.47987e-14
       4530.00   4.44574e-14
       4535.00   4.48479e-14
       4540.00   4.48303e-14
       4545.00   4.40567e-14
       4550.00   4.39166e-14
       4555.00   4.36950e-14
       4560.00   4.47194e-14
       4565.00   4.51288e-14
       4570.00   4.48993e-14
       4575.00   4.46468e-14
       4580.00   4.44010e-14
       4585.00   4.41984e-14
       4590.00   4.59871e-14
       4595.00   4.55143e-14
       4600.00   4.36969e-14
       4605.00   4.39578e-14
       4610.00   4.53076e-14
       4615.00   4.47272e-14
       4620.00   4.65858e-14
       4625.00   4.58021e-14
       4630.00   4.39607e-14
       4635.00   4.35611e-14
       4640.00   4.43914e-14
       4645.00   4.36038e-14
       4650.00   4.34007e-14
       4655.00   4.41792e-14
       4660.00   4.48109e-14
       4665.00   4.45815e-14
       4670.00   4.46175e-14
       4675.00   4.50449e-14
       4680.00   4.54186e-14
       4685.00   4.56511e-14
       4690.00   4.48081e-14
       4695.00   4.39706e-14
       4700.00   4.37499e-14
       4705.00   4.25758e-14
       4710.00   4.26967e-14
       4715.00   4.24951e-14
       4720.00   4.35039e-14
       4725.00   4.28377e-14
       4730.00   4.39278e-14
       4735.00   4.32260e-14
       4740.00   4.39139e-14
       4745.00   4.41533e-14
       4750.00   4.40004e-14
       4755.00   4.31921e-14
       4760.00   4.29348e-14
       4765.00   4.27268e-14
       4770.00   4.20395e-14
       4775.00   4.18641e-14
       4780.00   4.17291e-14
       4785.00   4.13918e-14
       4790.00   4.12711e-14
       4795.00   4.15082e-14
       4800.00   4.16807e-14
       4805.00   4.11729e-14
       4810.00   3.98300e-14
       4815.00   4.10850e-14
       4820.00   4.19461e-14
       4825.00   4.23449e-14
       4830.00   4.07214e-14
       4835.00   4.00855e-14
       4840.00   3.92790e-14
       4845.00   3.91118e-14
       4850.00   4.03492e-14
       4855.00   5.64043e-14
       4860.00   1.02104e-13
       4865.00   1.13335e-13
       4870.00   7.22984e-14
       4875.00   4.26457e-14
       4880.00   3.87437e-14
       4885.00   3.91128e-14
       4890.00   3.86879e-14
       4895.00   3.88641e-14
       4900.00   4.00939e-14
       4905.00   3.99827e-14
       4910.00   4.02212e-14
       4915.00   3.97629e-14
       4920.00   3.94140e-14
       4925.00   3.97401e-14
       4930.00   4.06185e-14
       4935.00   4.05743e-14
       4940.00   4.00699e-14
       4945.00   4.14331e-14
       4950.00   4.92440e-14
       4955.00   9.34100e-14
       4960.00   1.39097e-13
       4965.00   1.18403e-13
       4970.00   7.11198e-14
       4975.00   4.56434e-14
       4980.00   4.08658e-14
       4985.00   4.17973e-14
       4990.00   4.20514e-14
       4995.00   4.69018e-14
       5000.00   1.00127e-13
       5005.00   2.53517e-13
       5010.00   3.16040e-13
       5015.00   2.20716e-13
       5020.00   8.85996e-14
       5025.00   4.45765e-14
       5030.00   3.94842e-14
       5035.00   3.86201e-14
       5040.00   3.79381e-14
       5045.00   3.74745e-14
       5050.00   3.80285e-14
       5055.00   3.85322e-14
       5060.00   3.83289e-14
       5065.00   3.85173e-14
       5070.00   3.78867e-14
       5075.00   3.72662e-14
       5080.00   3.72147e-14
       5085.00   3.77591e-14
       5090.00   3.79865e-14
       5095.00   3.86531e-14
       5100.00   3.80008e-14
       5105.00   3.76536e-14
       5110.00   3.77616e-14
       5115.00   3.74850e-14
       5120.00   3.47452e-14
       5125.00   3.41623e-14
       5130.00   3.66919e-14
       5135.00   3.69216e-14
       5140.00   3.60716e-14
       5145.00   3.57504e-14
       5150.00   3.62719e-14
       5155.00   3.66766e-14
       5160.00   3.69687e-14
       5165.00   3.59248e-14
       5170.00   3.49140e-14
       5175.00   3.52245e-14
       5180.00   3.62261e-14
       5185.00   3.56782e-14
       5190.00   3.69176e-14
       5195.00   3.64501e-14
       5200.00   3.68481e-14
       5205.00   3.58815e-14
       5210.00   3.56862e-14
       5215.00   3.57735e-14
       5220.00   3.56086e-14
       5225.00   3.59678e-14
       5230.00   3.53696e-14
       5235.00   3.49288e-14
       5240.00   3.49189e-14
       5245.00   3.51983e-14
       5250.00   3.50903e-14
       5255.00   3.58391e-14
       5260.00   3.68867e-14
       5265.00   3.57281e-14
       5270.00   3.49809e-14
       5275.00   3.57243e-14
       5280.00   3.58690e-14
       5285.00   3.56591e-14
       5290.00   3.56935e-14
       5295.00   3.55013e-14
       5300.00   3.59608e-14
       5305.00   3.56883e-14
       5310.00   3.57806e-14
       5315.00   3.50277e-14
       5320.00   3.52999e-14
       5325.00   3.54577e-14
       5330.00   3.53284e-14
       5335.00   3.50569e-14
       5340.00   3.44655e-14
       5345.00   3.54430e-14
       5350.00   3.52802e-14
       5355.00   3.48307e-14
       5360.00   3.56906e-14
       5365.00   3.53843e-14
       5370.00   3.52382e-14
       5375.00   3.47830e-14
       5380.00   3.54639e-14
       5385.00   3.53236e-14
       5390.00   3.47513e-14
       5395.00   3.37814e-14
       5400.00   3.42678e-14
       5405.00   2.74134e-14
       5410.00   2.58353e-14
       5415.00   3.25060e-14
       5420.00   2.98788e-14
       5425.00   2.58135e-14
       5430.00   3.20189e-14
       5435.00   3.45953e-14
       5440.00   3.42486e-14
       5445.00   3.23044e-14
       5450.00   3.43995e-14
       5455.00   3.17664e-14
       5460.00   3.04190e-14
       5465.00   3.77593e-14
       5470.00   3.43486e-14
       5475.00   2.71994e-14
       5480.00   2.47181e-14
       5485.00   2.40892e-14
       5490.00   2.49486e-14
       5495.00   2.53077e-14
       5500.00   2.57310e-14
       5505.00   2.64001e-14
       5510.00   3.19399e-14
       5515.00   3.46711e-14
       5520.00   3.54253e-14
       5525.00   3.45092e-14
       5530.00   3.46029e-14
       5535.00   3.46045e-14
       5540.00   3.34575e-14
       5545.00   3.35014e-14
       5550.00   3.35780e-14
       5555.00   3.53712e-14
       5560.00   3.70217e-14
       5565.00   3.60810e-14
       5570.00   3.56584e-14
       5575.00   3.43745e-14
       5580.00   3.16537e-14
       5585.00   3.32201e-14
       5590.00   3.45071e-14
       5595.00   3.12913e-14
       5600.00   3.20636e-14
       5605.00   3.29685e-14
       5610.00   3.27616e-14
       5615.00   3.16877e-14
       5620.00   3.12534e-14
       5625.00   3.04477e-14
       5630.00   3.29346e-14
       5635.00   3.40195e-14
       5640.00   3.33611e-14
       5645.00   3.31034e-14
       5650.00   3.13319e-14
       5655.00   3.14235e-14
       5660.00   3.17068e-14
       5665.00   3.20184e-14
       5670.00   3.30921e-14
       5675.00   3.29780e-14
       5680.00   3.21264e-14
       5685.00   3.20099e-14
       5690.00   3.26578e-14
       5695.00   3.34770e-14
       5700.00   3.30669e-14
       5705.00   3.30388e-14
       5710.00   3.28481e-14
       5715.00   3.25187e-14
       5720.00   3.04286e-14
       5725.00   3.32222e-14
       5730.00   3.22545e-14
       5735.00   3.29804e-14
       5740.00   3.24977e-14
       5745.00   3.17233e-14
       5750.00   3.09519e-14
       5755.00   3.13389e-14
       5760.00   3.29415e-14
       5765.00   3.25567e-14
       5770.00   3.17724e-14
       5775.00   3.19835e-14
       5780.00   2.99223e-14
       5785.00   2.99909e-14
       5790.00   3.06851e-14
       5795.00   3.18899e-14
       5800.00   3.21264e-14
       5805.00   3.13466e-14
       5810.00   3.17551e-14
       5815.00   3.12180e-14
       5820.00   3.28401e-14
       5825.00   3.27105e-14
       5830.00   3.17441e-14
       5835.00   3.23181e-14
       5840.00   3.27534e-14
       5845.00   3.17950e-14
       5850.00   3.20246e-14
       5855.00   3.02614e-14
       5860.00   3.23000e-14
       5865.00   3.05660e-14
       5870.00   3.46580e-14
       5875.00   3.86288e-14
       5880.00   4.05137e-14
       5885.00   3.69638e-14
       5890.00   2.96560e-14
       5895.00   2.78816e-14
       5900.00   3.08193e-14
       5905.00   3.13448e-14
       5910.00   3.11798e-14
       5915.00   3.21335e-14
       5920.00   3.14801e-14
       5925.00   3.14964e-14
       5930.00   3.15564e-14
       5935.00   3.05500e-14
       5940.00   3.07180e-14
       5945.00   3.03613e-14
       5950.00   2.90210e-14
       5955.00   3.09689e-14
       5960.00   3.13209e-14
       5965.00   3.06093e-14
       5970.00   3.05778e-14
       5975.00   3.10972e-14
       5980.00   3.06552e-14
       5985.00   3.14564e-14
       5990.00   3.10733e-14
       5995.00   2.91037e-14
       6000.00   3.09929e-14
       6005.00   3.08578e-14
       6010.00   2.95327e-14
       6015.00   3.06410e-14
       6020.00   3.02936e-14
       6025.00   3.12825e-14
       6030.00   3.07043e-14
       6035.00   3.03494e-14
       6040.00   2.84898e-14
       6045.00   3.06809e-14
       6050.00   3.14169e-14
       6055.00   3.14010e-14
       6060.00   3.06119e-14
       6065.00   3.07046e-14
       6070.00   3.12751e-14
       6075.00   3.18384e-14
       6080.00   3.01296e-14
       6085.00   3.10876e-14
       6090.00   3.18458e-14
       6095.00   3.10943e-14
       6100.00   3.09544e-14
       6105.00   3.13189e-14
       6110.00   3.06344e-14
       6115.00   3.00691e-14
       6120.00   3.03757e-14
       6125.00   3.03343e-14
       6130.00   3.09855e-14
       6135.00   3.06265e-14
       6140.00   3.04190e-14
       6145.00   2.80235e-14
       6150.00   2.97282e-14
       6155.00   2.95896e-14
       6160.00   2.94302e-14
       6165.00   3.12103e-14
       6170.00   3.05619e-14
       6175.00   2.95904e-14
       6180.00   2.85718e-14
       6185.00   2.83824e-14
       6190.00   2.73488e-14
       6195.00   2.82308e-14
       6200.00   2.87502e-14
       6205.00   2.89184e-14
       6210.00   2.86577e-14
       6215.00   2.97897e-14
       6220.00   2.82099e-14
       6225.00   2.93013e-14
       6230.00   2.98635e-14
       6235.00   2.91305e-14
       6240.00   3.00332e-14
       6245.00   3.08183e-14
       6250.00   2.87124e-14
       6255.00   2.86492e-14
       6260.00   2.94302e-14
       6265.00   2.86070e-14
       6270.00   2.95804e-14
       6275.00   2.87283e-14
       6280.00   2.72454e-14
       6285.00   2.77143e-14
       6290.00   2.89238e-14
       6295.00   3.11618e-14
       6300.00   3.26858e-14
       6305.00   3.02114e-14
       6310.00   2.93597e-14
       6315.00   2.98280e-14
       6320.00   2.88804e-14
       6325.00   2.71953e-14
       6330.00   2.79822e-14
       6335.00   2.85434e-14
       6340.00   2.95943e-14
       6345.00   2.92260e-14
       6350.00   2.97888e-14
       6355.00   2.86716e-14
       6360.00   2.86730e-14
       6365.00   2.93394e-14
       6370.00   2.91174e-14
       6375.00   2.84476e-14
       6380.00   2.84463e-14
       6385.00   2.88079e-14
       6390.00   2.87789e-14
       6395.00   2.84263e-14
       6400.00   2.79640e-14
       6405.00   2.65216e-14
       6410.00   2.66375e-14
       6415.00   2.71218e-14
       6420.00   2.72647e-14
       6425.00   2.73669e-14
       6430.00   2.76928e-14
       6435.00   2.78578e-14
       6440.00   2.88274e-14
       6445.00   2.73360e-14
       6450.00   2.73966e-14
       6455.00   2.69549e-14
       6460.00   2.73900e-14
       6465.00   2.80209e-14
       6470.00   2.97484e-14
       6475.00   2.80437e-14
       6480.00   2.83884e-14
       6485.00   2.80388e-14
       6490.00   2.70962e-14
       6495.00   2.62069e-14
       6500.00   2.59143e-14
       6505.00   2.65952e-14
       6510.00   2.78229e-14
       6515.00   2.77073e-14
       6520.00   2.73275e-14
       6525.00   2.69379e-14
       6530.00   2.78343e-14
       6535.00   2.80218e-14
       6540.00   2.93146e-14
       6545.00   3.29145e-14
       6550.00   3.85959e-14
       6555.00   7.39725e-14
       6560.00   2.24513e-13
       6565.00   2.84968e-13
       6570.00   1.67547e-13
       6575.00   4.98334e-14
       6580.00   4.49461e-14
       6585.00   5.30656e-14
       6590.00   4.23017e-14
       6595.00   2.99231e-14
       6600.00   2.69657e-14
       6605.00   2.62859e-14
       6610.00   2.67220e-14
       6615.00   2.63202e-14
       6620.00   2.60252e-14
       6625.00   2.66636e-14
       6630.00   2.57282e-14
       6635.00   2.68495e-14
       6640.00   2.62037e-14
       6645.00   2.57325e-14
       6650.00   2.57515e-14
       6655.00   2.65947e-14
       6660.00   2.71732e-14
       6665.00   2.77832e-14
       6670.00   2.73541e-14
       6675.00   2.87235e-14
       6680.00   2.73852e-14
       6685.00   2.75851e-14
       6690.00   2.65852e-14
       6695.00   2.61938e-14
       6700.00   2.35364e-14
       6705.00   2.58671e-14
       6710.00   3.26242e-14
       6715.00   4.84158e-14
       6720.00   4.94363e-14
       6725.00   4.02819e-14
       6730.00   4.33702e-14
       6735.00   4.04327e-14
       6740.00   2.95412e-14
       6745.00   2.48336e-14
       6750.00   2.49636e-14
       6755.00   2.42318e-14
       6760.00   2.56055e-14
       6765.00   2.43769e-14
       6770.00   2.38427e-14
       6775.00   2.31899e-14
       6780.00   2.48435e-14
       6785.00   2.46331e-14
       6790.00   2.56771e-14
       6795.00   2.67184e-14
       6800.00   2.49159e-14
       6805.00   2.49436e-14
       6810.00   2.47996e-14
       6815.00   2.32156e-14
       6820.00   2.50509e-14
       6825.00   2.47690e-14
       6830.00   2.31694e-14
       6835.00   2.28999e-14
       6840.00   2.28854e-14
       6845.00   2.33863e-14
       6850.00   2.34709e-14
       6855.00   2.58548e-14
       6860.00   2.49786e-14
       6865.00   2.48832e-14
       6870.00   2.55969e-14
       6875.00   2.48700e-14
       6880.00   2.38452e-14
       6885.00   2.59832e-14
       6890.00   2.53584e-14
       6895.00   2.48690e-14
       6900.00   2.34304e-14
       6905.00   2.37086e-14
       6910.00   2.23859e-14
       6915.00   2.42607e-14
       6920.00   2.60155e-14
       6925.00   2.41513e-14
       6930.00   2.54651e-14
       6935.00   2.64175e-14
       6940.00   2.67052e-14
       6945.00   2.42486e-14
       6950.00   2.46094e-14
       6955.00   2.53128e-14
       6960.00   2.66763e-14
       6965.00   2.66916e-14
       6970.00   2.62609e-14
       6975.00   2.22515e-14
       6980.00   2.14915e-14
       6985.00   2.39880e-14
       6990.00   2.30986e-14
       6995.00   2.52524e-14
       7000.00   2.54705e-14
       7005.00   2.65718e-14
       7010.00   2.34616e-14
       7015.00   2.50228e-14
       7020.00   2.46169e-14
       7025.00   2.38397e-14
       7030.00   2.41581e-14
       7035.00   2.44747e-14
       7040.00   2.51426e-14
       7045.00   2.47849e-14
       7050.00   2.34092e-14
       7055.00   2.43641e-14
       7060.00   2.51329e-14
       7065.00   2.59201e-14
       7070.00   2.55847e-14
       7075.00   2.41745e-14
       7080.00   2.39368e-14
       7085.00   2.40205e-14
       7090.00   2.36122e-14
       7095.00   2.34946e-14
       7100.00   2.38837e-14
       7105.00   2.42503e-14
       7110.00   2.47532e-14
       7115.00   2.35616e-14
       7120.00   2.34835e-14
       7125.00   2.39392e-14
       7130.00   2.59793e-14
       7135.00   3.23061e-14
       7140.00   3.16537e-14
       7145.00   2.49525e-14
       7150.00   2.20885e-14
       7155.00   2.25985e-14
       7160.00   2.32471e-14
       7165.00   2.50598e-14
       7170.00   2.41871e-14
       7175.00   2.28717e-14
       7180.00   2.30784e-14
       7185.00   2.30644e-14
       7190.00   2.34826e-14
       7195.00   2.38184e-14
       7200.00   2.30108e-14
       7205.00   2.12808e-14
       7210.00   2.13771e-14
       7215.00   2.20798e-14
       7220.00   2.02182e-14
       7225.00   2.13814e-14
       7230.00   2.31277e-14
       7235.00   2.30479e-14
       7240.00   2.14722e-14
       7245.00   2.09872e-14
       7250.00   2.18026e-14
       7255.00   2.14933e-14
       7260.00   2.26153e-14
       7265.00   2.37620e-14
       7270.00   2.32929e-14
       7275.00   2.42103e-14
       7280.00   2.53259e-14
       7285.00   2.45695e-14
       7290.00   2.30693e-14
       7295.00   2.36389e-14
       7300.00   2.36378e-14
       7305.00   2.32230e-14
       7310.00   2.35579e-14
       7315.00   2.33520e-14
       7320.00   2.43709e-14
       7325.00   2.67911e-14
       7330.00   2.44167e-14
       7335.00   2.52317e-14
       7340.00   2.62761e-14
       7345.00   2.36085e-14
       7350.00   2.29470e-14
       7355.00   2.43577e-14
       7360.00   2.34304e-14
       7365.00   2.35829e-14
       7370.00   2.34069e-14
       7375.00   2.12374e-14
       7380.00   2.08259e-14
       7385.00   2.19729e-14
       7390.00   2.27218e-14
       7395.00   2.32226e-14
       7400.00   2.08259e-14
       7405.00   1.96782e-14
       7410.00   2.28870e-14
       7415.00   2.38969e-14
       7420.00   2.30397e-14
       7425.00   2.14190e-14
       7430.00   2.19512e-14
       7435.00   2.26235e-14
       7440.00   2.11828e-14
       7445.00   2.27859e-14
       7450.00   2.31374e-14
       7455.00   2.23369e-14
       7460.00   2.15349e-14
       7465.00   2.17646e-14
       7470.00   2.15150e-14
       7475.00   2.32043e-14
       7480.00   2.63484e-14
       7485.00   2.44172e-14
       7490.00   2.27723e-14
       7495.00   2.44237e-14
       7500.00   2.45204e-14
       7505.00   2.28907e-14
       7510.00   2.39186e-14
       7515.00   2.01327e-14
       7520.00   2.15542e-14
       7525.00   2.18650e-14
       7530.00   2.08167e-14
       7535.00   2.41899e-14
       7540.00   2.15156e-14
       7545.00   2.41124e-14
       7550.00   2.15539e-14
       7555.00   1.96405e-14
       7560.00   2.14433e-14
       7565.00   2.18756e-14
       7570.00   2.39100e-14
       7575.00   3.59753e-14
       7580.00   3.27870e-14
       7585.00   2.04111e-14
       7590.00   2.13113e-14
       7595.00   2.41904e-14
       7600.00   2.19063e-14
       7605.00   2.09568e-14
       7610.00   2.41465e-14
       7615.00   2.63214e-14
       7620.00   2.45252e-14
       7625.00   2.40594e-14
       7630.00   2.59911e-14
       7635.00   2.57322e-14
       7640.00   2.10429e-14
       7645.00   2.08899e-14
       7650.00   2.11526e-14
       7655.00   2.16555e-14
       7660.00   2.08356e-14
       7665.00   2.02126e-14
       7670.00   2.20072e-14
       7675.00   2.15731e-14
       7680.00   2.10912e-14
       7685.00   2.16525e-14
       7690.00   2.19751e-14
       7695.00   2.25501e-14
       7700.00   2.12360e-14
       7705.00   2.11526e-14
       7710.00   2.11001e-14
       7715.00   2.00962e-14
       7720.00   2.12696e-14
       7725.00   2.15485e-14
       7730.00   2.11604e-14
       7735.00   2.13710e-14
       7740.00   2.17520e-14
       7745.00   2.07918e-14
       7750.00   2.23012e-14
       7755.00   2.29142e-14
       7760.00   2.18339e-14
       7765.00   2.20481e-14
       7770.00   2.15691e-14
       7775.00   2.07595e-14
       7780.00   2.00928e-14
       7785.00   2.08549e-14
       7790.00   2.08380e-14
       7795.00   2.20399e-14
       7800.00   2.08163e-14
       7805.00   2.06654e-14
       7810.00   2.06839e-14
       7815.00   2.15691e-14
       7820.00   2.08163e-14
       7825.00   2.09480e-14
       7830.00   2.14746e-14
       7835.00   2.05706e-14
       7840.00   2.02038e-14
       7845.00   2.10951e-14
       7850.00   2.17371e-14
       7855.00   2.04816e-14
       7860.00   2.06571e-14
       7865.00   2.04962e-14
       7870.00   2.07298e-14
       7875.00   2.11356e-14
       7880.00   2.07536e-14
       7885.00   2.04862e-14
       7890.00   2.00786e-14
       7895.00   2.10210e-14
       7900.00   2.05848e-14
       7905.00   2.04290e-14
       7910.00   1.95053e-14
       7915.00   1.93693e-14
       7920.00   2.01844e-14
       7925.00   1.99639e-14
       7930.00   2.01024e-14
       7935.00   2.02300e-14
       7940.00   1.94948e-14
       7945.00   2.05711e-14
       7950.00   1.98071e-14
       7955.00   1.96296e-14
       7960.00   2.01459e-14
       7965.00   2.01683e-14
       7970.00   2.06251e-14
       7975.00   2.02300e-14
       7980.00   1.90414e-14
       7985.00   1.93710e-14
       7990.00   1.93859e-14
       7995.00   1.99710e-14
       8000.00   1.89787e-14
       8005.00   2.00528e-14
       8010.00   1.97564e-14
       8015.00   2.11308e-14
       8020.00   2.05173e-14
       8025.00   2.00843e-14
       8030.00   1.95954e-14
       8035.00   2.05764e-14
       8040.00   1.86170e-14
       8045.00   2.04805e-14
       8050.00   2.00195e-14
       8055.00   2.01935e-14
       8060.00   2.08646e-14
       8065.00   2.05880e-14
       8070.00   1.89729e-14
       8075.00   2.09727e-14
       8080.00   1.98565e-14
       8085.00   2.01722e-14
       8090.00   1.87438e-14
       8095.00   1.88419e-14
       8100.00   1.94851e-14
       8105.00   2.06941e-14
       8110.00   2.02212e-14
       8115.00   2.06532e-14
       8120.00   1.85447e-14
       8125.00   1.50122e-14
       8130.00   1.53731e-14
       8135.00   1.58754e-14
       8140.00   1.83179e-14
       8145.00   1.89499e-14
       8150.00   1.95400e-14
       8155.00   2.07734e-14
       8160.00   1.87424e-14
       8165.00   2.07857e-14
       8170.00   1.90843e-14
       8175.00   1.84461e-14
       8180.00   1.88244e-14
       8185.00   1.84564e-14
       8190.00   1.90604e-14
       8195.00   1.81333e-14
       8200.00   1.93501e-14
       8205.00   1.79564e-14
       8210.00   1.80101e-14
       8215.00   1.90687e-14
       8220.00   1.92777e-14
       8225.00   1.93089e-14
       8230.00   1.74687e-14
       8235.00   1.78306e-14
       8240.00   1.81974e-14
       8245.00   1.75904e-14
       8250.00   1.86375e-14
       8255.00   1.89065e-14
       8260.00   1.80913e-14
       8265.00   1.70663e-14
       8270.00   1.91600e-14
       8275.00   1.86230e-14
       8280.00   1.89787e-14
       8285.00   1.70807e-14
       8290.00   2.12964e-14
       8295.00   1.98544e-14
       8300.00   1.81636e-14
       8305.00   1.66901e-14
       8310.00   1.82260e-14
       8315.00   1.84670e-14
       8320.00   1.60125e-14
       8325.00   1.77528e-14
       8330.00   1.74132e-14
       8335.00   1.60746e-14
       8340.00   1.57231e-14
       8345.00   1.73069e-14
       8350.00   1.76890e-14
       8355.00   1.84325e-14
       8360.00   1.80913e-14
       8365.00   1.74945e-14
       8370.00   1.74581e-14
       8375.00   1.74073e-14
       8380.00   1.75559e-14
       8385.00   1.75008e-14
       8390.00   1.67824e-14
       8395.00   1.78105e-14
       8400.00   1.86314e-14
       8405.00   1.93773e-14
       8410.00   1.77508e-14
       8415.00   1.60451e-14
       8420.00   1.78790e-14
       8425.00   3.53489e-14
       8430.00   2.47384e-14
       8435.00   2.09556e-14
       8440.00   2.31121e-14
       8445.00   2.28837e-14
       8450.00   2.10977e-14
       8455.00   2.22045e-14
       8460.00   2.35221e-14
       8465.00   2.18134e-14
       8470.00   2.27832e-14
       8475.00   1.99888e-14
       8480.00   1.53421e-14
       8485.00   1.77188e-14
       8490.00   1.56912e-14
       8495.00   1.83014e-14
       8500.00   1.58678e-14
       8505.00   1.76454e-14
       8510.00   1.86853e-14
       8515.00   1.61064e-14
       8520.00   1.57424e-14
       8525.00   1.88471e-14
       8530.00   1.60017e-14
       8535.00   1.84043e-14
       8540.00   1.80093e-14
       8545.00   1.65855e-14
       8550.00   1.73799e-14
       8555.00   1.63545e-14
       8560.00   1.75993e-14
       8565.00   1.52060e-14
       8570.00   1.71165e-14
       8575.00   1.87262e-14
       8580.00   1.81540e-14
       8585.00   1.72694e-14
       8590.00   1.65019e-14
       8595.00   1.80195e-14
       8600.00   1.82890e-14
       8605.00   1.73275e-14
       8610.00   1.92699e-14
       8615.00   1.67820e-14
       8620.00   1.90318e-14
       8625.00   1.72156e-14
       8630.00   1.85608e-14
       8635.00   1.86468e-14
       8640.00   1.67842e-14
       8645.00   1.79397e-14
       8650.00   1.95555e-14
       8655.00   1.65048e-14
       8660.00   1.84626e-14
       8665.00   1.66839e-14
       8670.00   1.56785e-14
       8675.00   1.74237e-14
       8680.00   1.86266e-14
       8685.00   1.84740e-14
       8690.00   1.85557e-14
       8695.00   1.79618e-14
       8700.00   1.86797e-14
       8705.00   1.73027e-14
       8710.00   1.90910e-14
       8715.00   1.68732e-14
       8720.00   1.87714e-14
       8725.00   1.64760e-14
       8730.00   1.87916e-14
       8735.00   1.82254e-14
       8740.00   1.60029e-14
       8745.00   1.68266e-14
       8750.00   1.72701e-14
       8755.00   1.56549e-14
       8760.00   1.65093e-14
       8765.00   1.94304e-14
       8770.00   1.66716e-14
       8775.00   1.59140e-14
       8780.00   1.62922e-14
       8785.00   1.92733e-14
       8790.00   1.86846e-14
       8795.00   2.14293e-14
       8800.00   1.66637e-14
       8805.00   1.97259e-14
       8810.00   1.91620e-14
       8815.00   1.73871e-14
       8820.00   1.64322e-14
       8825.00   1.85926e-14
       8830.00   1.65049e-14
       8835.00   1.41348e-14
       8840.00   1.68566e-14
       8845.00   1.88899e-14
       8850.00   1.65605e-14
       8855.00   1.66680e-14
       8860.00   1.53035e-14
       8865.00   1.85747e-14
       8870.00   1.87508e-14
       8875.00   1.90535e-14
       8880.00   1.77102e-14
       8885.00   1.66202e-14
       8890.00   1.71428e-14
       8895.00   1.52164e-14
       8900.00   1.83228e-14
       8905.00   1.55978e-14
       8910.00   1.62298e-14
       8915.00   1.53506e-14
       8920.00   1.94948e-14
       8925.00   1.38370e-14
       8930.00   1.95423e-14
       8935.00   1.83290e-14
       8940.00   1.99771e-14
       8945.00   1.90033e-14
       8950.00   1.88312e-14
       8955.00   1.39862e-14
       8960.00   1.79707e-14
       8965.00   1.60615e-14
       8970.00   1.67174e-14
       8975.00   1.61033e-14
       8980.00   1.73292e-14
       8985.00   1.88116e-14
       8990.00   1.67800e-14
       8995.00   1.52134e-14
       9000.00   2.03822e-14
       9005.00   1.62312e-14
       9010.00   1.64445e-14
       9015.00   1.76067e-14
       9020.00   1.94417e-14
       9025.00   1.70590e-14
       9030.00   1.42444e-14
       9035.00   1.70256e-14
       9040.00   1.74112e-14
       9045.00   1.86859e-14
       9050.00   1.77765e-14
       9055.00   1.79205e-14
       9060.00   2.48339e-14
       9065.00   3.23278e-14
       9070.00   4.34631e-14
       9075.00   4.02657e-14
       9080.00   2.63338e-14
       9085.00   1.49958e-14
       9090.00   1.69043e-14
       9095.00   1.54735e-14
       9100.00   1.63212e-14
       9105.00   1.58434e-14
       9110.00   1.87763e-14
       9115.00   1.45942e-14
       9120.00   1.75077e-14
       9125.00   1.45445e-14
       9130.00   1.75900e-14
       9135.00   1.99942e-14
       9140.00   1.58148e-14
       9145.00   1.42438e-14
       9150.00   1.61880e-14
       9155.00   1.35873e-14
       9160.00   1.32586e-14
       9165.00   2.07065e-14
       9170.00   1.51969e-14
       9175.00   1.44044e-14
       9180.00   1.43197e-14
       9185.00   1.21251e-14
       9190.00   1.40056e-14
       9195.00   1.26339e-14
       9200.00   1.50528e-14
       9205.00   1.20570e-14
       9210.00   1.55373e-14
       9215.00   1.56043e-14
       9220.00   1.85880e-14
       9225.00   1.56157e-14
       9230.00   1.65304e-14
       9235.00   1.34729e-14
       9240.00   1.64322e-14
       9245.00   1.77165e-14
       9250.00   1.36735e-14
       9255.00   1.33256e-14
       9260.00   1.41460e-14
       9265.00   1.67790e-14
       9270.00   1.38861e-14
       9275.00   1.80956e-14
       9280.00   1.40351e-14
       9285.00   1.65231e-14
       9290.00   1.57694e-14
       9295.00   1.51476e-14
       9300.00   1.70929e-14
       9305.00   2.03836e-14
       9310.00   1.52245e-14
       9315.00   1.80294e-14
       9320.00   2.12793e-14
       9325.00   1.82549e-14
       9330.00   1.57152e-14
       9335.00   1.87570e-14
       9340.00   1.94513e-14
       9345.00   1.58504e-14
       9350.00   1.32286e-14
       9355.00   2.06881e-14
       9360.00   1.33936e-14
       9365.00   1.67103e-14
       9370.00   1.31199e-14
       9375.00   1.72798e-14
       9380.00   1.60415e-14
       9385.00   1.79799e-14
       9390.00   1.73590e-14
       9395.00   1.57993e-14
       9400.00   1.56122e-14
       9405.00   4.03688e-14
       9410.00   2.12821e-14
       9415.00   1.41296e-14
       9420.00   2.00736e-14
       9425.00   2.04783e-14
       9430.00   1.63265e-14
       9435.00   1.46801e-14
       9440.00   1.60753e-14
       9445.00   1.53443e-14
       9450.00   1.33418e-14
       9455.00   1.98800e-14
       9460.00   1.04660e-14
       9465.00   1.47626e-14
       9470.00   1.97759e-14
       9475.00   1.77975e-14
       9480.00   1.63839e-14
       9485.00   1.64427e-14
       9490.00   1.36596e-14
       9495.00   1.47103e-14
       9500.00   1.66637e-14
       9505.00   1.86381e-14
       9510.00   1.39848e-14
       9515.00   1.92306e-14
       9520.00   2.33918e-14
       9525.00   3.24893e-14
       9530.00   4.86877e-14
       9535.00   6.49229e-14
       9540.00   4.18641e-14
       9545.00   2.14722e-14
       9550.00   2.38524e-14
       9555.00   1.31874e-14
       9560.00   1.40833e-14
       9565.00   1.37470e-14
       9570.00   1.09620e-14
       9575.00   1.64931e-14
       9580.00   1.72183e-14
       9585.00   1.87190e-14
       9590.00   1.42908e-14
       9595.00   1.44841e-14
       9600.00   1.39386e-14
       9605.00   1.68070e-14
       9610.00   1.19167e-14
       9615.00   1.64652e-14
       9620.00   1.09339e-14
       9625.00   1.38307e-14
       9630.00   1.45253e-14
       9635.00   1.26468e-14
       9640.00   1.51155e-14
       9645.00   1.54681e-14
       9650.00   1.06034e-14
       9655.00   1.67811e-14
       9660.00   1.76620e-14
       9665.00   1.52150e-14
       9670.00   1.52086e-14
       9675.00   1.40788e-14
       9680.00   1.23519e-14
       9685.00   1.39082e-14
       9690.00   1.98150e-14
       9695.00   1.26770e-14
       9700.00   1.33647e-14
       9705.00   1.39201e-14
       9710.00   1.55488e-14
       9715.00   1.27101e-14
       9720.00   1.79900e-14
       9725.00   1.25776e-14
       9730.00   1.78554e-14
       9735.00   2.30520e-14
       9740.00   1.48261e-14
       9745.00   1.51520e-14
       9750.00   1.60599e-14
       9755.00   1.30805e-14
       9760.00   1.60125e-14
       9765.00   2.25106e-14
       9770.00   1.83430e-14
       9775.00   1.13255e-14
       9780.00   8.12682e-15
       9785.00   1.19978e-14
       9790.00   1.68542e-14
       9795.00   1.43997e-14
       9800.00   1.21589e-14
       9805.00   1.20988e-14
       9810.00   1.45888e-14
       9815.00   1.34318e-14
       9820.00   1.21975e-14
       9825.00   1.20271e-14
       9830.00   1.34373e-14
       9835.00   1.40917e-14
       9840.00   1.83999e-14
       9845.00   1.62851e-14
       9850.00   1.18605e-14
       9855.00   1.05094e-14
       9860.00   1.33309e-14
       9865.00   1.16266e-14
       9870.00   1.38156e-14
       9875.00   1.61289e-14
       9880.00   1.59836e-14
       9885.00   1.27150e-14
       9890.00   1.19492e-14
       9895.00   1.11356e-14
       9900.00   1.46717e-14
       9905.00   1.70882e-14
       9910.00   1.47307e-14
       9915.00   1.56571e-14
       9920.00   1.57666e-14
       9925.00   1.27645e-14
       9930.00   1.46343e-14
       9935.00   1.90307e-14
       9940.00   1.70543e-14
       9945.00   1.25406e-14
