       1235.00   8.03778e-14
       1240.00   9.72591e-14
       1245.00   1.01263e-13
       1250.00   9.32988e-14
       1255.00   8.02965e-14
       1260.00   8.64826e-14
       1265.00   1.03585e-13
       1270.00   1.05554e-13
       1275.00   1.07256e-13
       1280.00   1.11626e-13
       1285.00   1.03242e-13
       1290.00   9.31429e-14
       1295.00   8.70221e-14
       1300.00   6.99967e-14
       1305.00   8.83716e-14
       1310.00   1.04970e-13
       1315.00   1.02271e-13
       1320.00   9.08852e-14
       1325.00   9.49336e-14
       1330.00   7.76780e-14
       1335.00   7.24081e-14
       1340.00   9.65774e-14
       1345.00   9.66004e-14
       1350.00   9.90189e-14
       1355.00   9.66445e-14
       1360.00   9.14192e-14
       1365.00   9.21345e-14
       1370.00   9.32569e-14
       1375.00   9.20077e-14
       1380.00   8.33146e-14
       1385.00   7.28321e-14
       1390.00   5.70945e-14
       1395.00   6.80978e-14
       1400.00   7.15069e-14
       1405.00   9.22078e-14
       1410.00   8.67504e-14
       1415.00   8.47895e-14
       1420.00   8.68327e-14
       1425.00   8.42703e-14
       1430.00   8.59912e-14
       1435.00   8.46834e-14
       1440.00   9.32980e-14
       1445.00   9.09483e-14
       1450.00   9.15826e-14
       1455.00   9.49603e-14
       1460.00   9.30409e-14
       1465.00   9.80013e-14
       1470.00   9.79084e-14
       1475.00   9.73014e-14
       1480.00   1.01072e-13
       1485.00   9.79168e-14
       1490.00   1.00826e-13
       1495.00   8.93514e-14
       1500.00   8.81962e-14
       1505.00   8.84569e-14
       1510.00   8.84481e-14
       1515.00   8.83767e-14
       1520.00   8.17488e-14
       1525.00   6.66800e-14
       1530.00   6.74311e-14
       1535.00   6.45179e-14
       1540.00   5.60711e-14
       1545.00   4.19436e-14
       1550.00   6.16083e-14
       1555.00   9.19598e-14
       1560.00   8.37385e-14
       1565.00   7.91781e-14
       1570.00   8.12689e-14
       1575.00   8.27225e-14
       1580.00   7.70333e-14
       1585.00   7.71705e-14
       1590.00   7.90902e-14
       1595.00   7.51419e-14
       1600.00   7.31099e-14
       1605.00   6.72915e-14
       1610.00   6.96356e-14
       1615.00   7.28875e-14
       1620.00   7.65912e-14
       1625.00   7.50786e-14
       1630.00   7.54074e-14
       1635.00   8.27666e-14
       1640.00   8.46959e-14
       1645.00   8.67017e-14
       1650.00   8.21265e-14
       1655.00   7.26583e-14
       1660.00   7.61860e-14
       1665.00   7.64917e-14
       1670.00   6.32124e-14
       1675.00   7.52423e-14
       1680.00   8.35357e-14
       1685.00   8.08110e-14
       1690.00   7.90491e-14
       1695.00   7.53925e-14
       1700.00   7.35521e-14
       1705.00   7.71720e-14
       1710.00   6.99514e-14
       1715.00   7.23877e-14
       1720.00   7.66835e-14
       1725.00   7.97640e-14
       1730.00   8.45858e-14
       1735.00   8.06828e-14
       1740.00   7.82677e-14
       1745.00   8.41933e-14
       1750.00   7.93268e-14
       1755.00   8.21230e-14
       1760.00   8.05513e-14
       1765.00   7.65240e-14
       1770.00   7.27027e-14
       1775.00   7.21617e-14
       1780.00   7.62230e-14
       1785.00   7.42454e-14
       1790.00   7.18570e-14
       1795.00   7.61378e-14
       1800.00   7.63887e-14
       1805.00   7.15151e-14
       1810.00   7.16805e-14
       1815.00   7.50858e-14
       1820.00   7.31466e-14
       1825.00   7.24162e-14
       1830.00   7.15768e-14
       1835.00   7.00591e-14
       1840.00   6.59813e-14
       1845.00   6.15049e-14
       1850.00   5.86125e-14
       1855.00   5.78993e-14
       1860.00   5.99395e-14
       1865.00   6.55170e-14
       1870.00   7.01433e-14
       1875.00   6.60430e-14
       1880.00   6.81735e-14
       1885.00   6.43318e-14
       1890.00   6.04283e-14
       1895.00   6.21868e-14
       1900.00   6.64232e-14
       1905.00   6.67667e-14
       1910.00   6.65681e-14
       1915.00   5.98792e-14
       1920.00   5.68264e-14
       1925.00   5.54318e-14
       1930.00   5.92930e-14
       1935.00   5.97720e-14
       1940.00   5.91840e-14
       1945.00   6.00656e-14
       1950.00   5.89934e-14
       1955.00   5.25720e-14
       1960.00   4.81503e-14
       1965.00   4.68674e-14
       1970.00   4.84967e-14
       1975.00   6.34961e-14
       1980.00   5.22029e-14
       1985.00   6.49158e-14
       1990.00   6.42171e-14
       1995.00   5.25658e-14
       2000.00   4.75795e-14
       2005.00   5.87366e-14
       2010.00   5.70878e-14
       2015.00   4.06760e-14
       2020.00   5.81526e-14
       2025.00   5.46644e-14
       2030.00   5.84258e-14
       2035.00   5.38409e-14
       2040.00   5.41555e-14
       2045.00   5.37257e-14
       2050.00   5.21163e-14
       2055.00   5.09582e-14
       2060.00   4.64004e-14
       2065.00   4.88249e-14
       2070.00   5.08319e-14
       2075.00   5.41223e-14
       2080.00   5.10790e-14
       2085.00   4.72753e-14
       2090.00   4.53729e-14
       2095.00   5.36043e-14
       2100.00   4.67506e-14
       2105.00   3.98740e-14
       2110.00   5.15416e-14
       2115.00   5.33881e-14
       2120.00   4.19058e-14
       2125.00   5.22498e-14
       2130.00   4.77849e-14
       2135.00   4.55166e-14
       2140.00   4.62163e-14
       2145.00   4.07982e-14
       2150.00   3.74403e-14
       2155.00   4.69828e-14
       2160.00   4.27349e-14
       2165.00   4.74820e-14
       2170.00   4.85986e-14
       2175.00   5.13756e-14
       2180.00   4.66768e-14
       2185.00   5.11523e-14
       2190.00   4.86906e-14
       2195.00   4.70502e-14
       2200.00   4.13902e-14
       2205.00   4.14516e-14
       2210.00   4.22836e-14
       2215.00   4.46009e-14
       2220.00   4.97713e-14
       2225.00   4.41255e-14
       2230.00   4.47211e-14
       2235.00   4.76608e-14
       2240.00   5.16871e-14
       2245.00   4.64801e-14
       2250.00   4.55012e-14
       2255.00   5.30106e-14
       2260.00   5.72315e-14
       2265.00   4.59214e-14
       2270.00   4.53732e-14
       2275.00   5.44631e-14
       2280.00   5.06003e-14
       2285.00   4.80938e-14
       2290.00   4.25594e-14
       2295.00   4.63486e-14
       2300.00   4.84451e-14
       2305.00   4.79935e-14
       2310.00   3.99346e-14
       2315.00   5.32645e-14
       2320.00   4.81137e-14
       2325.00   4.42242e-14
       2330.00   4.74853e-14
       2335.00   4.68339e-14
       2340.00   4.46875e-14
       2345.00   3.54171e-14
       2350.00   3.62757e-14
       2355.00   3.80180e-14
       2360.00   4.22008e-14
       2365.00   3.89731e-14
       2370.00   4.16299e-14
       2375.00   3.72548e-14
       2380.00   3.72456e-14
       2385.00   3.48993e-14
       2390.00   3.75373e-14
       2395.00   4.56700e-14
       2400.00   4.50925e-14
       2405.00   4.03642e-14
       2410.00   4.37522e-14
       2415.00   4.57149e-14
       2420.00   4.55348e-14
       2425.00   4.64161e-14
       2430.00   4.86899e-14
       2435.00   4.65602e-14
       2440.00   4.76899e-14
       2445.00   4.64553e-14
       2450.00   4.47702e-14
       2455.00   4.37624e-14
       2460.00   4.45953e-14
       2465.00   4.66945e-14
       2470.00   4.04889e-14
       2475.00   4.28889e-14
       2480.00   4.72294e-14
       2485.00   4.27665e-14
       2490.00   4.16548e-14
       2495.00   4.27933e-14
       2500.00   4.40060e-14
       2505.00   4.17073e-14
       2510.00   4.39544e-14
       2515.00   3.92295e-14
       2520.00   3.96218e-14
       2525.00   3.86801e-14
       2530.00   4.16525e-14
       2535.00   3.85076e-14
       2540.00   4.17401e-14
       2545.00   4.04926e-14
       2550.00   4.12227e-14
       2555.00   3.84535e-14
       2560.00   4.02481e-14
       2565.00   3.71957e-14
       2570.00   3.92248e-14
       2575.00   3.84535e-14
       2580.00   3.78166e-14
       2585.00   3.49837e-14
       2590.00   3.47175e-14
       2595.00   3.32664e-14
       2600.00   3.32300e-14
       2605.00   3.38294e-14
       2610.00   3.96557e-14
       2615.00   4.15476e-14
       2620.00   4.18508e-14
       2625.00   4.06509e-14
       2630.00   4.17061e-14
       2635.00   4.20850e-14
       2640.00   4.31771e-14
       2645.00   4.30109e-14
       2650.00   4.30281e-14
       2655.00   4.41289e-14
       2660.00   4.43007e-14
       2665.00   3.89564e-14
       2670.00   4.00137e-14
       2675.00   4.20675e-14
       2680.00   4.09114e-14
       2685.00   4.34358e-14
       2690.00   4.03231e-14
       2695.00   3.95597e-14
       2700.00   3.80009e-14
       2705.00   4.28696e-14
       2710.00   4.04767e-14
       2715.00   3.78075e-14
       2720.00   3.88298e-14
       2725.00   3.93722e-14
       2730.00   3.68968e-14
       2735.00   3.68942e-14
       2740.00   3.55143e-14
       2745.00   3.73686e-14
       2750.00   3.58432e-14
       2755.00   3.65708e-14
       2760.00   3.76509e-14
       2765.00   3.73775e-14
       2770.00   3.40401e-14
       2775.00   3.64582e-14
       2780.00   3.68403e-14
       2785.00   3.38548e-14
       2790.00   3.50479e-14
       2795.00   2.72904e-14
       2800.00   2.30989e-14
       2805.00   2.66583e-14
       2810.00   3.55897e-14
       2815.00   3.81476e-14
       2820.00   3.82587e-14
       2825.00   3.85810e-14
       2830.00   3.94389e-14
       2835.00   3.83122e-14
       2840.00   3.76509e-14
       2845.00   3.62668e-14
       2850.00   3.76913e-14
       2855.00   3.69295e-14
       2860.00   3.51088e-14
       2865.00   3.38850e-14
       2870.00   3.75344e-14
       2875.00   3.56072e-14
       2880.00   3.40959e-14
       2885.00   3.66750e-14
       2890.00   3.90265e-14
       2895.00   3.64989e-14
       2900.00   3.51826e-14
       2905.00   3.71283e-14
       2910.00   3.65200e-14
       2915.00   3.74806e-14
       2920.00   3.86271e-14
       2925.00   3.67958e-14
       2930.00   3.74563e-14
       2935.00   3.95611e-14
       2940.00   3.81851e-14
       2945.00   3.91147e-14
       2950.00   3.93925e-14
       2955.00   3.94903e-14
       2960.00   3.92904e-14
       2965.00   3.40935e-14
       2970.00   3.63040e-14
       2975.00   3.59954e-14
       2980.00   3.83507e-14
       2985.00   3.54434e-14
       2990.00   3.61762e-14
       2995.00   3.94179e-14
       3000.00   3.40588e-14
       3005.00   3.95478e-14
       3010.00   3.39320e-14
       3015.00   3.74203e-14
       3020.00   3.82587e-14
       3025.00   3.74822e-14
       3030.00   3.80410e-14
       3035.00   3.75468e-14
       3040.00   3.85534e-14
       3045.00   3.35297e-14
       3050.00   4.01574e-14
       3055.00   3.73551e-14
       3060.00   3.31379e-14
       3065.00   4.19220e-14
       3070.00   3.63972e-14
       3075.00   3.70881e-14
       3080.00   3.75586e-14
       3085.00   4.11385e-14
       3090.00   3.74977e-14
       3095.00   3.85794e-14
       3100.00   4.40060e-14
       3105.00   3.88831e-14
       3110.00   4.00172e-14
       3115.00   3.81095e-14
       3120.00   3.67300e-14
       3125.00   3.73072e-14
       3130.00   3.59703e-14
       3135.00   3.52106e-14
       3140.00   3.53114e-14
       3145.00   3.78530e-14
       3150.00   3.32069e-14
       3155.00   3.60660e-14
       3160.00   3.24013e-14
       3165.00   4.90201e-14
       3170.00   3.21446e-14
       3175.00   3.00823e-14
       3180.00   2.43146e-14
       3185.00   3.97808e-14
       3190.00   4.03121e-14
       3195.00   4.68246e-14
       3200.00   4.30665e-14
       3205.00   3.55357e-14
       3210.00   2.44644e-14
       3215.00   3.59499e-14
       3220.00   3.15353e-14
       3225.00   2.28260e-14
       3230.00   3.43183e-14
       3235.00   3.51303e-14
       3240.00   2.98408e-14
       3245.00   4.26422e-14
       3250.00   4.44736e-14
       3255.00   4.45126e-14
       3260.00   3.33038e-14
       3265.00   3.76220e-14
       3270.00   4.84922e-14
       3275.00   3.94093e-14
       3280.00   3.42799e-14
       3285.00   2.79798e-14
       3290.00   2.94964e-14
       3295.00   2.84207e-14
       3300.00   3.00986e-14
       3305.00   3.72535e-14
       3310.00   4.61374e-14
       3315.00   4.46677e-14
       3320.00   5.13002e-14
       3325.00   4.55668e-14
       3330.00   3.96566e-14
       3335.00   3.78379e-14
       3340.00   4.16481e-14
       3345.00   4.37922e-14
       3350.00   4.25554e-14
       3355.00   3.93604e-14
       3360.00   3.94008e-14
       3365.00   3.98498e-14
       3370.00   3.67083e-14
       3375.00   3.23949e-14
       3380.00   3.29906e-14
       3385.00   4.64379e-14
       3390.00   4.78581e-14
       3395.00   4.11156e-14
       3400.00   3.92904e-14
       3405.00   3.84911e-14
       3410.00   4.00205e-14
       3415.00   3.85789e-14
       3420.00   4.15928e-14
       3425.00   3.87576e-14
       3430.00   3.70666e-14
       3435.00   3.92761e-14
       3440.00   3.78719e-14
       3445.00   3.87539e-14
       3450.00   4.08361e-14
       3455.00   4.08711e-14
       3460.00   4.26060e-14
       3465.00   4.45792e-14
       3470.00   4.00208e-14
       3475.00   4.00773e-14
       3480.00   4.31954e-14
       3485.00   3.87372e-14
       3490.00   3.15697e-14
       3495.00   3.43999e-14
       3500.00   3.50905e-14
       3505.00   3.98197e-14
       3510.00   4.00453e-14
       3515.00   3.39845e-14
       3520.00   3.77613e-14
       3525.00   3.79753e-14
       3530.00   3.47185e-14
       3535.00   3.76877e-14
       3540.00   4.05981e-14
       3545.00   3.76170e-14
       3550.00   3.66451e-14
       3555.00   3.62541e-14
       3560.00   3.51458e-14
       3565.00   3.79380e-14
       3570.00   3.85464e-14
       3575.00   3.47551e-14
       3580.00   3.30644e-14
       3585.00   3.19675e-14
       3590.00   3.00918e-14
       3595.00   3.29964e-14
       3600.00   3.33038e-14
       3605.00   3.34526e-14
       3610.00   3.35880e-14
       3615.00   3.93416e-14
       3620.00   3.88298e-14
       3625.00   3.36227e-14
       3630.00   3.50654e-14
       3635.00   3.25386e-14
       3640.00   3.39668e-14
       3645.00   3.54328e-14
       3650.00   3.99905e-14
       3655.00   3.97679e-14
       3660.00   3.75771e-14
       3665.00   3.62910e-14
       3670.00   3.15912e-14
       3675.00   3.23001e-14
       3680.00   3.24013e-14
       3685.00   3.15597e-14
       3690.00   3.07724e-14
       3695.00   3.36570e-14
       3700.00   3.43352e-14
       3705.00   3.48907e-14
       3710.00   3.64323e-14
       3715.00   3.98493e-14
       3720.00   5.88526e-14
       3725.00   1.12446e-13
       3730.00   1.19363e-13
       3735.00   6.48068e-14
       3740.00   4.02113e-14
       3745.00   3.68981e-14
       3750.00   3.59186e-14
       3755.00   3.99879e-14
       3760.00   3.86271e-14
       3765.00   3.63027e-14
       3770.00   3.52024e-14
       3775.00   3.79462e-14
       3780.00   4.11139e-14
       3785.00   4.61630e-14
       3790.00   4.14827e-14
       3795.00   3.37621e-14
       3800.00   3.48326e-14
       3805.00   3.91719e-14
       3810.00   4.08966e-14
       3815.00   4.26248e-14
       3820.00   4.22191e-14
       3825.00   4.13048e-14
       3830.00   3.89822e-14
       3835.00   3.56403e-14
       3840.00   3.49432e-14
       3845.00   3.94157e-14
       3850.00   4.12038e-14
       3855.00   4.14944e-14
       3860.00   4.49820e-14
       3865.00   4.81622e-14
       3870.00   4.93915e-14
       3875.00   4.38599e-14
       3880.00   4.14822e-14
       3885.00   3.89135e-14
       3890.00   3.93093e-14
       3895.00   3.85195e-14
       3900.00   3.99351e-14
       3905.00   4.14965e-14
       3910.00   4.37027e-14
       3915.00   4.52811e-14
       3920.00   4.33980e-14
       3925.00   4.26569e-14
       3930.00   3.83556e-14
       3935.00   3.63078e-14
       3940.00   4.04693e-14
       3945.00   4.30638e-14
       3950.00   4.21670e-14
       3955.00   4.13565e-14
       3960.00   3.95297e-14
       3965.00   3.72446e-14
       3970.00   3.74659e-14
       3975.00   3.76739e-14
       3980.00   4.05613e-14
       3985.00   4.31074e-14
       3990.00   4.39967e-14
       3995.00   4.54319e-14
       4000.00   4.69716e-14
       4005.00   4.59646e-14
       4010.00   4.57041e-14
       4015.00   4.53136e-14
       4020.00   4.48715e-14
       4025.00   4.51392e-14
       4030.00   4.46727e-14
       4035.00   4.75193e-14
       4040.00   4.89241e-14
       4045.00   4.64663e-14
       4050.00   4.60321e-14
       4055.00   4.78894e-14
       4060.00   4.77634e-14
       4065.00   4.89788e-14
       4070.00   4.76494e-14
       4075.00   4.45186e-14
       4080.00   4.46322e-14
       4085.00   4.52607e-14
       4090.00   4.42712e-14
       4095.00   4.26452e-14
       4100.00   4.46690e-14
       4105.00   4.58924e-14
       4110.00   4.32050e-14
       4115.00   4.38310e-14
       4120.00   4.53135e-14
       4125.00   4.44498e-14
       4130.00   4.45640e-14
       4135.00   4.63681e-14
       4140.00   4.65664e-14
       4145.00   4.75374e-14
       4150.00   4.64194e-14
       4155.00   4.59094e-14
       4160.00   4.66213e-14
       4165.00   4.81608e-14
       4170.00   4.58678e-14
       4175.00   4.38264e-14
       4180.00   4.44848e-14
       4185.00   4.39905e-14
       4190.00   4.45057e-14
       4195.00   4.57893e-14
       4200.00   4.53506e-14
       4205.00   4.46278e-14
       4210.00   4.71260e-14
       4215.00   4.81100e-14
       4220.00   4.75057e-14
       4225.00   4.45161e-14
       4230.00   4.41888e-14
       4235.00   4.47793e-14
       4240.00   4.53875e-14
       4245.00   4.42429e-14
       4250.00   4.41497e-14
       4255.00   4.38039e-14
       4260.00   4.30850e-14
       4265.00   4.36981e-14
       4270.00   4.42398e-14
       4275.00   4.43615e-14
       4280.00   4.53875e-14
       4285.00   4.57909e-14
       4290.00   4.37639e-14
       4295.00   4.21910e-14
       4300.00   4.02297e-14
       4305.00   3.97247e-14
       4310.00   4.14318e-14
       4315.00   4.31875e-14
       4320.00   4.24216e-14
       4325.00   4.16033e-14
       4330.00   4.22500e-14
       4335.00   4.59578e-14
       4340.00   5.49474e-14
       4345.00   5.11925e-14
       4350.00   4.30326e-14
       4355.00   4.29218e-14
       4360.00   4.50374e-14
       4365.00   4.44801e-14
       4370.00   4.31617e-14
       4375.00   4.34794e-14
       4380.00   4.21640e-14
       4385.00   4.11507e-14
       4390.00   4.14953e-14
       4395.00   4.23838e-14
       4400.00   4.37664e-14
       4405.00   4.38933e-14
       4410.00   4.42134e-14
       4415.00   4.40697e-14
       4420.00   4.43007e-14
       4425.00   4.43440e-14
       4430.00   4.29209e-14
       4435.00   4.29261e-14
       4440.00   4.44479e-14
       4445.00   4.33596e-14
       4450.00   4.28152e-14
       4455.00   4.30233e-14
       4460.00   4.26611e-14
       4465.00   4.34852e-14
       4470.00   4.45918e-14
       4475.00   4.48694e-14
       4480.00   4.34715e-14
       4485.00   4.38126e-14
       4490.00   4.38645e-14
       4495.00   4.34834e-14
       4500.00   4.49085e-14
       4505.00   4.45583e-14
       4510.00   4.52878e-14
       4515.00   4.58739e-14
       4520.00   4.53506e-14
       4525.00   4.47136e-14
       4530.00   4.36531e-14
       4535.00   4.35749e-14
       4540.00   4.47979e-14
       4545.00   4.28869e-14
       4550.00   4.25587e-14
       4555.00   4.28004e-14
       4560.00   4.26797e-14
       4565.00   4.38858e-14
       4570.00   4.39591e-14
       4575.00   4.28902e-14
       4580.00   4.28640e-14
       4585.00   4.18873e-14
       4590.00   4.14766e-14
       4595.00   4.21838e-14
       4600.00   4.29927e-14
       4605.00   4.22951e-14
       4610.00   4.29782e-14
       4615.00   4.37737e-14
       4620.00   4.48164e-14
       4625.00   4.58537e-14
       4630.00   4.40883e-14
       4635.00   4.39077e-14
       4640.00   4.39507e-14
       4645.00   4.36242e-14
       4650.00   4.23930e-14
       4655.00   4.35709e-14
       4660.00   4.27349e-14
       4665.00   4.09781e-14
       4670.00   4.18708e-14
       4675.00   4.16985e-14
       4680.00   4.14638e-14
       4685.00   4.32181e-14
       4690.00   4.34205e-14
       4695.00   4.36935e-14
       4700.00   4.27902e-14
       4705.00   4.08189e-14
       4710.00   4.01393e-14
       4715.00   4.27355e-14
       4720.00   4.30112e-14
       4725.00   4.12479e-14
       4730.00   4.06492e-14
       4735.00   4.10785e-14
       4740.00   4.19244e-14
       4745.00   4.15622e-14
       4750.00   4.16706e-14
       4755.00   4.19595e-14
       4760.00   4.31401e-14
       4765.00   4.13640e-14
       4770.00   4.03155e-14
       4775.00   4.10877e-14
       4780.00   4.09666e-14
       4785.00   4.06309e-14
       4790.00   4.17254e-14
       4795.00   4.25674e-14
       4800.00   4.18690e-14
       4805.00   4.16346e-14
       4810.00   4.17390e-14
       4815.00   4.20259e-14
       4820.00   4.05798e-14
       4825.00   3.96814e-14
       4830.00   4.07006e-14
       4835.00   4.11024e-14
       4840.00   4.01560e-14
       4845.00   3.91593e-14
       4850.00   4.00751e-14
       4855.00   4.94968e-14
       4860.00   7.74567e-14
       4865.00   7.44841e-14
       4870.00   4.60086e-14
       4875.00   3.80145e-14
       4880.00   3.91614e-14
       4885.00   3.93379e-14
       4890.00   3.98827e-14
       4895.00   3.98656e-14
       4900.00   3.96218e-14
       4905.00   3.94085e-14
       4910.00   3.87778e-14
       4915.00   3.93418e-14
       4920.00   3.98981e-14
       4925.00   3.90241e-14
       4930.00   3.92678e-14
       4935.00   3.93766e-14
       4940.00   3.90693e-14
       4945.00   4.02082e-14
       4950.00   4.16180e-14
       4955.00   5.32023e-14
       4960.00   6.22419e-14
       4965.00   5.00205e-14
       4970.00   4.18464e-14
       4975.00   4.00613e-14
       4980.00   3.95114e-14
       4985.00   4.00194e-14
       4990.00   4.09747e-14
       4995.00   4.15344e-14
       5000.00   5.24790e-14
       5005.00   9.34877e-14
       5010.00   9.96066e-14
       5015.00   5.69611e-14
       5020.00   4.03217e-14
       5025.00   3.94493e-14
       5030.00   3.90979e-14
       5035.00   3.89302e-14
       5040.00   3.79641e-14
       5045.00   3.81049e-14
       5050.00   3.90282e-14
       5055.00   3.85074e-14
       5060.00   3.91246e-14
       5065.00   3.96051e-14
       5070.00   3.84082e-14
       5075.00   3.82702e-14
       5080.00   3.77062e-14
       5085.00   3.81781e-14
       5090.00   3.86959e-14
       5095.00   3.90400e-14
       5100.00   3.89772e-14
       5105.00   3.74028e-14
       5110.00   3.81657e-14
       5115.00   3.84730e-14
       5120.00   3.85166e-14
       5125.00   3.75415e-14
       5130.00   3.60777e-14
       5135.00   3.72631e-14
       5140.00   3.79273e-14
       5145.00   3.72053e-14
       5150.00   3.77067e-14
       5155.00   3.77958e-14
       5160.00   3.73746e-14
       5165.00   3.63015e-14
       5170.00   3.56623e-14
       5175.00   3.51246e-14
       5180.00   3.40222e-14
       5185.00   3.49071e-14
       5190.00   3.65798e-14
       5195.00   3.74714e-14
       5200.00   3.84430e-14
       5205.00   3.66537e-14
       5210.00   3.54355e-14
       5215.00   3.64310e-14
       5220.00   3.66194e-14
       5225.00   3.51859e-14
       5230.00   3.57768e-14
       5235.00   3.71714e-14
       5240.00   3.71719e-14
       5245.00   3.77940e-14
       5250.00   3.67111e-14
       5255.00   3.64961e-14
       5260.00   3.57720e-14
       5265.00   3.47714e-14
       5270.00   3.57466e-14
       5275.00   3.67354e-14
       5280.00   3.63615e-14
       5285.00   3.77783e-14
       5290.00   3.75373e-14
       5295.00   3.62719e-14
       5300.00   3.56798e-14
       5305.00   3.64946e-14
       5310.00   3.71703e-14
       5315.00   3.80916e-14
       5320.00   4.00641e-14
       5325.00   3.90436e-14
       5330.00   3.80065e-14
       5335.00   3.72498e-14
       5340.00   3.84247e-14
       5345.00   3.75787e-14
       5350.00   3.81138e-14
       5355.00   3.89241e-14
       5360.00   3.86087e-14
       5365.00   3.75613e-14
       5370.00   3.75789e-14
       5375.00   3.80305e-14
       5380.00   3.86823e-14
       5385.00   3.65733e-14
       5390.00   2.80879e-14
       5395.00   3.39485e-14
       5400.00   3.59747e-14
       5405.00   2.83586e-14
       5410.00   3.22389e-14
       5415.00   3.72090e-14
       5420.00   3.77062e-14
       5425.00   3.71915e-14
       5430.00   3.81210e-14
       5435.00   3.80710e-14
       5440.00   3.94928e-14
       5445.00   3.87408e-14
       5450.00   3.00527e-14
       5455.00   1.98666e-14
       5460.00   3.61221e-14
       5465.00   1.94693e-14
       5470.00   2.84493e-14
       5475.00   3.75239e-14
       5480.00   3.65271e-14
       5485.00   3.57348e-14
       5490.00   3.07281e-14
       5495.00   2.62922e-14
       5500.00   3.62510e-14
       5505.00   3.44497e-14
       5510.00   2.84543e-14
       5515.00   3.77038e-14
       5520.00   3.97324e-14
       5525.00   3.84339e-14
       5530.00   3.76840e-14
       5535.00   3.73083e-14
       5540.00   3.71536e-14
       5545.00   3.66492e-14
       5550.00   3.67408e-14
       5555.00   3.69388e-14
       5560.00   3.75404e-14
       5565.00   3.56831e-14
       5570.00   3.24532e-14
       5575.00   3.65151e-14
       5580.00   3.81483e-14
       5585.00   3.57250e-14
       5590.00   3.56375e-14
       5595.00   3.30151e-14
       5600.00   3.52747e-14
       5605.00   3.63259e-14
       5610.00   3.54143e-14
       5615.00   3.44277e-14
       5620.00   3.44459e-14
       5625.00   3.41713e-14
       5630.00   3.56708e-14
       5635.00   3.50558e-14
       5640.00   3.53669e-14
       5645.00   3.47700e-14
       5650.00   3.46295e-14
       5655.00   3.48904e-14
       5660.00   3.43168e-14
       5665.00   3.39270e-14
       5670.00   3.44214e-14
       5675.00   3.56072e-14
       5680.00   3.57167e-14
       5685.00   3.53080e-14
       5690.00   3.38517e-14
       5695.00   3.54619e-14
       5700.00   3.45195e-14
       5705.00   3.41595e-14
       5710.00   3.39076e-14
       5715.00   3.41508e-14
       5720.00   3.55694e-14
       5725.00   3.42294e-14
       5730.00   3.48076e-14
       5735.00   3.41899e-14
       5740.00   3.47221e-14
       5745.00   3.51555e-14
       5750.00   3.61792e-14
       5755.00   3.57978e-14
       5760.00   3.39484e-14
       5765.00   3.39751e-14
       5770.00   3.53557e-14
       5775.00   3.66310e-14
       5780.00   3.59931e-14
       5785.00   3.38384e-14
       5790.00   3.43315e-14
       5795.00   3.56180e-14
       5800.00   3.49800e-14
       5805.00   3.45455e-14
       5810.00   3.49064e-14
       5815.00   3.54013e-14
       5820.00   3.57536e-14
       5825.00   3.59794e-14
       5830.00   3.44376e-14
       5835.00   3.40301e-14
       5840.00   3.56616e-14
       5845.00   3.45222e-14
       5850.00   3.23649e-14
       5855.00   3.41679e-14
       5860.00   3.44826e-14
       5865.00   3.36693e-14
       5870.00   3.55869e-14
       5875.00   4.10204e-14
       5880.00   4.06166e-14
       5885.00   3.50607e-14
       5890.00   3.24877e-14
       5895.00   3.06402e-14
       5900.00   3.37090e-14
       5905.00   3.41602e-14
       5910.00   3.39606e-14
       5915.00   3.41269e-14
       5920.00   3.53852e-14
       5925.00   3.51059e-14
       5930.00   3.40279e-14
       5935.00   3.53117e-14
       5940.00   3.57720e-14
       5945.00   3.45947e-14
       5950.00   3.44945e-14
       5955.00   3.47321e-14
       5960.00   3.55879e-14
       5965.00   3.65759e-14
       5970.00   3.55547e-14
       5975.00   3.38688e-14
       5980.00   3.44459e-14
       5985.00   3.44330e-14
       5990.00   3.43955e-14
       5995.00   3.41749e-14
       6000.00   3.35432e-14
       6005.00   3.35986e-14
       6010.00   3.55759e-14
       6015.00   3.37380e-14
       6020.00   3.29352e-14
       6025.00   3.52123e-14
       6030.00   3.43260e-14
       6035.00   3.30997e-14
       6040.00   3.40222e-14
       6045.00   3.36061e-14
       6050.00   3.36149e-14
       6055.00   3.40356e-14
       6060.00   3.28802e-14
       6065.00   3.44286e-14
       6070.00   3.40636e-14
       6075.00   3.52106e-14
       6080.00   3.39485e-14
       6085.00   3.55030e-14
       6090.00   3.43211e-14
       6095.00   3.42717e-14
       6100.00   3.44459e-14
       6105.00   3.33603e-14
       6110.00   3.34004e-14
       6115.00   3.35159e-14
       6120.00   3.31931e-14
       6125.00   3.38915e-14
       6130.00   3.63221e-14
       6135.00   3.42402e-14
       6140.00   3.18854e-14
       6145.00   3.16097e-14
       6150.00   3.26465e-14
       6155.00   3.20120e-14
       6160.00   3.14433e-14
       6165.00   3.24580e-14
       6170.00   3.28372e-14
       6175.00   3.24655e-14
       6180.00   3.34328e-14
       6185.00   3.23635e-14
       6190.00   3.22876e-14
       6195.00   3.35880e-14
       6200.00   3.38194e-14
       6205.00   3.36217e-14
       6210.00   3.31859e-14
       6215.00   3.31861e-14
       6220.00   3.17932e-14
       6225.00   2.99280e-14
       6230.00   2.92280e-14
       6235.00   3.06318e-14
       6240.00   2.90117e-14
       6245.00   3.01616e-14
       6250.00   3.17354e-14
       6255.00   3.01738e-14
       6260.00   2.90117e-14
       6265.00   3.14300e-14
       6270.00   3.15331e-14
       6275.00   3.17912e-14
       6280.00   3.12591e-14
       6285.00   3.18462e-14
       6290.00   3.30783e-14
       6295.00   3.27059e-14
       6300.00   3.59193e-14
       6305.00   3.41801e-14
       6310.00   3.33725e-14
       6315.00   3.25050e-14
       6320.00   3.10381e-14
       6325.00   3.21353e-14
       6330.00   3.19259e-14
       6335.00   3.27685e-14
       6340.00   3.32853e-14
       6345.00   3.18509e-14
       6350.00   3.11663e-14
       6355.00   3.16908e-14
       6360.00   3.35984e-14
       6365.00   3.33432e-14
       6370.00   3.29718e-14
       6375.00   3.36768e-14
       6380.00   3.24749e-14
       6385.00   3.25023e-14
       6390.00   3.16915e-14
       6395.00   3.12995e-14
       6400.00   3.13328e-14
       6405.00   3.10171e-14
       6410.00   3.12620e-14
       6415.00   3.19504e-14
       6420.00   3.05037e-14
       6425.00   3.08688e-14
       6430.00   3.17575e-14
       6435.00   3.17191e-14
       6440.00   3.12591e-14
       6445.00   3.20001e-14
       6450.00   3.16067e-14
       6455.00   3.18339e-14
       6460.00   3.22169e-14
       6465.00   3.14892e-14
       6470.00   3.14245e-14
       6475.00   3.15970e-14
       6480.00   3.21432e-14
       6485.00   3.18200e-14
       6490.00   3.14831e-14
       6495.00   3.09894e-14
       6500.00   3.01538e-14
       6505.00   2.98104e-14
       6510.00   3.14439e-14
       6515.00   3.20794e-14
       6520.00   3.20143e-14
       6525.00   3.27607e-14
       6530.00   3.33861e-14
       6535.00   3.36274e-14
       6540.00   3.59377e-14
       6545.00   4.65215e-14
       6550.00   5.81762e-14
       6555.00   7.10911e-14
       6560.00   1.68508e-13
       6565.00   2.51075e-13
       6570.00   1.36434e-13
       6575.00   5.91649e-14
       6580.00   7.48968e-14
       6585.00   1.02895e-13
       6590.00   7.08383e-14
       6595.00   4.08650e-14
       6600.00   3.57720e-14
       6605.00   3.24368e-14
       6610.00   3.21533e-14
       6615.00   3.20183e-14
       6620.00   3.27511e-14
       6625.00   3.37505e-14
       6630.00   3.15471e-14
       6635.00   3.02559e-14
       6640.00   3.22355e-14
       6645.00   3.30228e-14
       6650.00   3.16430e-14
       6655.00   3.00861e-14
       6660.00   3.07986e-14
       6665.00   3.21145e-14
       6670.00   3.21959e-14
       6675.00   3.23988e-14
       6680.00   3.42985e-14
       6685.00   3.22359e-14
       6690.00   3.18890e-14
       6695.00   3.05214e-14
       6700.00   2.91592e-14
       6705.00   3.26334e-14
       6710.00   3.78410e-14
       6715.00   5.29148e-14
       6720.00   5.73052e-14
       6725.00   4.40057e-14
       6730.00   5.04558e-14
       6735.00   4.85188e-14
       6740.00   3.50905e-14
       6745.00   3.02819e-14
       6750.00   2.98601e-14
       6755.00   3.02019e-14
       6760.00   3.10012e-14
       6765.00   3.14873e-14
       6770.00   3.09218e-14
       6775.00   3.26424e-14
       6780.00   2.98960e-14
       6785.00   2.88778e-14
       6790.00   2.74701e-14
       6795.00   2.76654e-14
       6800.00   2.70410e-14
       6805.00   2.81292e-14
       6810.00   2.73302e-14
       6815.00   2.62328e-14
       6820.00   2.76302e-14
       6825.00   3.07718e-14
       6830.00   2.97763e-14
       6835.00   3.04545e-14
       6840.00   3.19222e-14
       6845.00   3.32218e-14
       6850.00   3.24421e-14
       6855.00   3.09474e-14
       6860.00   3.02274e-14
       6865.00   3.09114e-14
       6870.00   3.10145e-14
       6875.00   3.10287e-14
       6880.00   2.93801e-14
       6885.00   3.16203e-14
       6890.00   3.16817e-14
       6895.00   3.12685e-14
       6900.00   3.02092e-14
       6905.00   3.01074e-14
       6910.00   3.08960e-14
       6915.00   2.93480e-14
       6920.00   3.00249e-14
       6925.00   3.18831e-14
       6930.00   3.14979e-14
       6935.00   3.11968e-14
       6940.00   3.23090e-14
       6945.00   3.25000e-14
       6950.00   3.02060e-14
       6955.00   3.07048e-14
       6960.00   3.09090e-14
       6965.00   3.46897e-14
       6970.00   3.16174e-14
       6975.00   2.74732e-14
       6980.00   2.73540e-14
       6985.00   3.22498e-14
       6990.00   3.17994e-14
       6995.00   3.03944e-14
       7000.00   2.84776e-14
       7005.00   3.07199e-14
       7010.00   3.05634e-14
       7015.00   2.83244e-14
       7020.00   2.87172e-14
       7025.00   3.16319e-14
       7030.00   3.11364e-14
       7035.00   2.98565e-14
       7040.00   2.86986e-14
       7045.00   3.02683e-14
       7050.00   3.27340e-14
       7055.00   3.30037e-14
       7060.00   3.27327e-14
       7065.00   3.08822e-14
       7070.00   2.96948e-14
       7075.00   2.87986e-14
       7080.00   3.16828e-14
       7085.00   2.76668e-14
       7090.00   2.80392e-14
       7095.00   3.25963e-14
       7100.00   2.97671e-14
       7105.00   2.58956e-14
       7110.00   2.41769e-14
       7115.00   2.41735e-14
       7120.00   2.55305e-14
       7125.00   2.92011e-14
       7130.00   3.19475e-14
       7135.00   3.53315e-14
       7140.00   3.29537e-14
       7145.00   3.12628e-14
       7150.00   3.12036e-14
       7155.00   2.57152e-14
       7160.00   2.71329e-14
       7165.00   2.94409e-14
       7170.00   3.03543e-14
       7175.00   3.35568e-14
       7180.00   3.15538e-14
       7185.00   2.90276e-14
       7190.00   2.79529e-14
       7195.00   2.83447e-14
       7200.00   2.91224e-14
       7205.00   3.18234e-14
       7210.00   2.40287e-14
       7215.00   2.55831e-14
       7220.00   2.58066e-14
       7225.00   2.73064e-14
       7230.00   2.87208e-14
       7235.00   2.85344e-14
       7240.00   3.22538e-14
       7245.00   3.03976e-14
       7250.00   2.41851e-14
       7255.00   2.42994e-14
       7260.00   3.06512e-14
       7265.00   3.62207e-14
       7270.00   3.10655e-14
       7275.00   2.83001e-14
       7280.00   3.05407e-14
       7285.00   3.04167e-14
       7290.00   2.75835e-14
       7295.00   2.88651e-14
       7300.00   3.26959e-14
       7305.00   2.78100e-14
       7310.00   2.56682e-14
       7315.00   3.03066e-14
       7320.00   3.31931e-14
       7325.00   3.44245e-14
       7330.00   3.31688e-14
       7335.00   3.14334e-14
       7340.00   2.89750e-14
       7345.00   2.81937e-14
       7350.00   3.38584e-14
       7355.00   3.50827e-14
       7360.00   3.29352e-14
       7365.00   2.70011e-14
       7370.00   2.87311e-14
       7375.00   3.31746e-14
       7380.00   3.27511e-14
       7385.00   2.59612e-14
       7390.00   2.20391e-14
       7395.00   3.11865e-14
       7400.00   3.19958e-14
       7405.00   3.18044e-14
       7410.00   3.31148e-14
       7415.00   3.17821e-14
       7420.00   3.41511e-14
       7425.00   3.00388e-14
       7430.00   2.75113e-14
       7435.00   2.94504e-14
       7440.00   3.04487e-14
       7445.00   3.06159e-14
       7450.00   3.26584e-14
       7455.00   3.71022e-14
       7460.00   3.35984e-14
       7465.00   3.02610e-14
       7470.00   3.04305e-14
       7475.00   3.24808e-14
       7480.00   2.91408e-14
       7485.00   3.22744e-14
       7490.00   2.98979e-14
       7495.00   2.79026e-14
       7500.00   2.98960e-14
       7505.00   2.96629e-14
       7510.00   3.24347e-14
       7515.00   3.28982e-14
       7520.00   3.28617e-14
       7525.00   3.16953e-14
       7530.00   2.78048e-14
       7535.00   2.47394e-14
       7540.00   2.33199e-14
       7545.00   2.52866e-14
       7550.00   2.52826e-14
       7555.00   2.44866e-14
       7560.00   2.25647e-14
       7565.00   2.66171e-14
       7570.00   3.55155e-14
       7575.00   3.48571e-14
       7580.00   2.70961e-14
       7585.00   2.65452e-14
       7590.00   3.20649e-14
       7595.00   3.72690e-14
       7600.00   1.65340e-14
       7605.00   3.07614e-14
       7610.00   2.70322e-14
       7615.00   3.21920e-14
       7620.00   3.06697e-14
       7625.00   3.39596e-14
       7630.00   2.81029e-14
       7635.00   2.81654e-14
       7640.00   2.99328e-14
       7645.00   3.08522e-14
       7650.00   2.96352e-14
       7655.00   2.97100e-14
       7660.00   2.92512e-14
       7665.00   2.93569e-14
       7670.00   2.98494e-14
       7675.00   3.14539e-14
       7680.00   3.04117e-14
       7685.00   3.27837e-14
       7690.00   3.11081e-14
       7695.00   2.92183e-14
       7700.00   2.91959e-14
       7705.00   2.92950e-14
       7710.00   3.00025e-14
       7715.00   3.08004e-14
       7720.00   2.90856e-14
       7725.00   2.87026e-14
       7730.00   3.10776e-14
       7735.00   2.96067e-14
       7740.00   2.93066e-14
       7745.00   3.00136e-14
       7750.00   2.81989e-14
       7755.00   3.09140e-14
       7760.00   2.82751e-14
       7765.00   3.34598e-14
       7770.00   3.08526e-14
       7775.00   2.86635e-14
       7780.00   2.98039e-14
       7785.00   2.81591e-14
       7790.00   3.04507e-14
       7795.00   3.02408e-14
       7800.00   3.07986e-14
       7805.00   3.09570e-14
       7810.00   3.06902e-14
       7815.00   3.40433e-14
       7820.00   3.13696e-14
       7825.00   3.04389e-14
       7830.00   3.04911e-14
       7835.00   3.17231e-14
       7840.00   3.07066e-14
       7845.00   3.06266e-14
       7850.00   3.05230e-14
       7855.00   3.06174e-14
       7860.00   2.96381e-14
       7865.00   3.11950e-14
       7870.00   3.04314e-14
       7875.00   3.23269e-14
       7880.00   3.10197e-14
       7885.00   3.22566e-14
       7890.00   3.04946e-14
       7895.00   2.87725e-14
       7900.00   3.01170e-14
       7905.00   3.21848e-14
       7910.00   2.96404e-14
       7915.00   3.03178e-14
       7920.00   2.95093e-14
       7925.00   2.96350e-14
       7930.00   2.86779e-14
       7935.00   2.84715e-14
       7940.00   2.93435e-14
       7945.00   2.80536e-14
       7950.00   2.79171e-14
       7955.00   2.95753e-14
       7960.00   2.84408e-14
       7965.00   2.77862e-14
       7970.00   2.94242e-14
       7975.00   3.01736e-14
       7980.00   2.88460e-14
       7985.00   2.89016e-14
       7990.00   2.75381e-14
       7995.00   2.75556e-14
       8000.00   3.00618e-14
       8005.00   2.87073e-14
       8010.00   2.97968e-14
       8015.00   3.04446e-14
       8020.00   2.91040e-14
       8025.00   2.98664e-14
       8030.00   2.94666e-14
       8035.00   3.04917e-14
       8040.00   2.88829e-14
       8045.00   2.94654e-14
       8050.00   3.20974e-14
       8055.00   3.26881e-14
       8060.00   2.81093e-14
       8065.00   2.96181e-14
       8070.00   3.10974e-14
       8075.00   3.07666e-14
       8080.00   2.86066e-14
       8085.00   3.01037e-14
       8090.00   3.02848e-14
       8095.00   2.99229e-14
       8100.00   2.90670e-14
       8105.00   3.25860e-14
       8110.00   3.21195e-14
       8115.00   3.15904e-14
       8120.00   3.04301e-14
       8125.00   3.05742e-14
       8130.00   3.01568e-14
       8135.00   2.79105e-14
       8140.00   2.85881e-14
       8145.00   2.89366e-14
       8150.00   2.83872e-14
       8155.00   3.00971e-14
       8160.00   2.95460e-14
       8165.00   2.78580e-14
       8170.00   2.95026e-14
       8175.00   2.90935e-14
       8180.00   3.05958e-14
       8185.00   3.00893e-14
       8190.00   2.88286e-14
       8195.00   2.99745e-14
       8200.00   2.98960e-14
       8205.00   2.95078e-14
       8210.00   2.87752e-14
       8215.00   3.00223e-14
       8220.00   2.95830e-14
       8225.00   2.86610e-14
       8230.00   2.99215e-14
       8235.00   3.18977e-14
       8240.00   3.05407e-14
       8245.00   2.95871e-14
       8250.00   2.99370e-14
       8255.00   3.09768e-14
       8260.00   3.05958e-14
       8265.00   3.00766e-14
       8270.00   3.24945e-14
       8275.00   2.86523e-14
       8280.00   2.85145e-14
       8285.00   2.97167e-14
       8290.00   2.93246e-14
       8295.00   3.09738e-14
       8300.00   2.93435e-14
       8305.00   2.90221e-14
       8310.00   2.84365e-14
       8315.00   2.98155e-14
       8320.00   2.85514e-14
       8325.00   2.86233e-14
       8330.00   2.88017e-14
       8335.00   2.71697e-14
       8340.00   2.78145e-14
       8345.00   2.79060e-14
       8350.00   2.72977e-14
       8355.00   3.08660e-14
       8360.00   2.80723e-14
       8365.00   2.89709e-14
       8370.00   2.85564e-14
       8375.00   2.73309e-14
       8380.00   2.88460e-14
       8385.00   2.96185e-14
       8390.00   2.80436e-14
       8395.00   2.75622e-14
       8400.00   2.66724e-14
       8405.00   2.95207e-14
       8410.00   2.89118e-14
       8415.00   2.81617e-14
       8420.00   3.00249e-14
       8425.00   2.83979e-14
       8430.00   2.60991e-14
       8435.00   2.83983e-14
       8440.00   2.79619e-14
       8445.00   2.84731e-14
       8450.00   2.78511e-14
       8455.00   2.95072e-14
       8460.00   2.84776e-14
       8465.00   2.65841e-14
       8470.00   2.85845e-14
       8475.00   2.62581e-14
       8480.00   2.62304e-14
       8485.00   2.78460e-14
       8490.00   2.51623e-14
       8495.00   2.50890e-14
       8500.00   2.61198e-14
       8505.00   2.70013e-14
       8510.00   2.67721e-14
       8515.00   2.83578e-14
       8520.00   2.82013e-14
       8525.00   2.88375e-14
       8530.00   2.60204e-14
       8535.00   2.28672e-14
       8540.00   2.23068e-14
       8545.00   2.42080e-14
       8550.00   2.64270e-14
       8555.00   2.76615e-14
       8560.00   2.89750e-14
       8565.00   2.66806e-14
       8570.00   2.86769e-14
       8575.00   2.88231e-14
       8580.00   2.91775e-14
       8585.00   2.66583e-14
       8590.00   2.77437e-14
       8595.00   2.86773e-14
       8600.00   2.97671e-14
       8605.00   2.80052e-14
       8610.00   2.88041e-14
       8615.00   2.76841e-14
       8620.00   2.81828e-14
       8625.00   2.74152e-14
       8630.00   2.96389e-14
       8635.00   2.88072e-14
       8640.00   2.82381e-14
       8645.00   2.69037e-14
       8650.00   2.69832e-14
       8655.00   2.54095e-14
       8660.00   2.12385e-14
       8665.00   2.45379e-14
       8670.00   2.70944e-14
       8675.00   2.79395e-14
       8680.00   2.97301e-14
       8685.00   2.95535e-14
       8690.00   2.92543e-14
       8695.00   3.10623e-14
       8700.00   2.85697e-14
       8705.00   2.76759e-14
       8710.00   2.85225e-14
       8715.00   2.98952e-14
       8720.00   2.89933e-14
       8725.00   2.80672e-14
       8730.00   2.97437e-14
       8735.00   2.89774e-14
       8740.00   2.91592e-14
       8745.00   2.78593e-14
       8750.00   2.72460e-14
       8755.00   2.72529e-14
       8760.00   2.58436e-14
       8765.00   2.99789e-14
       8770.00   2.75711e-14
       8775.00   2.82363e-14
       8780.00   2.82013e-14
       8785.00   2.86599e-14
       8790.00   2.94728e-14
       8795.00   2.76572e-14
       8800.00   2.86249e-14
       8805.00   2.74059e-14
       8810.00   2.86437e-14
       8815.00   2.87059e-14
       8820.00   3.03750e-14
       8825.00   2.64183e-14
       8830.00   2.79038e-14
       8835.00   2.75049e-14
       8840.00   2.76487e-14
       8845.00   2.93230e-14
       8850.00   2.80682e-14
       8855.00   2.72328e-14
       8860.00   2.81276e-14
       8865.00   2.76135e-14
       8870.00   2.86459e-14
       8875.00   2.86086e-14
       8880.00   2.73725e-14
       8885.00   2.67228e-14
       8890.00   2.92529e-14
       8895.00   3.05192e-14
       8900.00   2.78881e-14
       8905.00   3.00221e-14
       8910.00   2.94767e-14
       8915.00   2.92555e-14
       8920.00   2.58989e-14
       8925.00   2.65068e-14
       8930.00   3.04946e-14
       8935.00   2.84247e-14
       8940.00   2.72435e-14
       8945.00   3.13722e-14
       8950.00   2.90339e-14
       8955.00   3.02177e-14
       8960.00   2.71329e-14
       8965.00   2.88697e-14
       8970.00   2.85444e-14
       8975.00   2.75062e-14
       8980.00   2.92144e-14
       8985.00   2.71760e-14
       8990.00   2.77893e-14
       8995.00   2.80516e-14
       9000.00   2.56409e-14
       9005.00   2.59304e-14
       9010.00   2.66014e-14
       9015.00   2.54778e-14
       9020.00   2.67094e-14
       9025.00   2.77856e-14
       9030.00   3.01964e-14
       9035.00   2.82304e-14
       9040.00   2.84776e-14
       9045.00   2.66499e-14
       9050.00   2.81995e-14
       9055.00   2.73842e-14
       9060.00   3.08354e-14
       9065.00   3.27317e-14
       9070.00   3.82622e-14
       9075.00   3.14736e-14
       9080.00   2.98590e-14
       9085.00   2.75339e-14
       9090.00   2.81977e-14
       9095.00   2.94343e-14
       9100.00   2.77593e-14
       9105.00   2.88128e-14
       9110.00   3.01458e-14
       9115.00   2.79305e-14
       9120.00   2.74092e-14
       9125.00   3.12883e-14
       9130.00   2.72826e-14
       9135.00   2.76363e-14
       9140.00   2.91959e-14
       9145.00   2.86392e-14
       9150.00   2.67794e-14
       9155.00   2.85683e-14
       9160.00   2.75934e-14
       9165.00   2.62228e-14
       9170.00   2.58747e-14
       9175.00   2.64577e-14
       9180.00   2.72066e-14
       9185.00   2.54438e-14
       9190.00   2.68831e-14
       9195.00   2.76551e-14
       9200.00   2.76856e-14
       9205.00   2.58941e-14
       9210.00   2.48291e-14
       9215.00   2.41272e-14
       9220.00   2.69304e-14
       9225.00   2.88106e-14
       9230.00   2.71068e-14
       9235.00   2.53257e-14
       9240.00   2.51067e-14
       9245.00   2.75178e-14
       9250.00   2.78245e-14
       9255.00   2.67288e-14
       9260.00   3.07616e-14
       9265.00   2.82161e-14
       9270.00   2.66057e-14
       9275.00   2.83634e-14
       9280.00   2.80909e-14
       9285.00   2.62401e-14
       9290.00   2.92251e-14
       9295.00   2.77057e-14
       9300.00   2.38726e-14
       9305.00   2.61143e-14
       9310.00   2.86237e-14
       9315.00   2.72404e-14
       9320.00   2.55856e-14
       9325.00   2.79315e-14
       9330.00   2.62608e-14
       9335.00   2.47874e-14
       9340.00   2.85514e-14
       9345.00   2.54491e-14
       9350.00   2.75036e-14
       9355.00   2.73819e-14
       9360.00   2.80171e-14
       9365.00   2.79507e-14
       9370.00   2.79629e-14
       9375.00   2.79475e-14
       9380.00   2.79986e-14
       9385.00   2.65227e-14
       9390.00   2.48232e-14
       9395.00   2.94068e-14
       9400.00   2.54935e-14
       9405.00   2.60568e-14
       9410.00   2.55423e-14
       9415.00   2.81460e-14
       9420.00   2.75014e-14
       9425.00   2.63757e-14
       9430.00   2.29121e-14
       9435.00   2.53754e-14
       9440.00   2.43883e-14
       9445.00   2.67191e-14
       9450.00   2.64672e-14
       9455.00   2.52658e-14
       9460.00   2.75565e-14
       9465.00   2.82395e-14
       9470.00   2.36437e-14
       9475.00   2.13908e-14
       9480.00   2.61382e-14
       9485.00   3.01850e-14
       9490.00   2.79841e-14
       9495.00   2.67503e-14
       9500.00   2.55487e-14
       9505.00   2.67954e-14
       9510.00   3.10210e-14
       9515.00   2.69924e-14
       9520.00   2.63225e-14
       9525.00   3.81934e-14
       9530.00   5.44535e-14
       9535.00   4.50473e-14
       9540.00   2.68197e-14
       9545.00   2.60321e-14
       9550.00   2.42591e-14
       9555.00   2.55079e-14
       9560.00   2.85881e-14
       9565.00   2.33853e-14
       9570.00   2.60469e-14
       9575.00   2.63866e-14
       9580.00   2.41858e-14
       9585.00   3.04697e-14
       9590.00   2.77765e-14
       9595.00   2.56163e-14
       9600.00   2.68197e-14
       9605.00   3.09980e-14
       9610.00   2.90246e-14
       9615.00   2.69170e-14
       9620.00   2.73725e-14
       9625.00   2.93170e-14
       9630.00   2.73536e-14
       9635.00   2.65932e-14
       9640.00   3.05222e-14
       9645.00   2.37645e-14
       9650.00   3.16248e-14
       9655.00   2.64523e-14
       9660.00   2.20675e-14
       9665.00   2.80605e-14
       9670.00   2.46238e-14
       9675.00   2.81016e-14
       9680.00   2.53093e-14
       9685.00   2.79179e-14
       9690.00   2.74560e-14
       9695.00   2.70946e-14
       9700.00   3.25853e-14
       9705.00   2.40935e-14
       9710.00   3.16884e-14
       9715.00   2.52458e-14
       9720.00   2.57331e-14
       9725.00   2.40434e-14
       9730.00   2.76126e-14
       9735.00   2.53590e-14
       9740.00   2.55673e-14
       9745.00   2.56394e-14
       9750.00   2.67501e-14
       9755.00   2.67676e-14
       9760.00   2.93435e-14
       9765.00   2.85894e-14
       9770.00   2.36872e-14
       9775.00   2.79835e-14
       9780.00   2.79066e-14
       9785.00   2.73448e-14
       9790.00   2.94618e-14
       9795.00   2.88592e-14
       9800.00   2.92144e-14
       9805.00   2.34372e-14
       9810.00   2.05371e-14
       9815.00   2.42029e-14
       9820.00   2.44804e-14
       9825.00   2.50327e-14
       9830.00   2.40011e-14
       9835.00   2.57215e-14
       9840.00   2.71697e-14
       9845.00   2.66402e-14
       9850.00   2.87578e-14
       9855.00   2.60096e-14
       9860.00   2.33016e-14
       9865.00   2.49237e-14
       9870.00   3.12956e-14
       9875.00   2.86690e-14
       9880.00   3.08170e-14
       9885.00   2.74046e-14
       9890.00   3.28139e-14
       9895.00   3.60931e-14
       9900.00   1.71750e-14
       9905.00   2.24316e-14
       9910.00   2.80856e-14
       9915.00   2.29216e-14
       9920.00   2.67462e-14
       9925.00   3.05641e-14
       9930.00   2.90248e-14
       9935.00   2.67887e-14
       9940.00   2.05569e-14
       9945.00   1.95775e-14
