       1235.00   3.04457e-14
       1240.00   4.02254e-14
       1245.00   6.88895e-14
       1250.00   5.82242e-14
       1255.00   5.16852e-14
       1260.00   4.93097e-14
       1265.00   6.11090e-14
       1270.00   6.89141e-14
       1275.00   6.79094e-14
       1280.00   6.58207e-14
       1285.00   6.61945e-14
       1290.00   6.42275e-14
       1295.00   4.86554e-14
       1300.00   4.46241e-14
       1305.00   4.66778e-14
       1310.00   6.23075e-14
       1315.00   6.42641e-14
       1320.00   6.37173e-14
       1325.00   5.84504e-14
       1330.00   4.68592e-14
       1335.00   3.89364e-14
       1340.00   5.97964e-14
       1345.00   5.99622e-14
       1350.00   6.42559e-14
       1355.00   6.62159e-14
       1360.00   5.75970e-14
       1365.00   5.70717e-14
       1370.00   5.66363e-14
       1375.00   5.64451e-14
       1380.00   4.99791e-14
       1385.00   4.15826e-14
       1390.00   3.02098e-14
       1395.00   3.24102e-14
       1400.00   3.66238e-14
       1405.00   5.55004e-14
       1410.00   5.50224e-14
       1415.00   5.69960e-14
       1420.00   5.14454e-14
       1425.00   5.93252e-14
       1430.00   4.92823e-14
       1435.00   5.05016e-14
       1440.00   5.30709e-14
       1445.00   5.73365e-14
       1450.00   5.51346e-14
       1455.00   5.83187e-14
       1460.00   5.75651e-14
       1465.00   5.95703e-14
       1470.00   5.90984e-14
       1475.00   6.17916e-14
       1480.00   5.84894e-14
       1485.00   5.89379e-14
       1490.00   5.95118e-14
       1495.00   5.74927e-14
       1500.00   5.38043e-14
       1505.00   5.19474e-14
       1510.00   6.13292e-14
       1515.00   5.13341e-14
       1520.00   5.26249e-14
       1525.00   4.60616e-14
       1530.00   3.99171e-14
       1535.00   3.98715e-14
       1540.00   2.86105e-14
       1545.00   1.79375e-14
       1550.00   3.06217e-14
       1555.00   5.93415e-14
       1560.00   4.44967e-14
       1565.00   4.90405e-14
       1570.00   4.92695e-14
       1575.00   5.59153e-14
       1580.00   4.24569e-14
       1585.00   4.52623e-14
       1590.00   4.91895e-14
       1595.00   4.35324e-14
       1600.00   4.08631e-14
       1605.00   4.00796e-14
       1610.00   3.89970e-14
       1615.00   4.14749e-14
       1620.00   4.01938e-14
       1625.00   4.56886e-14
       1630.00   4.63431e-14
       1635.00   4.80287e-14
       1640.00   4.99152e-14
       1645.00   5.26090e-14
       1650.00   5.61464e-14
       1655.00   4.78547e-14
       1660.00   4.77480e-14
       1665.00   4.65095e-14
       1670.00   4.58846e-14
       1675.00   4.99552e-14
       1680.00   5.34214e-14
       1685.00   5.74100e-14
       1690.00   5.11002e-14
       1695.00   5.14352e-14
       1700.00   5.02980e-14
       1705.00   5.36929e-14
       1710.00   4.51315e-14
       1715.00   4.69917e-14
       1720.00   4.77161e-14
       1725.00   6.12552e-14
       1730.00   5.37687e-14
       1735.00   5.36355e-14
       1740.00   5.47605e-14
       1745.00   5.01269e-14
       1750.00   5.46049e-14
       1755.00   5.93936e-14
       1760.00   5.55570e-14
       1765.00   5.37600e-14
       1770.00   5.17067e-14
       1775.00   5.17910e-14
       1780.00   5.23696e-14
       1785.00   5.14931e-14
       1790.00   4.68944e-14
       1795.00   4.95351e-14
       1800.00   5.31664e-14
       1805.00   5.40665e-14
       1810.00   5.24864e-14
       1815.00   5.06103e-14
       1820.00   4.93097e-14
       1825.00   5.19179e-14
       1830.00   4.99731e-14
       1835.00   5.01387e-14
       1840.00   4.48155e-14
       1845.00   4.28826e-14
       1850.00   4.17691e-14
       1855.00   4.14589e-14
       1860.00   4.65049e-14
       1865.00   4.81178e-14
       1870.00   4.99002e-14
       1875.00   5.02654e-14
       1880.00   4.77799e-14
       1885.00   4.49075e-14
       1890.00   4.60526e-14
       1895.00   4.39306e-14
       1900.00   4.62179e-14
       1905.00   4.58795e-14
       1910.00   4.40859e-14
       1915.00   4.35706e-14
       1920.00   4.11819e-14
       1925.00   4.08415e-14
       1930.00   4.28028e-14
       1935.00   4.52035e-14
       1940.00   4.58994e-14
       1945.00   4.46395e-14
       1950.00   4.39324e-14
       1955.00   4.19315e-14
       1960.00   4.19468e-14
       1965.00   3.97579e-14
       1970.00   4.27145e-14
       1975.00   4.19837e-14
       1980.00   4.66325e-14
       1985.00   5.03871e-14
       1990.00   5.45294e-14
       1995.00   3.80483e-14
       2000.00   4.44967e-14
       2005.00   4.08398e-14
       2010.00   5.20284e-14
       2015.00   4.13827e-14
       2020.00   4.89272e-14
       2025.00   4.15335e-14
       2030.00   5.38614e-14
       2035.00   3.64489e-14
       2040.00   4.89592e-14
       2045.00   4.77141e-14
       2050.00   3.25748e-14
       2055.00   4.94954e-14
       2060.00   3.86956e-14
       2065.00   4.45792e-14
       2070.00   4.22456e-14
       2075.00   4.49006e-14
       2080.00   2.97899e-14
       2085.00   4.51166e-14
       2090.00   4.98360e-14
       2095.00   4.21104e-14
       2100.00   5.66092e-14
       2105.00   4.35257e-14
       2110.00   4.97779e-14
       2115.00   4.88373e-14
       2120.00   4.90229e-14
       2125.00   4.89960e-14
       2130.00   5.18970e-14
       2135.00   4.69379e-14
       2140.00   5.23060e-14
       2145.00   4.96399e-14
       2150.00   5.25920e-14
       2155.00   3.91785e-14
       2160.00   4.14050e-14
       2165.00   3.97484e-14
       2170.00   3.42795e-14
       2175.00   4.80580e-14
       2180.00   3.97794e-14
       2185.00   5.17950e-14
       2190.00   5.33776e-14
       2195.00   4.15834e-14
       2200.00   4.20743e-14
       2205.00   4.51524e-14
       2210.00   3.85349e-14
       2215.00   4.41770e-14
       2220.00   4.79073e-14
       2225.00   4.64784e-14
       2230.00   3.58022e-14
       2235.00   4.22750e-14
       2240.00   4.58038e-14
       2245.00   4.02244e-14
       2250.00   3.80538e-14
       2255.00   4.38997e-14
       2260.00   3.26075e-14
       2265.00   3.92578e-14
       2270.00   3.95300e-14
       2275.00   3.94448e-14
       2280.00   4.42737e-14
       2285.00   4.39232e-14
       2290.00   3.89671e-14
       2295.00   4.30300e-14
       2300.00   4.59311e-14
       2305.00   3.65893e-14
       2310.00   4.09628e-14
       2315.00   4.09922e-14
       2320.00   3.44882e-14
       2325.00   5.41273e-14
       2330.00   4.17639e-14
       2335.00   3.46045e-14
       2340.00   3.45838e-14
       2345.00   3.34728e-14
       2350.00   2.93940e-14
       2355.00   2.80554e-14
       2360.00   3.75162e-14
       2365.00   3.51599e-14
       2370.00   3.55222e-14
       2375.00   2.74930e-14
       2380.00   2.97644e-14
       2385.00   3.51283e-14
       2390.00   3.04991e-14
       2395.00   4.05809e-14
       2400.00   3.30219e-14
       2405.00   3.78280e-14
       2410.00   4.34544e-14
       2415.00   3.41623e-14
       2420.00   2.81069e-14
       2425.00   4.06886e-14
       2430.00   3.79708e-14
       2435.00   3.98381e-14
       2440.00   3.55080e-14
       2445.00   3.85074e-14
       2450.00   3.77176e-14
       2455.00   3.40548e-14
       2460.00   3.59863e-14
       2465.00   3.75972e-14
       2470.00   3.89258e-14
       2475.00   3.29776e-14
       2480.00   3.49982e-14
       2485.00   3.57145e-14
       2490.00   3.21832e-14
       2495.00   3.67287e-14
       2500.00   3.68787e-14
       2505.00   3.95823e-14
       2510.00   3.56518e-14
       2515.00   3.46354e-14
       2520.00   3.33725e-14
       2525.00   3.57586e-14
       2530.00   3.24715e-14
       2535.00   3.47876e-14
       2540.00   3.40421e-14
       2545.00   3.29093e-14
       2550.00   3.41137e-14
       2555.00   3.20525e-14
       2560.00   3.53808e-14
       2565.00   3.66467e-14
       2570.00   3.06733e-14
       2575.00   3.37339e-14
       2580.00   3.31812e-14
       2585.00   2.77542e-14
       2590.00   3.35533e-14
       2595.00   2.92886e-14
       2600.00   2.52700e-14
       2605.00   2.87425e-14
       2610.00   2.97715e-14
       2615.00   3.63574e-14
       2620.00   3.46795e-14
       2625.00   3.52406e-14
       2630.00   3.54661e-14
       2635.00   3.35265e-14
       2640.00   3.32769e-14
       2645.00   3.34062e-14
       2650.00   3.43603e-14
       2655.00   3.36189e-14
       2660.00   3.48705e-14
       2665.00   3.74593e-14
       2670.00   3.68150e-14
       2675.00   3.54898e-14
       2680.00   3.23844e-14
       2685.00   3.54290e-14
       2690.00   3.56929e-14
       2695.00   3.35536e-14
       2700.00   3.47431e-14
       2705.00   3.38629e-14
       2710.00   3.12453e-14
       2715.00   3.18214e-14
       2720.00   2.89834e-14
       2725.00   3.34095e-14
       2730.00   3.22436e-14
       2735.00   3.15943e-14
       2740.00   2.99652e-14
       2745.00   2.89632e-14
       2750.00   2.86227e-14
       2755.00   3.04190e-14
       2760.00   3.18744e-14
       2765.00   3.21145e-14
       2770.00   3.45928e-14
       2775.00   3.45688e-14
       2780.00   3.03509e-14
       2785.00   3.07195e-14
       2790.00   2.63812e-14
       2795.00   1.99384e-14
       2800.00   1.98036e-14
       2805.00   2.49575e-14
       2810.00   3.16132e-14
       2815.00   3.20111e-14
       2820.00   3.25757e-14
       2825.00   3.24074e-14
       2830.00   2.87984e-14
       2835.00   3.21884e-14
       2840.00   3.10679e-14
       2845.00   3.01695e-14
       2850.00   2.97962e-14
       2855.00   2.74279e-14
       2860.00   3.18744e-14
       2865.00   2.89256e-14
       2870.00   3.10832e-14
       2875.00   3.31214e-14
       2880.00   3.09055e-14
       2885.00   3.04879e-14
       2890.00   2.97407e-14
       2895.00   3.02823e-14
       2900.00   2.83077e-14
       2905.00   3.13295e-14
       2910.00   3.28980e-14
       2915.00   2.95605e-14
       2920.00   3.12369e-14
       2925.00   2.95639e-14
       2930.00   2.95726e-14
       2935.00   3.17198e-14
       2940.00   3.44562e-14
       2945.00   2.83351e-14
       2950.00   3.44161e-14
       2955.00   3.23054e-14
       2960.00   3.15684e-14
       2965.00   3.11265e-14
       2970.00   3.11512e-14
       2975.00   3.07415e-14
       2980.00   3.47751e-14
       2985.00   3.29741e-14
       2990.00   3.25254e-14
       2995.00   3.06764e-14
       3000.00   3.03125e-14
       3005.00   2.84307e-14
       3010.00   3.40820e-14
       3015.00   3.64869e-14
       3020.00   3.71338e-14
       3025.00   3.11029e-14
       3030.00   2.64718e-14
       3035.00   3.21723e-14
       3040.00   3.30857e-14
       3045.00   3.17042e-14
       3050.00   3.31595e-14
       3055.00   3.56162e-14
       3060.00   3.27032e-14
       3065.00   3.01782e-14
       3070.00   3.55604e-14
       3075.00   2.98242e-14
       3080.00   3.37230e-14
       3085.00   2.65070e-14
       3090.00   3.13017e-14
       3095.00   3.36603e-14
       3100.00   3.35957e-14
       3105.00   3.31118e-14
       3110.00   2.80304e-14
       3115.00   3.63742e-14
       3120.00   3.97794e-14
       3125.00   3.10370e-14
       3130.00   2.86514e-14
       3135.00   3.83421e-14
       3140.00   2.75204e-14
       3145.00   3.19130e-14
       3150.00   4.62393e-14
       3155.00   4.74823e-14
       3160.00   4.49748e-14
       3165.00   4.31332e-14
       3170.00   4.02676e-14
       3175.00   4.23764e-14
       3180.00   6.24420e-14
       3185.00   4.44879e-14
       3190.00   3.11558e-14
       3195.00   4.61024e-14
       3200.00   5.44734e-14
       3205.00   4.42836e-14
       3210.00   5.41361e-14
       3215.00   4.19595e-14
       3220.00   3.97475e-14
       3225.00   3.58502e-14
       3230.00   2.32617e-14
       3235.00   3.16997e-14
       3240.00   2.74184e-14
       3245.00   3.46286e-14
       3250.00   2.74385e-14
       3255.00   2.77737e-14
       3260.00   3.61137e-14
       3265.00   3.41583e-14
       3270.00   3.28841e-14
       3275.00   3.54088e-14
       3280.00   5.02980e-14
       3285.00   3.57592e-14
       3290.00   3.56415e-14
       3295.00   3.20656e-14
       3300.00   3.08194e-14
       3305.00   3.68491e-14
       3310.00   4.00129e-14
       3315.00   4.52334e-14
       3320.00   4.34450e-14
       3325.00   3.65092e-14
       3330.00   3.97305e-14
       3335.00   3.74777e-14
       3340.00   3.48705e-14
       3345.00   3.13022e-14
       3350.00   3.21947e-14
       3355.00   3.48154e-14
       3360.00   2.79315e-14
       3365.00   2.60364e-14
       3370.00   3.24624e-14
       3375.00   3.22332e-14
       3380.00   2.72781e-14
       3385.00   3.04875e-14
       3390.00   2.40605e-14
       3395.00   2.80475e-14
       3400.00   3.26713e-14
       3405.00   3.91813e-14
       3410.00   3.51651e-14
       3415.00   2.89997e-14
       3420.00   3.20019e-14
       3425.00   3.18337e-14
       3430.00   3.64553e-14
       3435.00   3.31917e-14
       3440.00   2.93181e-14
       3445.00   3.18704e-14
       3450.00   3.06083e-14
       3455.00   3.07532e-14
       3460.00   3.38508e-14
       3465.00   3.62339e-14
       3470.00   3.45314e-14
       3475.00   3.43074e-14
       3480.00   3.13868e-14
       3485.00   3.52317e-14
       3490.00   3.39139e-14
       3495.00   3.26265e-14
       3500.00   3.71975e-14
       3505.00   3.41029e-14
       3510.00   3.05735e-14
       3515.00   3.29685e-14
       3520.00   3.18744e-14
       3525.00   3.41017e-14
       3530.00   3.21394e-14
       3535.00   3.22640e-14
       3540.00   3.36593e-14
       3545.00   3.68411e-14
       3550.00   3.26465e-14
       3555.00   3.08732e-14
       3560.00   3.28308e-14
       3565.00   2.97571e-14
       3570.00   3.19540e-14
       3575.00   3.05305e-14
       3580.00   3.26394e-14
       3585.00   2.95836e-14
       3590.00   2.80548e-14
       3595.00   3.44255e-14
       3600.00   3.59226e-14
       3605.00   3.05233e-14
       3610.00   2.99452e-14
       3615.00   3.06787e-14
       3620.00   2.98792e-14
       3625.00   2.86902e-14
       3630.00   3.16072e-14
       3635.00   3.22307e-14
       3640.00   3.38826e-14
       3645.00   3.03439e-14
       3650.00   3.12257e-14
       3655.00   2.99808e-14
       3660.00   3.03253e-14
       3665.00   3.27149e-14
       3670.00   3.27914e-14
       3675.00   3.07813e-14
       3680.00   3.12275e-14
       3685.00   3.13630e-14
       3690.00   3.19233e-14
       3695.00   3.11813e-14
       3700.00   3.15557e-14
       3705.00   3.04156e-14
       3710.00   3.28079e-14
       3715.00   3.59398e-14
       3720.00   5.70552e-14
       3725.00   9.69288e-14
       3730.00   9.39502e-14
       3735.00   5.06616e-14
       3740.00   3.22888e-14
       3745.00   3.47022e-14
       3750.00   3.10217e-14
       3755.00   3.20172e-14
       3760.00   2.98282e-14
       3765.00   3.19704e-14
       3770.00   3.16415e-14
       3775.00   3.29843e-14
       3780.00   3.59226e-14
       3785.00   3.68932e-14
       3790.00   3.46961e-14
       3795.00   3.14232e-14
       3800.00   3.19700e-14
       3805.00   3.50511e-14
       3810.00   3.96132e-14
       3815.00   3.88130e-14
       3820.00   3.65919e-14
       3825.00   3.36087e-14
       3830.00   3.25592e-14
       3835.00   3.30997e-14
       3840.00   3.53808e-14
       3845.00   3.75051e-14
       3850.00   3.82240e-14
       3855.00   4.02741e-14
       3860.00   4.29348e-14
       3865.00   4.30877e-14
       3870.00   4.29248e-14
       3875.00   4.20740e-14
       3880.00   3.94287e-14
       3885.00   3.92493e-14
       3890.00   3.72527e-14
       3895.00   3.80178e-14
       3900.00   3.83451e-14
       3905.00   3.87791e-14
       3910.00   3.85469e-14
       3915.00   4.04039e-14
       3920.00   3.93651e-14
       3925.00   3.64008e-14
       3930.00   3.59423e-14
       3935.00   3.51226e-14
       3940.00   3.94925e-14
       3945.00   3.86339e-14
       3950.00   3.98446e-14
       3955.00   3.92116e-14
       3960.00   3.73888e-14
       3965.00   3.58721e-14
       3970.00   3.51653e-14
       3975.00   3.59302e-14
       3980.00   3.86318e-14
       3985.00   4.15663e-14
       3990.00   4.34694e-14
       3995.00   4.27142e-14
       4000.00   4.26479e-14
       4005.00   4.19898e-14
       4010.00   4.29973e-14
       4015.00   4.42242e-14
       4020.00   4.51023e-14
       4025.00   4.36623e-14
       4030.00   4.10011e-14
       4035.00   4.14644e-14
       4040.00   4.30941e-14
       4045.00   4.41221e-14
       4050.00   4.37756e-14
       4055.00   4.24220e-14
       4060.00   4.41144e-14
       4065.00   4.31392e-14
       4070.00   4.31183e-14
       4075.00   4.03929e-14
       4080.00   4.01301e-14
       4085.00   4.09668e-14
       4090.00   4.06392e-14
       4095.00   3.89660e-14
       4100.00   4.13411e-14
       4105.00   4.11978e-14
       4110.00   3.97179e-14
       4115.00   4.10256e-14
       4120.00   4.17556e-14
       4125.00   4.28922e-14
       4130.00   4.15376e-14
       4135.00   4.20220e-14
       4140.00   4.20105e-14
       4145.00   4.24658e-14
       4150.00   4.13997e-14
       4155.00   4.23059e-14
       4160.00   4.24885e-14
       4165.00   4.19252e-14
       4170.00   4.14359e-14
       4175.00   4.15376e-14
       4180.00   4.29668e-14
       4185.00   4.28766e-14
       4190.00   4.05026e-14
       4195.00   3.95086e-14
       4200.00   4.14688e-14
       4205.00   4.16043e-14
       4210.00   4.21957e-14
       4215.00   4.24936e-14
       4220.00   4.32217e-14
       4225.00   4.24330e-14
       4230.00   4.23821e-14
       4235.00   4.35143e-14
       4240.00   4.32856e-14
       4245.00   4.34361e-14
       4250.00   4.22159e-14
       4255.00   4.20918e-14
       4260.00   4.28392e-14
       4265.00   4.28799e-14
       4270.00   4.21273e-14
       4275.00   4.32151e-14
       4280.00   4.34450e-14
       4285.00   4.06369e-14
       4290.00   4.05134e-14
       4295.00   3.89108e-14
       4300.00   4.03211e-14
       4305.00   3.87086e-14
       4310.00   3.65888e-14
       4315.00   3.68546e-14
       4320.00   3.84406e-14
       4325.00   3.81360e-14
       4330.00   3.81320e-14
       4335.00   4.44951e-14
       4340.00   5.27523e-14
       4345.00   4.54772e-14
       4350.00   3.77757e-14
       4355.00   3.76168e-14
       4360.00   4.09588e-14
       4365.00   4.04318e-14
       4370.00   3.91838e-14
       4375.00   4.02583e-14
       4380.00   4.00979e-14
       4385.00   3.96159e-14
       4390.00   3.99208e-14
       4395.00   4.10850e-14
       4400.00   3.95881e-14
       4405.00   3.85699e-14
       4410.00   4.03202e-14
       4415.00   4.14021e-14
       4420.00   4.04488e-14
       4425.00   4.08851e-14
       4430.00   3.90455e-14
       4435.00   3.98642e-14
       4440.00   4.10225e-14
       4445.00   4.07186e-14
       4450.00   4.12586e-14
       4455.00   3.90450e-14
       4460.00   3.93969e-14
       4465.00   3.99604e-14
       4470.00   4.04358e-14
       4475.00   4.04920e-14
       4480.00   3.98748e-14
       4485.00   4.03441e-14
       4490.00   4.15262e-14
       4495.00   4.18861e-14
       4500.00   4.15960e-14
       4505.00   4.17982e-14
       4510.00   4.08418e-14
       4515.00   4.09971e-14
       4520.00   4.12456e-14
       4525.00   4.11313e-14
       4530.00   4.09657e-14
       4535.00   4.12354e-14
       4540.00   4.07355e-14
       4545.00   4.05989e-14
       4550.00   4.20026e-14
       4555.00   4.07117e-14
       4560.00   4.07355e-14
       4565.00   4.23725e-14
       4570.00   4.28829e-14
       4575.00   4.02447e-14
       4580.00   4.01619e-14
       4585.00   4.08685e-14
       4590.00   3.98213e-14
       4595.00   4.09272e-14
       4600.00   4.08631e-14
       4605.00   4.20977e-14
       4610.00   4.20613e-14
       4615.00   4.07300e-14
       4620.00   4.00661e-14
       4625.00   4.18741e-14
       4630.00   4.18141e-14
       4635.00   4.20403e-14
       4640.00   3.91419e-14
       4645.00   4.02478e-14
       4650.00   4.04429e-14
       4655.00   4.01639e-14
       4660.00   4.07355e-14
       4665.00   3.80688e-14
       4670.00   3.85173e-14
       4675.00   3.90935e-14
       4680.00   3.97794e-14
       4685.00   4.07126e-14
       4690.00   4.18458e-14
       4695.00   4.05530e-14
       4700.00   4.02894e-14
       4705.00   4.08855e-14
       4710.00   3.96045e-14
       4715.00   3.90021e-14
       4720.00   3.92375e-14
       4725.00   3.90867e-14
       4730.00   3.94786e-14
       4735.00   3.88189e-14
       4740.00   3.91100e-14
       4745.00   4.07283e-14
       4750.00   4.03920e-14
       4755.00   4.07827e-14
       4760.00   4.01301e-14
       4765.00   3.95889e-14
       4770.00   3.90123e-14
       4775.00   3.88507e-14
       4780.00   3.95881e-14
       4785.00   3.95719e-14
       4790.00   3.93070e-14
       4795.00   3.86393e-14
       4800.00   3.89824e-14
       4805.00   3.95092e-14
       4810.00   3.72749e-14
       4815.00   3.69830e-14
       4820.00   3.75162e-14
       4825.00   3.71022e-14
       4830.00   3.85780e-14
       4835.00   3.83880e-14
       4840.00   3.88867e-14
       4845.00   3.88048e-14
       4850.00   4.00962e-14
       4855.00   5.27152e-14
       4860.00   7.67535e-14
       4865.00   6.73577e-14
       4870.00   4.18417e-14
       4875.00   3.45447e-14
       4880.00   3.37550e-14
       4885.00   3.71244e-14
       4890.00   3.88195e-14
       4895.00   3.87528e-14
       4900.00   3.98748e-14
       4905.00   4.02863e-14
       4910.00   3.71823e-14
       4915.00   3.64833e-14
       4920.00   3.58906e-14
       4925.00   3.63329e-14
       4930.00   3.78120e-14
       4935.00   3.74622e-14
       4940.00   3.80900e-14
       4945.00   3.91329e-14
       4950.00   4.08177e-14
       4955.00   4.61928e-14
       4960.00   5.03935e-14
       4965.00   4.41332e-14
       4970.00   3.80961e-14
       4975.00   3.75927e-14
       4980.00   3.87912e-14
       4985.00   3.78607e-14
       4990.00   3.86098e-14
       4995.00   4.12270e-14
       5000.00   5.03935e-14
       5005.00   6.73577e-14
       5010.00   6.99009e-14
       5015.00   4.81523e-14
       5020.00   3.92055e-14
       5025.00   3.68165e-14
       5030.00   3.78496e-14
       5035.00   3.70944e-14
       5040.00   3.74524e-14
       5045.00   3.70345e-14
       5050.00   3.67989e-14
       5055.00   3.79646e-14
       5060.00   3.77394e-14
       5065.00   3.80699e-14
       5070.00   3.81521e-14
       5075.00   3.63168e-14
       5080.00   3.63050e-14
       5085.00   3.60184e-14
       5090.00   3.66204e-14
       5095.00   3.63964e-14
       5100.00   3.66557e-14
       5105.00   3.67886e-14
       5110.00   3.80038e-14
       5115.00   3.82055e-14
       5120.00   3.72294e-14
       5125.00   3.68797e-14
       5130.00   3.51616e-14
       5135.00   3.57059e-14
       5140.00   3.60817e-14
       5145.00   3.58404e-14
       5150.00   3.58979e-14
       5155.00   3.65400e-14
       5160.00   3.49982e-14
       5165.00   3.53502e-14
       5170.00   3.43168e-14
       5175.00   3.53594e-14
       5180.00   3.58268e-14
       5185.00   3.58679e-14
       5190.00   3.60924e-14
       5195.00   3.74188e-14
       5200.00   3.72294e-14
       5205.00   3.66418e-14
       5210.00   3.58528e-14
       5215.00   3.64096e-14
       5220.00   3.74206e-14
       5225.00   3.74666e-14
       5230.00   3.62398e-14
       5235.00   3.64295e-14
       5240.00   3.70699e-14
       5245.00   3.66529e-14
       5250.00   3.70621e-14
       5255.00   3.56668e-14
       5260.00   3.74524e-14
       5265.00   3.50455e-14
       5270.00   3.47771e-14
       5275.00   3.59474e-14
       5280.00   3.57312e-14
       5285.00   3.75410e-14
       5290.00   3.62522e-14
       5295.00   3.50031e-14
       5300.00   3.58268e-14
       5305.00   3.69077e-14
       5310.00   3.67922e-14
       5315.00   3.72223e-14
       5320.00   3.71975e-14
       5325.00   3.53263e-14
       5330.00   3.56065e-14
       5335.00   3.58891e-14
       5340.00   3.50299e-14
       5345.00   3.58525e-14
       5350.00   3.68458e-14
       5355.00   3.73739e-14
       5360.00   3.51256e-14
       5365.00   3.00637e-14
       5370.00   3.05570e-14
       5375.00   3.21303e-14
       5380.00   3.02521e-14
       5385.00   3.20766e-14
       5390.00   3.09637e-14
       5395.00   3.45382e-14
       5400.00   3.51575e-14
       5405.00   3.53930e-14
       5410.00   3.66361e-14
       5415.00   2.86696e-14
       5420.00   2.62710e-14
       5425.00   3.72472e-14
       5430.00   2.91230e-14
       5435.00   2.23542e-14
       5440.00   3.83768e-14
       5445.00   3.79031e-14
       5450.00   3.69100e-14
       5455.00   3.51039e-14
       5460.00   3.51256e-14
       5465.00   3.59206e-14
       5470.00   3.71884e-14
       5475.00   3.08421e-14
       5480.00   2.86934e-14
       5485.00   3.72171e-14
       5490.00   3.24642e-14
       5495.00   2.66076e-14
       5500.00   3.38508e-14
       5505.00   3.51718e-14
       5510.00   3.67664e-14
       5515.00   3.77560e-14
       5520.00   3.88230e-14
       5525.00   3.71040e-14
       5530.00   3.80071e-14
       5535.00   3.68743e-14
       5540.00   3.66557e-14
       5545.00   3.66174e-14
       5550.00   3.80501e-14
       5555.00   3.50570e-14
       5560.00   3.56037e-14
       5565.00   3.82077e-14
       5570.00   3.51241e-14
       5575.00   3.71800e-14
       5580.00   3.55719e-14
       5585.00   3.52044e-14
       5590.00   3.42841e-14
       5595.00   3.32688e-14
       5600.00   3.53808e-14
       5605.00   3.74888e-14
       5610.00   3.63610e-14
       5615.00   3.71228e-14
       5620.00   3.58906e-14
       5625.00   3.53117e-14
       5630.00   3.61546e-14
       5635.00   3.34845e-14
       5640.00   3.63689e-14
       5645.00   3.44846e-14
       5650.00   3.69619e-14
       5655.00   3.74527e-14
       5660.00   3.65282e-14
       5665.00   3.46921e-14
       5670.00   3.78570e-14
       5675.00   3.78009e-14
       5680.00   3.51893e-14
       5685.00   3.62823e-14
       5690.00   3.52718e-14
       5695.00   3.68183e-14
       5700.00   3.61137e-14
       5705.00   3.52951e-14
       5710.00   3.35847e-14
       5715.00   3.35316e-14
       5720.00   3.75800e-14
       5725.00   3.69630e-14
       5730.00   3.82270e-14
       5735.00   3.68813e-14
       5740.00   3.40739e-14
       5745.00   3.84528e-14
       5750.00   3.79665e-14
       5755.00   3.76117e-14
       5760.00   3.52852e-14
       5765.00   3.42063e-14
       5770.00   3.46529e-14
       5775.00   3.65467e-14
       5780.00   3.95244e-14
       5785.00   3.54733e-14
       5790.00   3.44746e-14
       5795.00   3.67343e-14
       5800.00   3.78669e-14
       5805.00   3.85691e-14
       5810.00   3.69067e-14
       5815.00   3.62630e-14
       5820.00   3.42968e-14
       5825.00   3.54125e-14
       5830.00   3.58641e-14
       5835.00   3.55532e-14
       5840.00   3.68150e-14
       5845.00   3.46052e-14
       5850.00   3.68610e-14
       5855.00   3.53249e-14
       5860.00   3.49024e-14
       5865.00   3.58359e-14
       5870.00   3.82538e-14
       5875.00   4.26108e-14
       5880.00   4.14368e-14
       5885.00   3.52280e-14
       5890.00   3.31695e-14
       5895.00   3.33683e-14
       5900.00   3.37550e-14
       5905.00   3.42713e-14
       5910.00   3.59977e-14
       5915.00   3.68575e-14
       5920.00   3.65282e-14
       5925.00   3.41763e-14
       5930.00   3.33495e-14
       5935.00   3.56992e-14
       5940.00   3.78031e-14
       5945.00   3.69989e-14
       5950.00   3.64841e-14
       5955.00   3.50948e-14
       5960.00   3.62732e-14
       5965.00   3.75354e-14
       5970.00   3.82138e-14
       5975.00   3.65988e-14
       5980.00   3.50620e-14
       5985.00   3.76850e-14
       5990.00   3.58699e-14
       5995.00   3.52629e-14
       6000.00   3.52212e-14
       6005.00   3.40050e-14
       6010.00   3.45833e-14
       6015.00   3.49943e-14
       6020.00   3.47112e-14
       6025.00   3.29581e-14
       6030.00   3.54285e-14
       6035.00   3.63597e-14
       6040.00   3.45518e-14
       6045.00   3.85759e-14
       6050.00   3.83400e-14
       6055.00   3.71366e-14
       6060.00   3.50619e-14
       6065.00   3.63444e-14
       6070.00   3.86502e-14
       6075.00   3.66500e-14
       6080.00   3.39463e-14
       6085.00   3.51414e-14
       6090.00   3.29975e-14
       6095.00   3.39711e-14
       6100.00   3.56037e-14
       6105.00   3.82982e-14
       6110.00   4.01969e-14
       6115.00   3.89356e-14
       6120.00   3.81537e-14
       6125.00   3.36584e-14
       6130.00   3.34013e-14
       6135.00   3.74664e-14
       6140.00   3.58268e-14
       6145.00   3.58631e-14
       6150.00   3.37918e-14
       6155.00   3.34695e-14
       6160.00   3.42968e-14
       6165.00   3.56936e-14
       6170.00   3.36743e-14
       6175.00   3.65328e-14
       6180.00   3.61457e-14
       6185.00   3.75038e-14
       6190.00   3.42653e-14
       6195.00   3.26250e-14
       6200.00   3.29264e-14
       6205.00   3.78124e-14
       6210.00   3.79815e-14
       6215.00   3.55103e-14
       6220.00   3.58588e-14
       6225.00   3.39267e-14
       6230.00   3.51967e-14
       6235.00   3.24776e-14
       6240.00   3.38189e-14
       6245.00   3.64697e-14
       6250.00   3.23624e-14
       6255.00   3.49122e-14
       6260.00   3.49024e-14
       6265.00   3.68351e-14
       6270.00   3.78246e-14
       6275.00   3.83081e-14
       6280.00   3.64326e-14
       6285.00   3.73831e-14
       6290.00   3.66091e-14
       6295.00   3.88165e-14
       6300.00   4.03532e-14
       6305.00   3.84968e-14
       6310.00   3.38127e-14
       6315.00   3.55363e-14
       6320.00   3.65919e-14
       6325.00   3.25057e-14
       6330.00   3.39649e-14
       6335.00   3.50952e-14
       6340.00   3.92695e-14
       6345.00   4.00115e-14
       6350.00   3.99980e-14
       6355.00   4.01594e-14
       6360.00   4.00979e-14
       6365.00   4.07295e-14
       6370.00   3.86594e-14
       6375.00   3.45792e-14
       6380.00   3.63370e-14
       6385.00   3.67775e-14
       6390.00   3.57727e-14
       6395.00   3.53723e-14
       6400.00   3.84087e-14
       6405.00   3.43492e-14
       6410.00   3.65570e-14
       6415.00   3.70881e-14
       6420.00   3.60500e-14
       6425.00   3.53321e-14
       6430.00   3.73507e-14
       6435.00   3.45644e-14
       6440.00   3.44245e-14
       6445.00   3.48941e-14
       6450.00   3.55372e-14
       6455.00   3.53085e-14
       6460.00   3.42968e-14
       6465.00   3.60260e-14
       6470.00   3.68525e-14
       6475.00   3.66859e-14
       6480.00   3.58906e-14
       6485.00   3.65911e-14
       6490.00   3.55715e-14
       6495.00   3.49183e-14
       6500.00   3.54764e-14
       6505.00   3.63083e-14
       6510.00   3.65752e-14
       6515.00   3.73807e-14
       6520.00   3.86638e-14
       6525.00   3.80485e-14
       6530.00   3.74864e-14
       6535.00   3.86090e-14
       6540.00   5.02980e-14
       6545.00   6.82304e-14
       6550.00   8.02452e-14
       6555.00   1.45768e-13
       6560.00   2.47601e-13
       6565.00   2.09154e-13
       6570.00   1.10126e-13
       6575.00   8.58614e-14
       6580.00   1.25362e-13
       6585.00   1.16104e-13
       6590.00   6.44394e-14
       6595.00   4.31890e-14
       6600.00   3.98113e-14
       6605.00   3.81031e-14
       6610.00   3.58555e-14
       6615.00   3.54574e-14
       6620.00   3.50938e-14
       6625.00   3.54741e-14
       6630.00   3.73849e-14
       6635.00   3.89282e-14
       6640.00   3.74843e-14
       6645.00   3.60293e-14
       6650.00   3.54148e-14
       6655.00   3.58681e-14
       6660.00   3.67194e-14
       6665.00   3.29709e-14
       6670.00   3.29169e-14
       6675.00   3.29695e-14
       6680.00   3.55080e-14
       6685.00   3.61688e-14
       6690.00   3.43185e-14
       6695.00   3.69461e-14
       6700.00   3.73250e-14
       6705.00   4.03943e-14
       6710.00   5.10661e-14
       6715.00   6.44921e-14
       6720.00   6.29522e-14
       6725.00   5.55914e-14
       6730.00   5.72030e-14
       6735.00   5.08720e-14
       6740.00   3.66874e-14
       6745.00   3.40010e-14
       6750.00   3.55804e-14
       6755.00   3.49625e-14
       6760.00   3.43926e-14
       6765.00   3.51073e-14
       6770.00   3.56338e-14
       6775.00   3.71583e-14
       6780.00   3.51256e-14
       6785.00   3.50975e-14
       6790.00   3.38457e-14
       6795.00   3.19614e-14
       6800.00   3.13134e-14
       6805.00   3.35380e-14
       6810.00   3.56047e-14
       6815.00   3.46315e-14
       6820.00   3.49343e-14
       6825.00   3.45447e-14
       6830.00   3.29933e-14
       6835.00   3.21435e-14
       6840.00   3.29264e-14
       6845.00   3.35901e-14
       6850.00   3.38548e-14
       6855.00   3.43718e-14
       6860.00   3.37871e-14
       6865.00   3.26022e-14
       6870.00   3.57285e-14
       6875.00   3.70139e-14
       6880.00   3.74524e-14
       6885.00   3.80314e-14
       6890.00   3.61292e-14
       6895.00   3.53795e-14
       6900.00   3.34363e-14
       6905.00   3.33638e-14
       6910.00   3.44667e-14
       6915.00   3.26965e-14
       6920.00   3.31812e-14
       6925.00   3.42809e-14
       6930.00   3.54392e-14
       6935.00   3.78120e-14
       6940.00   3.78031e-14
       6945.00   3.46827e-14
       6950.00   3.48206e-14
       6955.00   3.38767e-14
       6960.00   3.48387e-14
       6965.00   3.53669e-14
       6970.00   3.63242e-14
       6975.00   3.43760e-14
       6980.00   3.27669e-14
       6985.00   3.29435e-14
       6990.00   3.33882e-14
       6995.00   3.52274e-14
       7000.00   3.47751e-14
       7005.00   3.47807e-14
       7010.00   3.64254e-14
       7015.00   3.76112e-14
       7020.00   3.80263e-14
       7025.00   3.47295e-14
       7030.00   3.68254e-14
       7035.00   3.41353e-14
       7040.00   3.22251e-14
       7045.00   3.39210e-14
       7050.00   3.40421e-14
       7055.00   3.56167e-14
       7060.00   3.26713e-14
       7065.00   3.33800e-14
       7070.00   3.40406e-14
       7075.00   3.29739e-14
       7080.00   3.31812e-14
       7085.00   3.30988e-14
       7090.00   3.42083e-14
       7095.00   3.21044e-14
       7100.00   3.28945e-14
       7105.00   3.21735e-14
       7110.00   3.76599e-14
       7115.00   4.00768e-14
       7120.00   3.65919e-14
       7125.00   3.57443e-14
       7130.00   3.42558e-14
       7135.00   3.77160e-14
       7140.00   3.48705e-14
       7145.00   3.12637e-14
       7150.00   2.91439e-14
       7155.00   3.22670e-14
       7160.00   3.43927e-14
       7165.00   3.39544e-14
       7170.00   2.98851e-14
       7175.00   3.28375e-14
       7180.00   3.49024e-14
       7185.00   3.48382e-14
       7190.00   3.83833e-14
       7195.00   3.45229e-14
       7200.00   2.93851e-14
       7205.00   2.88168e-14
       7210.00   2.87887e-14
       7215.00   2.89738e-14
       7220.00   2.85085e-14
       7225.00   3.03231e-14
       7230.00   3.10483e-14
       7235.00   3.26164e-14
       7240.00   3.42332e-14
       7245.00   3.42988e-14
       7250.00   3.28241e-14
       7255.00   3.27957e-14
       7260.00   3.22888e-14
       7265.00   3.03174e-14
       7270.00   2.91615e-14
       7275.00   3.19569e-14
       7280.00   3.61457e-14
       7285.00   3.58784e-14
       7290.00   3.43410e-14
       7295.00   3.36203e-14
       7300.00   3.08960e-14
       7305.00   3.12010e-14
       7310.00   3.41972e-14
       7315.00   3.45909e-14
       7320.00   4.01616e-14
       7325.00   3.76824e-14
       7330.00   3.62599e-14
       7335.00   3.84981e-14
       7340.00   3.33725e-14
       7345.00   2.89376e-14
       7350.00   3.30474e-14
       7355.00   3.50152e-14
       7360.00   3.38508e-14
       7365.00   3.51367e-14
       7370.00   3.65084e-14
       7375.00   3.61693e-14
       7380.00   3.19381e-14
       7385.00   2.80063e-14
       7390.00   3.10627e-14
       7395.00   3.43414e-14
       7400.00   3.72930e-14
       7405.00   3.43905e-14
       7410.00   2.90966e-14
       7415.00   3.33554e-14
       7420.00   3.02776e-14
       7425.00   2.56187e-14
       7430.00   3.07433e-14
       7435.00   3.66286e-14
       7440.00   3.89507e-14
       7445.00   4.16823e-14
       7450.00   3.18151e-14
       7455.00   2.46513e-14
       7460.00   3.41377e-14
       7465.00   3.29748e-14
       7470.00   3.45982e-14
       7475.00   3.61175e-14
       7480.00   3.35957e-14
       7485.00   3.37887e-14
       7490.00   3.58183e-14
       7495.00   3.56821e-14
       7500.00   3.57312e-14
       7505.00   3.54766e-14
       7510.00   3.58956e-14
       7515.00   3.54407e-14
       7520.00   3.70061e-14
       7525.00   3.82296e-14
       7530.00   3.63804e-14
       7535.00   3.56921e-14
       7540.00   3.91100e-14
       7545.00   4.05556e-14
       7550.00   3.67625e-14
       7555.00   3.56197e-14
       7560.00   3.05740e-14
       7565.00   3.19520e-14
       7570.00   3.29058e-14
       7575.00   2.68610e-14
       7580.00   2.86648e-14
       7585.00   2.86090e-14
       7590.00   2.86849e-14
       7595.00   3.15741e-14
       7600.00   3.41377e-14
       7605.00   3.76168e-14
       7610.00   3.63019e-14
       7615.00   3.26614e-14
       7620.00   3.34363e-14
       7625.00   3.52663e-14
       7630.00   3.18753e-14
       7635.00   2.14571e-14
       7640.00   2.20156e-14
       7645.00   3.52103e-14
       7650.00   3.26080e-14
       7655.00   3.23326e-14
       7660.00   3.33087e-14
       7665.00   3.24204e-14
       7670.00   3.23015e-14
       7675.00   3.36383e-14
       7680.00   3.18744e-14
       7685.00   3.24040e-14
       7690.00   3.61909e-14
       7695.00   3.34739e-14
       7700.00   3.04656e-14
       7705.00   3.28760e-14
       7710.00   3.06900e-14
       7715.00   3.02889e-14
       7720.00   3.40739e-14
       7725.00   3.28008e-14
       7730.00   3.23976e-14
       7735.00   3.34681e-14
       7740.00   3.55400e-14
       7745.00   3.36915e-14
       7750.00   3.22545e-14
       7755.00   3.30395e-14
       7760.00   3.54125e-14
       7765.00   3.31777e-14
       7770.00   2.96435e-14
       7775.00   3.30667e-14
       7780.00   3.01754e-14
       7785.00   3.30072e-14
       7790.00   3.44758e-14
       7795.00   3.23580e-14
       7800.00   3.33725e-14
       7805.00   3.12089e-14
       7810.00   3.53420e-14
       7815.00   3.32952e-14
       7820.00   3.27352e-14
       7825.00   3.32211e-14
       7830.00   3.03070e-14
       7835.00   3.22278e-14
       7840.00   3.21932e-14
       7845.00   2.98060e-14
       7850.00   3.32136e-14
       7855.00   3.16367e-14
       7860.00   3.06537e-14
       7865.00   3.09359e-14
       7870.00   3.15976e-14
       7875.00   3.28192e-14
       7880.00   3.06473e-14
       7885.00   3.20886e-14
       7890.00   3.41571e-14
       7895.00   3.09788e-14
       7900.00   3.47751e-14
       7905.00   2.97968e-14
       7910.00   3.25274e-14
       7915.00   3.12978e-14
       7920.00   3.13486e-14
       7925.00   3.04588e-14
       7930.00   3.06098e-14
       7935.00   3.08771e-14
       7940.00   3.09788e-14
       7945.00   2.80058e-14
       7950.00   3.06742e-14
       7955.00   2.86565e-14
       7960.00   3.65282e-14
       7965.00   3.32891e-14
       7970.00   3.12720e-14
       7975.00   3.00259e-14
       7980.00   3.19381e-14
       7985.00   3.32069e-14
       7990.00   3.27511e-14
       7995.00   3.32199e-14
       8000.00   3.06408e-14
       8005.00   3.15779e-14
       8010.00   3.22027e-14
       8015.00   3.21197e-14
       8020.00   3.26713e-14
       8025.00   2.88870e-14
       8030.00   3.27605e-14
       8035.00   3.41911e-14
       8040.00   3.23844e-14
       8045.00   3.10660e-14
       8050.00   2.95302e-14
       8055.00   3.20764e-14
       8060.00   3.21932e-14
       8065.00   3.02330e-14
       8070.00   3.12655e-14
       8075.00   3.09209e-14
       8080.00   3.06505e-14
       8085.00   3.31465e-14
       8090.00   3.13196e-14
       8095.00   3.04830e-14
       8100.00   3.05931e-14
       8105.00   2.81347e-14
       8110.00   3.43516e-14
       8115.00   3.42085e-14
       8120.00   3.20976e-14
       8125.00   3.09925e-14
       8130.00   3.10898e-14
       8135.00   3.14501e-14
       8140.00   3.28626e-14
       8145.00   3.09346e-14
       8150.00   3.05668e-14
       8155.00   3.17002e-14
       8160.00   3.28308e-14
       8165.00   3.31439e-14
       8170.00   3.37738e-14
       8175.00   3.17588e-14
       8180.00   3.30857e-14
       8185.00   3.24347e-14
       8190.00   3.32959e-14
       8195.00   2.95480e-14
       8200.00   2.83427e-14
       8205.00   2.92829e-14
       8210.00   3.05460e-14
       8215.00   3.14992e-14
       8220.00   3.13740e-14
       8225.00   3.17135e-14
       8230.00   3.12350e-14
       8235.00   3.15349e-14
       8240.00   3.12178e-14
       8245.00   2.92303e-14
       8250.00   2.97859e-14
       8255.00   3.00741e-14
       8260.00   2.98314e-14
       8265.00   3.04173e-14
       8270.00   3.16652e-14
       8275.00   3.11055e-14
       8280.00   3.07429e-14
       8285.00   3.06587e-14
       8290.00   3.08129e-14
       8295.00   2.98048e-14
       8300.00   3.07939e-14
       8305.00   3.01079e-14
       8310.00   2.90792e-14
       8315.00   2.83857e-14
       8320.00   3.00576e-14
       8325.00   3.03949e-14
       8330.00   3.08612e-14
       8335.00   3.06240e-14
       8340.00   2.98186e-14
       8345.00   2.94500e-14
       8350.00   2.90268e-14
       8355.00   2.86072e-14
       8360.00   2.96146e-14
       8365.00   3.11096e-14
       8370.00   3.07991e-14
       8375.00   2.94813e-14
       8380.00   2.84353e-14
       8385.00   2.91802e-14
       8390.00   2.92448e-14
       8395.00   3.05023e-14
       8400.00   3.13868e-14
       8405.00   3.05171e-14
       8410.00   3.09792e-14
       8415.00   2.99814e-14
       8420.00   3.02362e-14
       8425.00   3.08931e-14
       8430.00   3.06003e-14
       8435.00   3.07573e-14
       8440.00   3.00131e-14
       8445.00   3.00817e-14
       8450.00   3.06135e-14
       8455.00   3.03345e-14
       8460.00   2.96975e-14
       8465.00   2.98553e-14
       8470.00   2.92728e-14
       8475.00   2.93899e-14
       8480.00   3.01278e-14
       8485.00   3.02834e-14
       8490.00   2.99071e-14
       8495.00   2.90627e-14
       8500.00   2.65258e-14
       8505.00   2.79863e-14
       8510.00   2.96735e-14
       8515.00   2.96923e-14
       8520.00   2.89738e-14
       8525.00   2.92052e-14
       8530.00   2.85075e-14
       8535.00   2.75430e-14
       8540.00   2.56812e-14
       8545.00   2.45156e-14
       8550.00   2.71188e-14
       8555.00   2.89581e-14
       8560.00   2.96242e-14
       8565.00   3.08372e-14
       8570.00   3.03635e-14
       8575.00   3.02568e-14
       8580.00   3.07556e-14
       8585.00   3.15285e-14
       8590.00   3.12273e-14
       8595.00   3.10298e-14
       8600.00   3.12943e-14
       8605.00   3.08246e-14
       8610.00   2.90270e-14
       8615.00   2.92845e-14
       8620.00   2.94616e-14
       8625.00   3.08679e-14
       8630.00   2.98310e-14
       8635.00   3.01312e-14
       8640.00   3.02776e-14
       8645.00   3.04633e-14
       8650.00   3.02251e-14
       8655.00   3.07793e-14
       8660.00   2.78296e-14
       8665.00   2.65637e-14
       8670.00   2.58753e-14
       8675.00   2.81888e-14
       8680.00   2.88717e-14
       8685.00   2.97140e-14
       8690.00   2.97807e-14
       8695.00   3.01193e-14
       8700.00   3.20019e-14
       8705.00   2.99532e-14
       8710.00   2.97473e-14
       8715.00   3.09183e-14
       8720.00   3.03381e-14
       8725.00   2.92847e-14
       8730.00   2.99913e-14
       8735.00   3.02997e-14
       8740.00   2.93308e-14
       8745.00   2.99679e-14
       8750.00   3.06419e-14
       8755.00   3.09209e-14
       8760.00   2.98918e-14
       8765.00   2.92319e-14
       8770.00   3.03198e-14
       8775.00   2.83081e-14
       8780.00   2.98314e-14
       8785.00   3.07195e-14
       8790.00   3.07126e-14
       8795.00   3.02757e-14
       8800.00   2.92606e-14
       8805.00   2.97518e-14
       8810.00   2.98035e-14
       8815.00   3.13645e-14
       8820.00   3.18268e-14
       8825.00   3.05686e-14
       8830.00   2.98415e-14
       8835.00   3.05480e-14
       8840.00   2.93469e-14
       8845.00   2.83155e-14
       8850.00   3.12639e-14
       8855.00   3.17664e-14
       8860.00   2.90217e-14
       8865.00   2.91332e-14
       8870.00   2.84883e-14
       8875.00   2.92891e-14
       8880.00   2.80176e-14
       8885.00   2.79532e-14
       8890.00   2.95961e-14
       8895.00   2.90593e-14
       8900.00   2.79825e-14
       8905.00   2.82622e-14
       8910.00   3.02874e-14
       8915.00   3.04034e-14
       8920.00   3.07811e-14
       8925.00   2.97384e-14
       8930.00   2.93876e-14
       8935.00   3.01397e-14
       8940.00   2.85213e-14
       8945.00   2.74881e-14
       8950.00   2.77230e-14
       8955.00   2.86414e-14
       8960.00   2.71060e-14
       8965.00   2.97688e-14
       8970.00   3.06811e-14
       8975.00   2.95352e-14
       8980.00   2.83427e-14
       8985.00   2.86569e-14
       8990.00   2.90396e-14
       8995.00   2.94149e-14
       9000.00   2.80909e-14
       9005.00   2.79385e-14
       9010.00   2.82635e-14
       9015.00   2.94900e-14
       9020.00   2.83746e-14
       9025.00   2.76549e-14
       9030.00   2.77439e-14
       9035.00   2.94078e-14
       9040.00   2.89740e-14
       9045.00   2.90758e-14
       9050.00   2.94861e-14
       9055.00   3.03100e-14
       9060.00   3.48069e-14
       9065.00   5.26623e-14
       9070.00   7.46434e-14
       9075.00   4.97608e-14
       9080.00   3.24163e-14
       9085.00   2.87693e-14
       9090.00   2.88716e-14
       9095.00   2.80654e-14
       9100.00   2.84638e-14
       9105.00   2.81700e-14
       9110.00   2.87223e-14
       9115.00   2.79297e-14
       9120.00   2.70582e-14
       9125.00   3.01971e-14
       9130.00   3.15338e-14
       9135.00   2.99309e-14
       9140.00   2.71443e-14
       9145.00   2.74110e-14
       9150.00   2.62177e-14
       9155.00   2.63838e-14
       9160.00   2.56812e-14
       9165.00   2.68376e-14
       9170.00   2.62191e-14
       9175.00   2.66994e-14
       9180.00   2.48271e-14
       9185.00   2.69690e-14
       9190.00   2.90930e-14
       9195.00   3.13681e-14
       9200.00   2.75331e-14
       9205.00   2.28657e-14
       9210.00   2.28394e-14
       9215.00   2.53408e-14
       9220.00   2.62295e-14
       9225.00   2.69662e-14
       9230.00   2.85127e-14
       9235.00   2.71806e-14
       9240.00   3.13295e-14
       9245.00   2.82165e-14
       9250.00   2.35093e-14
       9255.00   2.49258e-14
       9260.00   2.67457e-14
       9265.00   2.45113e-14
       9270.00   2.52763e-14
       9275.00   2.71567e-14
       9280.00   2.89197e-14
       9285.00   2.97170e-14
       9290.00   2.51805e-14
       9295.00   2.82987e-14
       9300.00   3.21932e-14
       9305.00   3.45178e-14
       9310.00   2.40385e-14
       9315.00   2.02927e-14
       9320.00   2.43106e-14
       9325.00   2.77505e-14
       9330.00   2.78897e-14
       9335.00   2.61011e-14
       9340.00   2.57992e-14
       9345.00   2.58853e-14
       9350.00   2.58394e-14
       9355.00   2.62512e-14
       9360.00   2.55505e-14
       9365.00   3.12253e-14
       9370.00   2.83668e-14
       9375.00   2.44166e-14
       9380.00   2.69179e-14
       9385.00   2.74672e-14
       9390.00   2.62479e-14
       9395.00   2.53235e-14
       9400.00   2.47028e-14
       9405.00   2.60940e-14
       9410.00   2.35941e-14
       9415.00   2.02832e-14
       9420.00   2.32715e-14
       9425.00   2.61928e-14
       9430.00   2.94403e-14
       9435.00   2.80398e-14
       9440.00   2.68510e-14
       9445.00   2.58520e-14
       9450.00   2.61331e-14
       9455.00   2.38808e-14
       9460.00   2.45179e-14
       9465.00   2.62802e-14
       9470.00   2.75623e-14
       9475.00   2.64888e-14
       9480.00   2.81229e-14
       9485.00   2.73963e-14
       9490.00   2.80227e-14
       9495.00   2.81617e-14
       9500.00   2.60828e-14
       9505.00   2.52541e-14
       9510.00   2.70636e-14
       9515.00   2.96767e-14
       9520.00   3.26075e-14
       9525.00   5.95009e-14
       9530.00   1.34218e-13
       9535.00   1.22148e-13
       9540.00   4.15006e-14
       9545.00   2.94726e-14
       9550.00   3.19468e-14
       9555.00   2.86362e-14
       9560.00   2.66375e-14
       9565.00   2.65518e-14
       9570.00   2.60370e-14
       9575.00   2.75420e-14
       9580.00   2.94775e-14
       9585.00   2.87536e-14
       9590.00   2.86044e-14
       9595.00   3.01528e-14
       9600.00   2.97420e-14
       9605.00   2.82789e-14
       9610.00   2.63305e-14
       9615.00   2.22318e-14
       9620.00   2.46421e-14
       9625.00   2.51360e-14
       9630.00   2.78863e-14
       9635.00   2.70405e-14
       9640.00   2.55346e-14
       9645.00   2.57222e-14
       9650.00   2.42228e-14
       9655.00   2.81858e-14
       9660.00   2.58980e-14
       9665.00   2.92450e-14
       9670.00   2.97069e-14
       9675.00   2.53184e-14
       9680.00   2.93181e-14
       9685.00   3.07895e-14
       9690.00   2.92459e-14
       9695.00   2.22395e-14
       9700.00   2.37688e-14
       9705.00   2.82387e-14
       9710.00   3.52289e-14
       9715.00   2.47654e-14
       9720.00   2.73992e-14
       9725.00   3.35330e-14
       9730.00   2.65911e-14
       9735.00   1.90840e-14
       9740.00   2.18212e-14
       9745.00   2.69495e-14
       9750.00   2.79632e-14
       9755.00   3.26027e-14
       9760.00   3.78350e-14
       9765.00   2.95842e-14
       9770.00   2.38518e-14
       9775.00   2.18686e-14
       9780.00   2.49896e-14
       9785.00   2.38041e-14
       9790.00   2.26580e-14
       9795.00   2.87376e-14
       9800.00   3.08194e-14
       9805.00   3.12626e-14
       9810.00   2.74096e-14
       9815.00   3.05141e-14
       9820.00   3.58906e-14
       9825.00   3.89332e-14
       9830.00   3.73772e-14
       9835.00   3.50543e-14
       9840.00   4.00343e-14
       9845.00   3.50098e-14
       9850.00   3.61746e-14
       9855.00   3.28804e-14
       9860.00   3.87274e-14
       9865.00   3.60589e-14
       9870.00   3.91205e-14
       9875.00   4.14536e-14
       9880.00   3.93330e-14
       9885.00   3.40688e-14
       9890.00   3.46892e-14
       9895.00   3.77595e-14
       9900.00   3.64326e-14
       9905.00   3.39902e-14
       9910.00   3.48561e-14
       9915.00   3.51234e-14
       9920.00   3.65919e-14
       9925.00   3.86257e-14
       9930.00   2.06087e-14
       9935.00       0.00000
       9940.00       0.00000
       9945.00       0.00000
