       1235.00   2.07474e-13
       1240.00   2.03489e-13
       1245.00   2.05158e-13
       1250.00   1.89189e-13
       1255.00   1.77746e-13
       1260.00   2.04178e-13
       1265.00   2.24561e-13
       1270.00   2.24313e-13
       1275.00   2.30884e-13
       1280.00   2.29303e-13
       1285.00   2.28320e-13
       1290.00   2.03559e-13
       1295.00   1.79054e-13
       1300.00   1.82339e-13
       1305.00   1.88603e-13
       1310.00   2.15367e-13
       1315.00   2.11594e-13
       1320.00   2.04178e-13
       1325.00   1.91868e-13
       1330.00   1.75984e-13
       1335.00   1.87587e-13
       1340.00   2.04761e-13
       1345.00   1.99423e-13
       1350.00   2.15163e-13
       1355.00   2.06078e-13
       1360.00   2.00626e-13
       1365.00   1.90247e-13
       1370.00   1.88618e-13
       1375.00   1.94177e-13
       1380.00   1.83877e-13
       1385.00   1.58057e-13
       1390.00   1.56570e-13
       1395.00   1.63732e-13
       1400.00   1.57692e-13
       1405.00   1.66404e-13
       1410.00   1.74597e-13
       1415.00   1.68229e-13
       1420.00   1.70413e-13
       1425.00   1.79138e-13
       1430.00   1.77452e-13
       1435.00   1.76760e-13
       1440.00   1.70307e-13
       1445.00   1.87312e-13
       1450.00   1.88235e-13
       1455.00   1.86786e-13
       1460.00   1.93841e-13
       1465.00   1.96593e-13
       1470.00   1.95335e-13
       1475.00   1.96428e-13
       1480.00   1.99301e-13
       1485.00   1.88656e-13
       1490.00   1.89964e-13
       1495.00   1.85163e-13
       1500.00   1.79000e-13
       1505.00   1.90553e-13
       1510.00   1.78410e-13
       1515.00   1.63527e-13
       1520.00   1.60024e-13
       1525.00   1.48636e-13
       1530.00   1.52163e-13
       1535.00   1.41523e-13
       1540.00   1.23927e-13
       1545.00   1.33786e-13
       1550.00   1.55890e-13
       1555.00   1.66266e-13
       1560.00   1.46349e-13
       1565.00   1.52254e-13
       1570.00   1.58968e-13
       1575.00   1.54877e-13
       1580.00   1.54246e-13
       1585.00   1.55915e-13
       1590.00   1.51727e-13
       1595.00   1.52219e-13
       1600.00   1.36277e-13
       1605.00   1.24785e-13
       1610.00   1.19782e-13
       1615.00   1.32914e-13
       1620.00   1.31560e-13
       1625.00   1.44379e-13
       1630.00   1.36203e-13
       1635.00   1.42570e-13
       1640.00   1.43911e-13
       1645.00   1.45541e-13
       1650.00   1.52866e-13
       1655.00   1.53047e-13
       1660.00   1.37391e-13
       1665.00   1.41071e-13
       1670.00   1.39694e-13
       1675.00   1.41169e-13
       1680.00   1.38292e-13
       1685.00   1.38797e-13
       1690.00   1.48622e-13
       1695.00   1.39126e-13
       1700.00   1.45182e-13
       1705.00   1.36420e-13
       1710.00   1.34746e-13
       1715.00   1.31942e-13
       1720.00   1.28327e-13
       1725.00   1.35208e-13
       1730.00   1.46007e-13
       1735.00   1.43494e-13
       1740.00   1.42691e-13
       1745.00   1.40114e-13
       1750.00   1.33661e-13
       1755.00   1.33543e-13
       1760.00   1.30076e-13
       1765.00   1.34054e-13
       1770.00   1.33369e-13
       1775.00   1.30014e-13
       1780.00   1.40730e-13
       1785.00   1.47142e-13
       1790.00   1.31132e-13
       1795.00   1.26539e-13
       1800.00   1.25570e-13
       1805.00   1.30178e-13
       1810.00   1.30462e-13
       1815.00   1.28580e-13
       1820.00   1.26896e-13
       1825.00   1.20706e-13
       1830.00   1.22375e-13
       1835.00   1.26486e-13
       1840.00   1.19687e-13
       1845.00   1.12286e-13
       1850.00   1.13634e-13
       1855.00   1.10842e-13
       1860.00   1.13803e-13
       1865.00   1.19651e-13
       1870.00   1.22238e-13
       1875.00   1.18753e-13
       1880.00   1.21489e-13
       1885.00   1.14877e-13
       1890.00   1.11484e-13
       1895.00   1.10011e-13
       1900.00   1.14492e-13
       1905.00   1.17460e-13
       1910.00   1.10097e-13
       1915.00   9.97239e-14
       1920.00   1.03361e-13
       1925.00   9.84867e-14
       1930.00   1.01253e-13
       1935.00   1.07451e-13
       1940.00   1.05853e-13
       1945.00   1.07751e-13
       1950.00   1.04493e-13
       1955.00   9.81736e-14
       1960.00   9.93855e-14
       1965.00   1.04006e-13
       1970.00   1.26315e-13
       1975.00   1.57439e-13
       1980.00   1.07973e-13
       1985.00   9.50137e-14
       1990.00   8.78269e-14
       1995.00   1.01826e-13
       2000.00   9.74243e-14
       2005.00   1.02697e-13
       2010.00   1.00286e-13
       2015.00   1.18130e-13
       2020.00   1.09298e-13
       2025.00   9.68784e-14
       2030.00   9.26478e-14
       2035.00   1.02386e-13
       2040.00   9.53575e-14
       2045.00   9.04871e-14
       2050.00   8.19461e-14
       2055.00   8.08164e-14
       2060.00   8.48090e-14
       2065.00   9.45994e-14
       2070.00   9.69974e-14
       2075.00   8.82696e-14
       2080.00   1.07602e-13
       2085.00   1.01547e-13
       2090.00   8.44398e-14
       2095.00   9.58071e-14
       2100.00   7.90845e-14
       2105.00   9.54346e-14
       2110.00   8.62012e-14
       2115.00   8.30937e-14
       2120.00   8.83074e-14
       2125.00   9.09817e-14
       2130.00   8.58702e-14
       2135.00   9.23352e-14
       2140.00   9.58873e-14
       2145.00   9.10456e-14
       2150.00   8.93184e-14
       2155.00   7.95939e-14
       2160.00   7.60102e-14
       2165.00   9.37449e-14
       2170.00   9.01280e-14
       2175.00   9.28827e-14
       2180.00   7.30949e-14
       2185.00   8.07779e-14
       2190.00   7.97081e-14
       2195.00   8.87756e-14
       2200.00   8.39609e-14
       2205.00   8.26415e-14
       2210.00   8.16024e-14
       2215.00   7.69625e-14
       2220.00   9.33958e-14
       2225.00   8.19326e-14
       2230.00   7.91046e-14
       2235.00   7.74307e-14
       2240.00   9.21238e-14
       2245.00   8.37861e-14
       2250.00   9.44898e-14
       2255.00   8.04140e-14
       2260.00   8.33252e-14
       2265.00   9.88507e-14
       2270.00   9.25309e-14
       2275.00   7.66885e-14
       2280.00   7.51619e-14
       2285.00   9.08854e-14
       2290.00   8.83647e-14
       2295.00   8.13437e-14
       2300.00   7.18758e-14
       2305.00   7.81414e-14
       2310.00   7.57137e-14
       2315.00   7.79295e-14
       2320.00   8.97384e-14
       2325.00   9.00572e-14
       2330.00   8.36034e-14
       2335.00   8.03746e-14
       2340.00   7.24057e-14
       2345.00   6.44759e-14
       2350.00   7.97752e-14
       2355.00   8.06184e-14
       2360.00   8.94737e-14
       2365.00   7.19638e-14
       2370.00   6.28053e-14
       2375.00   6.89430e-14
       2380.00   6.91723e-14
       2385.00   6.81416e-14
       2390.00   7.45150e-14
       2395.00   8.40707e-14
       2400.00   6.39249e-14
       2405.00   7.76079e-14
       2410.00   8.47694e-14
       2415.00   8.27899e-14
       2420.00   8.90495e-14
       2425.00   9.19092e-14
       2430.00   7.75212e-14
       2435.00   8.94486e-14
       2440.00   8.63460e-14
       2445.00   8.84330e-14
       2450.00   7.62712e-14
       2455.00   8.49456e-14
       2460.00   6.89602e-14
       2465.00   6.85379e-14
       2470.00   7.89107e-14
       2475.00   7.95429e-14
       2480.00   7.39429e-14
       2485.00   7.51468e-14
       2490.00   8.61746e-14
       2495.00   8.34365e-14
       2500.00   7.39429e-14
       2505.00   7.55240e-14
       2510.00   6.38894e-14
       2515.00   6.81800e-14
       2520.00   6.94374e-14
       2525.00   7.35026e-14
       2530.00   7.32436e-14
       2535.00   6.83083e-14
       2540.00   6.86954e-14
       2545.00   6.77175e-14
       2550.00   6.76062e-14
       2555.00   6.88656e-14
       2560.00   7.69115e-14
       2565.00   7.13112e-14
       2570.00   7.92324e-14
       2575.00   6.59429e-14
       2580.00   5.89954e-14
       2585.00   6.24391e-14
       2590.00   6.20193e-14
       2595.00   5.96726e-14
       2600.00   6.57271e-14
       2605.00   6.81776e-14
       2610.00   7.06082e-14
       2615.00   7.27078e-14
       2620.00   6.44019e-14
       2625.00   7.14236e-14
       2630.00   6.37151e-14
       2635.00   6.96740e-14
       2640.00   7.55861e-14
       2645.00   7.25636e-14
       2650.00   7.12593e-14
       2655.00   6.51626e-14
       2660.00   6.37128e-14
       2665.00   7.24585e-14
       2670.00   7.51170e-14
       2675.00   7.66747e-14
       2680.00   7.30418e-14
       2685.00   6.18734e-14
       2690.00   6.85548e-14
       2695.00   7.03995e-14
       2700.00   5.80942e-14
       2705.00   5.90052e-14
       2710.00   5.40058e-14
       2715.00   7.00350e-14
       2720.00   6.96493e-14
       2725.00   6.22415e-14
       2730.00   5.85766e-14
       2735.00   6.27116e-14
       2740.00   6.69463e-14
       2745.00   6.22885e-14
       2750.00   7.55856e-14
       2755.00   7.42509e-14
       2760.00   6.78473e-14
       2765.00   6.84977e-14
       2770.00   6.80922e-14
       2775.00   5.70111e-14
       2780.00   6.04793e-14
       2785.00   5.90389e-14
       2790.00   4.72902e-14
       2795.00   5.04819e-14
       2800.00   5.02706e-14
       2805.00   5.77953e-14
       2810.00   5.37234e-14
       2815.00   5.43598e-14
       2820.00   6.18578e-14
       2825.00   6.13023e-14
       2830.00   6.65069e-14
       2835.00   6.08718e-14
       2840.00   5.48609e-14
       2845.00   5.22011e-14
       2850.00   5.05069e-14
       2855.00   5.15730e-14
       2860.00   6.59390e-14
       2865.00   6.08230e-14
       2870.00   6.42054e-14
       2875.00   6.00778e-14
       2880.00   5.71401e-14
       2885.00   5.67104e-14
       2890.00   5.74909e-14
       2895.00   5.72830e-14
       2900.00   5.26186e-14
       2905.00   6.19706e-14
       2910.00   5.84387e-14
       2915.00   5.13001e-14
       2920.00   5.71932e-14
       2925.00   5.28350e-14
       2930.00   6.14855e-14
       2935.00   5.31280e-14
       2940.00   5.40658e-14
       2945.00   5.85855e-14
       2950.00   5.40065e-14
       2955.00   5.68228e-14
       2960.00   5.47549e-14
       2965.00   5.13060e-14
       2970.00   5.32837e-14
       2975.00   5.65363e-14
       2980.00   5.70872e-14
       2985.00   5.43251e-14
       2990.00   5.62448e-14
       2995.00   5.00058e-14
       3000.00   4.78376e-14
       3005.00   5.09548e-14
       3010.00   5.13471e-14
       3015.00   5.62922e-14
       3020.00   5.08854e-14
       3025.00   5.47223e-14
       3030.00   4.65428e-14
       3035.00   4.91434e-14
       3040.00   4.34488e-14
       3045.00   4.68095e-14
       3050.00   4.41599e-14
       3055.00   5.10718e-14
       3060.00   5.28572e-14
       3065.00   6.10379e-14
       3070.00   5.16324e-14
       3075.00   4.67763e-14
       3080.00   5.58150e-14
       3085.00   4.35632e-14
       3090.00   5.70502e-14
       3095.00   5.43917e-14
       3100.00   4.98253e-14
       3105.00   4.46429e-14
       3110.00   5.84173e-14
       3115.00   4.96615e-14
       3120.00   5.79884e-14
       3125.00   3.95298e-14
       3130.00   4.78588e-14
       3135.00   4.76157e-14
       3140.00   4.83253e-14
       3145.00   5.45332e-14
       3150.00   4.90773e-14
       3155.00   4.29396e-14
       3160.00   3.79468e-14
       3165.00   3.82935e-14
       3170.00   4.91903e-14
       3175.00   6.86596e-14
       3180.00   8.05686e-14
       3185.00   2.52722e-14
       3190.00   5.07198e-14
       3195.00   4.41615e-14
       3200.00   5.77762e-14
       3205.00   7.11980e-14
       3210.00   5.87972e-14
       3215.00   5.28172e-14
       3220.00   6.00024e-14
       3225.00   4.65670e-14
       3230.00   5.21837e-14
       3235.00   4.13827e-14
       3240.00   6.06915e-14
       3245.00   5.44665e-14
       3250.00   7.06156e-14
       3255.00   6.97023e-14
       3260.00   6.78473e-14
       3265.00   6.71007e-14
       3270.00   4.99275e-14
       3275.00   4.66249e-14
       3280.00   6.16456e-14
       3285.00   5.67588e-14
       3290.00   6.27244e-14
       3295.00   5.25997e-14
       3300.00   5.66099e-14
       3305.00   5.84358e-14
       3310.00   6.49634e-14
       3315.00   4.60721e-14
       3320.00   4.75514e-14
       3325.00   5.22258e-14
       3330.00   6.08814e-14
       3335.00   6.83506e-14
       3340.00   6.00024e-14
       3345.00   4.54327e-14
       3350.00   4.74713e-14
       3355.00   5.37306e-14
       3360.00   6.03734e-14
       3365.00   4.36164e-14
       3370.00   9.89643e-14
       3375.00   9.55531e-14
       3380.00   5.27619e-14
       3385.00   5.04654e-14
       3390.00   5.08613e-14
       3395.00   6.36752e-14
       3400.00   5.87833e-14
       3405.00   5.64122e-14
       3410.00   5.65627e-14
       3415.00   6.31383e-14
       3420.00   5.15427e-14
       3425.00   5.48082e-14
       3430.00   5.61558e-14
       3435.00   4.69320e-14
       3440.00   4.57864e-14
       3445.00   5.26904e-14
       3450.00   5.39284e-14
       3455.00   4.54544e-14
       3460.00   4.89083e-14
       3465.00   5.04278e-14
       3470.00   5.31623e-14
       3475.00   6.03511e-14
       3480.00   5.22265e-14
       3485.00   5.06438e-14
       3490.00   5.25548e-14
       3495.00   5.59790e-14
       3500.00   5.39599e-14
       3505.00   5.52591e-14
       3510.00   5.08100e-14
       3515.00   4.93770e-14
       3520.00   4.79170e-14
       3525.00   5.31536e-14
       3530.00   6.07018e-14
       3535.00   5.24459e-14
       3540.00   4.90303e-14
       3545.00   4.60858e-14
       3550.00   5.57548e-14
       3555.00   6.18866e-14
       3560.00   4.67775e-14
       3565.00   4.62374e-14
       3570.00   4.45669e-14
       3575.00   4.45831e-14
       3580.00   5.25816e-14
       3585.00   4.49627e-14
       3590.00   5.25181e-14
       3595.00   5.06468e-14
       3600.00   4.72491e-14
       3605.00   4.73853e-14
       3610.00   4.89164e-14
       3615.00   4.28114e-14
       3620.00   4.67881e-14
       3625.00   5.05451e-14
       3630.00   4.76620e-14
       3635.00   4.43114e-14
       3640.00   4.67986e-14
       3645.00   4.88681e-14
       3650.00   4.44949e-14
       3655.00   3.90975e-14
       3660.00   4.53198e-14
       3665.00   4.11308e-14
       3670.00   4.64239e-14
       3675.00   4.89014e-14
       3680.00   4.87546e-14
       3685.00   4.89426e-14
       3690.00   4.24064e-14
       3695.00   4.94031e-14
       3700.00   5.11982e-14
       3705.00   4.79343e-14
       3710.00   4.81191e-14
       3715.00   5.68667e-14
       3720.00   1.11047e-13
       3725.00   2.39760e-13
       3730.00   2.31044e-13
       3735.00   1.34566e-13
       3740.00   9.59930e-14
       3745.00   6.01766e-14
       3750.00   4.87371e-14
       3755.00   5.01325e-14
       3760.00   4.93641e-14
       3765.00   4.97474e-14
       3770.00   4.88035e-14
       3775.00   4.82817e-14
       3780.00   5.30585e-14
       3785.00   5.02222e-14
       3790.00   4.94264e-14
       3795.00   4.94497e-14
       3800.00   4.81557e-14
       3805.00   5.06299e-14
       3810.00   5.28786e-14
       3815.00   5.23226e-14
       3820.00   5.21309e-14
       3825.00   4.59086e-14
       3830.00   4.68178e-14
       3835.00   5.15616e-14
       3840.00   5.29526e-14
       3845.00   5.09310e-14
       3850.00   4.84604e-14
       3855.00   5.32158e-14
       3860.00   5.80942e-14
       3865.00   7.66150e-14
       3870.00   8.26388e-14
       3875.00   6.52878e-14
       3880.00   6.28117e-14
       3885.00   6.14237e-14
       3890.00   5.96519e-14
       3895.00   5.61236e-14
       3900.00   5.24492e-14
       3905.00   5.11862e-14
       3910.00   5.13659e-14
       3915.00   4.94630e-14
       3920.00   5.24280e-14
       3925.00   5.18961e-14
       3930.00   5.03402e-14
       3935.00   4.61884e-14
       3940.00   4.83516e-14
       3945.00   5.29725e-14
       3950.00   5.33161e-14
       3955.00   5.24552e-14
       3960.00   5.07953e-14
       3965.00   6.12119e-14
       3970.00   6.41700e-14
       3975.00   5.68001e-14
       3980.00   5.51259e-14
       3985.00   5.15712e-14
       3990.00   5.00846e-14
       3995.00   5.08650e-14
       4000.00   5.29050e-14
       4005.00   5.29273e-14
       4010.00   5.40396e-14
       4015.00   5.39745e-14
       4020.00   5.47018e-14
       4025.00   5.21460e-14
       4030.00   4.90364e-14
       4035.00   5.00604e-14
       4040.00   5.33236e-14
       4045.00   5.27589e-14
       4050.00   5.32982e-14
       4055.00   5.40207e-14
       4060.00   5.04349e-14
       4065.00   4.92258e-14
       4070.00   5.10982e-14
       4075.00   4.89770e-14
       4080.00   4.64753e-14
       4085.00   4.76742e-14
       4090.00   4.79484e-14
       4095.00   5.31644e-14
       4100.00   6.51440e-14
       4105.00   5.95421e-14
       4110.00   5.46292e-14
       4115.00   5.19906e-14
       4120.00   5.02070e-14
       4125.00   5.10305e-14
       4130.00   5.07891e-14
       4135.00   4.78913e-14
       4140.00   4.64859e-14
       4145.00   4.64683e-14
       4150.00   4.60660e-14
       4155.00   4.57186e-14
       4160.00   4.83729e-14
       4165.00   4.68454e-14
       4170.00   4.59373e-14
       4175.00   4.49843e-14
       4180.00   4.83147e-14
       4185.00   5.10267e-14
       4190.00   5.08879e-14
       4195.00   4.79219e-14
       4200.00   4.83623e-14
       4205.00   4.89701e-14
       4210.00   4.94149e-14
       4215.00   4.76807e-14
       4220.00   4.77634e-14
       4225.00   4.72151e-14
       4230.00   4.64112e-14
       4235.00   4.71874e-14
       4240.00   4.47368e-14
       4245.00   4.48192e-14
       4250.00   4.75382e-14
       4255.00   4.71573e-14
       4260.00   4.70371e-14
       4265.00   5.05833e-14
       4270.00   5.05322e-14
       4275.00   5.02183e-14
       4280.00   4.76944e-14
       4285.00   4.63290e-14
       4290.00   4.55457e-14
       4295.00   4.44373e-14
       4300.00   4.23728e-14
       4305.00   4.23982e-14
       4310.00   4.40220e-14
       4315.00   4.56720e-14
       4320.00   4.76840e-14
       4325.00   4.67950e-14
       4330.00   4.84430e-14
       4335.00   6.47811e-14
       4340.00   8.23706e-14
       4345.00   6.23827e-14
       4350.00   5.58188e-14
       4355.00   5.44426e-14
       4360.00   4.94595e-14
       4365.00   4.71949e-14
       4370.00   4.64823e-14
       4375.00   4.51392e-14
       4380.00   4.48905e-14
       4385.00   4.44733e-14
       4390.00   4.42238e-14
       4395.00   4.70535e-14
       4400.00   4.55478e-14
       4405.00   4.28397e-14
       4410.00   4.22610e-14
       4415.00   4.24830e-14
       4420.00   4.26960e-14
       4425.00   4.51410e-14
       4430.00   4.16584e-14
       4435.00   4.10597e-14
       4440.00   4.27438e-14
       4445.00   4.41114e-14
       4450.00   4.42771e-14
       4455.00   4.31459e-14
       4460.00   4.16943e-14
       4465.00   4.27755e-14
       4470.00   4.72321e-14
       4475.00   4.72719e-14
       4480.00   4.49382e-14
       4485.00   4.32558e-14
       4490.00   4.14033e-14
       4495.00   4.41015e-14
       4500.00   4.53781e-14
       4505.00   4.54934e-14
       4510.00   4.55364e-14
       4515.00   4.54754e-14
       4520.00   4.28498e-14
       4525.00   4.35188e-14
       4530.00   4.33974e-14
       4535.00   4.24840e-14
       4540.00   4.32421e-14
       4545.00   4.15749e-14
       4550.00   4.13215e-14
       4555.00   4.25828e-14
       4560.00   4.25265e-14
       4565.00   4.25104e-14
       4570.00   4.24322e-14
       4575.00   4.18506e-14
       4580.00   4.28392e-14
       4585.00   3.98054e-14
       4590.00   3.93552e-14
       4595.00   4.19160e-14
       4600.00   4.07879e-14
       4605.00   4.19429e-14
       4610.00   4.08232e-14
       4615.00   4.09568e-14
       4620.00   4.20758e-14
       4625.00   4.15006e-14
       4630.00   3.99862e-14
       4635.00   4.09208e-14
       4640.00   4.26006e-14
       4645.00   4.44541e-14
       4650.00   4.33174e-14
       4655.00   4.24132e-14
       4660.00   4.36395e-14
       4665.00   4.48692e-14
       4670.00   4.31769e-14
       4675.00   4.19065e-14
       4680.00   4.42968e-14
       4685.00   4.48306e-14
       4690.00   4.38465e-14
       4695.00   4.43667e-14
       4700.00   4.39947e-14
       4705.00   4.20174e-14
       4710.00   4.36449e-14
       4715.00   4.25617e-14
       4720.00   4.06924e-14
       4725.00   3.99206e-14
       4730.00   4.09574e-14
       4735.00   4.08740e-14
       4740.00   4.07667e-14
       4745.00   3.91821e-14
       4750.00   4.04261e-14
       4755.00   3.87773e-14
       4760.00   3.97118e-14
       4765.00   3.83256e-14
       4770.00   4.01153e-14
       4775.00   4.27705e-14
       4780.00   4.12914e-14
       4785.00   3.96382e-14
       4790.00   4.04611e-14
       4795.00   4.04419e-14
       4800.00   3.88584e-14
       4805.00   3.97559e-14
       4810.00   4.04050e-14
       4815.00   4.07484e-14
       4820.00   3.96800e-14
       4825.00   3.78952e-14
       4830.00   3.79241e-14
       4835.00   3.82951e-14
       4840.00   3.82489e-14
       4845.00   3.91095e-14
       4850.00   4.27355e-14
       4855.00   7.54572e-14
       4860.00   1.36914e-13
       4865.00   1.09784e-13
       4870.00   6.56195e-14
       4875.00   6.46870e-14
       4880.00   5.11771e-14
       4885.00   4.23384e-14
       4890.00   3.96947e-14
       4895.00   3.99704e-14
       4900.00   3.96800e-14
       4905.00   3.80410e-14
       4910.00   3.90247e-14
       4915.00   3.84995e-14
       4920.00   3.65527e-14
       4925.00   3.76814e-14
       4930.00   4.00910e-14
       4935.00   3.89970e-14
       4940.00   3.96165e-14
       4945.00   4.16431e-14
       4950.00   5.76552e-14
       4955.00   1.38393e-13
       4960.00   1.79743e-13
       4965.00   1.00733e-13
       4970.00   6.81735e-14
       4975.00   6.23469e-14
       4980.00   4.60725e-14
       4985.00   4.15905e-14
       4990.00   4.43340e-14
       4995.00   5.61532e-14
       5000.00   1.64953e-13
       5005.00   4.47107e-13
       5010.00   3.99768e-13
       5015.00   1.64103e-13
       5020.00   1.29652e-13
       5025.00   8.67961e-14
       5030.00   4.99654e-14
       5035.00   4.35643e-14
       5040.00   4.01306e-14
       5045.00   3.91452e-14
       5050.00   3.84592e-14
       5055.00   3.81192e-14
       5060.00   3.71359e-14
       5065.00   3.47185e-14
       5070.00   3.57092e-14
       5075.00   3.77628e-14
       5080.00   3.63408e-14
       5085.00   3.67376e-14
       5090.00   3.69735e-14
       5095.00   3.54297e-14
       5100.00   3.65898e-14
       5105.00   3.52951e-14
       5110.00   3.60614e-14
       5115.00   3.69104e-14
       5120.00   3.78408e-14
       5125.00   3.68782e-14
       5130.00   3.55754e-14
       5135.00   3.48393e-14
       5140.00   3.54449e-14
       5145.00   3.37315e-14
       5150.00   3.63972e-14
       5155.00   3.66196e-14
       5160.00   3.46445e-14
       5165.00   3.43321e-14
       5170.00   3.59481e-14
       5175.00   3.42907e-14
       5180.00   3.41356e-14
       5185.00   3.33929e-14
       5190.00   3.37934e-14
       5195.00   3.59148e-14
       5200.00   3.51109e-14
       5205.00   3.23933e-14
       5210.00   3.39043e-14
       5215.00   3.39130e-14
       5220.00   3.38229e-14
       5225.00   3.42320e-14
       5230.00   3.26236e-14
       5235.00   3.25492e-14
       5240.00   3.53284e-14
       5245.00   3.47842e-14
       5250.00   3.28968e-14
       5255.00   3.42610e-14
       5260.00   3.47400e-14
       5265.00   3.46267e-14
       5270.00   3.37560e-14
       5275.00   3.32598e-14
       5280.00   3.24500e-14
       5285.00   3.26078e-14
       5290.00   2.91493e-14
       5295.00   3.40072e-14
       5300.00   3.43211e-14
       5305.00   2.76374e-14
       5310.00   2.94069e-14
       5315.00   3.17277e-14
       5320.00   3.19518e-14
       5325.00   3.12510e-14
       5330.00   3.22578e-14
       5335.00   3.29882e-14
       5340.00   3.20472e-14
       5345.00   3.29227e-14
       5350.00   3.50985e-14
       5355.00   3.39998e-14
       5360.00   3.49466e-14
       5365.00   3.31379e-14
       5370.00   3.32619e-14
       5375.00   3.36987e-14
       5380.00   3.41568e-14
       5385.00   3.46303e-14
       5390.00   3.59545e-14
       5395.00   3.48607e-14
       5400.00   3.10190e-14
       5405.00   3.25280e-14
       5410.00   3.35997e-14
       5415.00   2.82913e-14
       5420.00   2.64975e-14
       5425.00   3.41671e-14
       5430.00   2.13013e-14
       5435.00   2.26975e-14
       5440.00   3.10666e-14
       5445.00   2.58909e-14
       5450.00   3.05121e-14
       5455.00   3.40090e-14
       5460.00   3.05684e-14
       5465.00   2.94489e-14
       5470.00   3.15396e-14
       5475.00   3.17592e-14
       5480.00   2.58455e-14
       5485.00   2.56395e-14
       5490.00   2.72880e-14
       5495.00   2.87054e-14
       5500.00   2.78121e-14
       5505.00   2.76558e-14
       5510.00   2.78414e-14
       5515.00   3.34262e-14
       5520.00   3.52646e-14
       5525.00   3.56608e-14
       5530.00   3.16698e-14
       5535.00   3.30790e-14
       5540.00   3.59804e-14
       5545.00   3.27335e-14
       5550.00   2.86035e-14
       5555.00   2.89629e-14
       5560.00   3.16550e-14
       5565.00   3.13380e-14
       5570.00   3.22014e-14
       5575.00   3.31321e-14
       5580.00   3.22963e-14
       5585.00   3.08329e-14
       5590.00   2.94286e-14
       5595.00   2.94198e-14
       5600.00   3.20684e-14
       5605.00   3.04387e-14
       5610.00   2.99745e-14
       5615.00   3.29010e-14
       5620.00   3.08652e-14
       5625.00   3.23254e-14
       5630.00   3.11988e-14
       5635.00   3.08803e-14
       5640.00   3.17239e-14
       5645.00   3.31118e-14
       5650.00   3.44574e-14
       5655.00   3.37229e-14
       5660.00   3.18087e-14
       5665.00   3.27640e-14
       5670.00   2.90263e-14
       5675.00   2.78298e-14
       5680.00   3.08280e-14
       5685.00   3.04553e-14
       5690.00   2.82689e-14
       5695.00   3.05430e-14
       5700.00   2.78226e-14
       5705.00   3.00733e-14
       5710.00   3.03992e-14
       5715.00   3.09218e-14
       5720.00   3.27363e-14
       5725.00   2.99534e-14
       5730.00   2.89986e-14
       5735.00   2.93272e-14
       5740.00   3.30966e-14
       5745.00   3.29896e-14
       5750.00   3.19048e-14
       5755.00   3.08425e-14
       5760.00   3.46127e-14
       5765.00   3.26454e-14
       5770.00   2.94077e-14
       5775.00   2.98301e-14
       5780.00   3.05790e-14
       5785.00   3.14526e-14
       5790.00   3.19220e-14
       5795.00   3.02538e-14
       5800.00   2.95084e-14
       5805.00   2.98569e-14
       5810.00   3.17608e-14
       5815.00   3.18450e-14
       5820.00   3.10825e-14
       5825.00   2.99500e-14
       5830.00   3.21260e-14
       5835.00   2.99025e-14
       5840.00   2.85966e-14
       5845.00   2.99391e-14
       5850.00   2.97726e-14
       5855.00   3.08717e-14
       5860.00   3.20472e-14
       5865.00   3.25898e-14
       5870.00   3.52699e-14
       5875.00   3.91411e-14
       5880.00   3.59696e-14
       5885.00   3.17194e-14
       5890.00   3.08396e-14
       5895.00   2.91056e-14
       5900.00   3.01973e-14
       5905.00   2.90526e-14
       5910.00   2.80548e-14
       5915.00   3.10768e-14
       5920.00   3.01973e-14
       5925.00   2.93423e-14
       5930.00   2.96815e-14
       5935.00   3.03491e-14
       5940.00   3.20208e-14
       5945.00   2.84526e-14
       5950.00   2.87700e-14
       5955.00   2.72546e-14
       5960.00   2.90154e-14
       5965.00   2.86895e-14
       5970.00   2.91090e-14
       5975.00   2.97473e-14
       5980.00   3.18458e-14
       5985.00   3.12030e-14
       5990.00   2.89289e-14
       5995.00   3.02938e-14
       6000.00   2.81355e-14
       6005.00   2.69010e-14
       6010.00   2.83659e-14
       6015.00   3.00252e-14
       6020.00   2.93863e-14
       6025.00   3.04227e-14
       6030.00   3.01369e-14
       6035.00   2.96076e-14
       6040.00   2.82785e-14
       6045.00   2.83397e-14
       6050.00   2.84916e-14
       6055.00   2.98737e-14
       6060.00   3.16178e-14
       6065.00   3.02787e-14
       6070.00   2.98012e-14
       6075.00   3.22976e-14
       6080.00   3.17239e-14
       6085.00   3.17987e-14
       6090.00   2.92349e-14
       6095.00   2.91277e-14
       6100.00   2.94129e-14
       6105.00   3.11782e-14
       6110.00   2.84863e-14
       6115.00   3.05389e-14
       6120.00   3.14483e-14
       6125.00   2.95984e-14
       6130.00   3.06018e-14
       6135.00   2.85079e-14
       6140.00   2.96249e-14
       6145.00   3.07107e-14
       6150.00   2.77776e-14
       6155.00   2.76176e-14
       6160.00   2.82679e-14
       6165.00   2.83003e-14
       6170.00   2.87426e-14
       6175.00   2.80682e-14
       6180.00   3.13157e-14
       6185.00   2.72511e-14
       6190.00   2.76543e-14
       6195.00   2.87067e-14
       6200.00   2.91849e-14
       6205.00   2.75247e-14
       6210.00   2.63592e-14
       6215.00   2.76475e-14
       6220.00   2.67149e-14
       6225.00   2.52063e-14
       6230.00   2.73086e-14
       6235.00   2.81403e-14
       6240.00   2.64021e-14
       6245.00   2.68902e-14
       6250.00   2.52815e-14
       6255.00   2.53854e-14
       6260.00   2.83104e-14
       6265.00   2.90858e-14
       6270.00   2.88837e-14
       6275.00   2.91992e-14
       6280.00   2.71918e-14
       6285.00   2.60378e-14
       6290.00   2.87376e-14
       6295.00   3.16106e-14
       6300.00   3.21426e-14
       6305.00   3.21674e-14
       6310.00   3.06615e-14
       6315.00   2.90156e-14
       6320.00   2.89464e-14
       6325.00   3.02320e-14
       6330.00   2.83682e-14
       6335.00   2.89416e-14
       6340.00   2.90736e-14
       6345.00   2.75374e-14
       6350.00   2.61481e-14
       6355.00   2.66084e-14
       6360.00   2.94817e-14
       6365.00   3.05493e-14
       6370.00   3.05885e-14
       6375.00   2.95094e-14
       6380.00   2.72291e-14
       6385.00   2.47765e-14
       6390.00   2.58856e-14
       6395.00   2.54651e-14
       6400.00   2.56283e-14
       6405.00   2.67048e-14
       6410.00   2.36040e-14
       6415.00   2.43672e-14
       6420.00   2.49392e-14
       6425.00   2.27759e-14
       6430.00   2.33198e-14
       6435.00   2.73540e-14
       6440.00   2.64657e-14
       6445.00   2.55928e-14
       6450.00   2.64961e-14
       6455.00   2.78117e-14
       6460.00   2.78226e-14
       6465.00   2.87918e-14
       6470.00   2.71562e-14
       6475.00   2.79490e-14
       6480.00   2.69057e-14
       6485.00   2.61625e-14
       6490.00   2.67443e-14
       6495.00   2.81123e-14
       6500.00   2.73086e-14
       6505.00   2.61676e-14
       6510.00   2.54660e-14
       6515.00   2.79345e-14
       6520.00   2.55222e-14
       6525.00   2.81201e-14
       6530.00   3.11058e-14
       6535.00   3.37956e-14
       6540.00   3.53124e-14
       6545.00   4.43235e-14
       6550.00   1.02541e-13
       6555.00   1.86403e-13
       6560.00   2.12394e-13
       6565.00   2.61114e-13
       6570.00   1.85419e-13
       6575.00   1.07013e-13
       6580.00   1.45129e-13
       6585.00   1.14059e-13
       6590.00   5.24103e-14
       6595.00   3.84409e-14
       6600.00   4.29929e-14
       6605.00   3.75197e-14
       6610.00   2.74102e-14
       6615.00   2.57873e-14
       6620.00   2.69322e-14
       6625.00   2.63382e-14
       6630.00   2.64239e-14
       6635.00   2.61299e-14
       6640.00   2.52943e-14
       6645.00   2.72863e-14
       6650.00   2.60428e-14
       6655.00   2.40365e-14
       6660.00   2.30044e-14
       6665.00   2.32825e-14
       6670.00   2.74384e-14
       6675.00   3.08912e-14
       6680.00   2.98847e-14
       6685.00   2.95764e-14
       6690.00   2.60711e-14
       6695.00   2.65492e-14
       6700.00   2.75365e-14
       6705.00   3.03186e-14
       6710.00   4.25484e-14
       6715.00   5.16456e-14
       6720.00   5.42248e-14
       6725.00   5.02631e-14
       6730.00   5.03018e-14
       6735.00   4.88747e-14
       6740.00   3.80209e-14
       6745.00   3.32779e-14
       6750.00   3.20307e-14
       6755.00   2.87415e-14
       6760.00   2.50558e-14
       6765.00   2.35215e-14
       6770.00   2.42757e-14
       6775.00   2.96442e-14
       6780.00   3.03511e-14
       6785.00   2.35741e-14
       6790.00   2.34065e-14
       6795.00   2.47824e-14
       6800.00   2.51883e-14
       6805.00   2.70305e-14
       6810.00   2.45620e-14
       6815.00   2.25788e-14
       6820.00   2.14779e-14
       6825.00   2.62208e-14
       6830.00   2.77474e-14
       6835.00   2.42709e-14
       6840.00   2.10380e-14
       6845.00   2.18241e-14
       6850.00   3.10368e-14
       6855.00   3.64711e-14
       6860.00   2.30044e-14
       6865.00   2.28339e-14
       6870.00   2.33835e-14
       6875.00   2.41650e-14
       6880.00   2.13825e-14
       6885.00   2.48037e-14
       6890.00   2.63609e-14
       6895.00   2.72861e-14
       6900.00   2.58349e-14
       6905.00   2.50454e-14
       6910.00   2.66254e-14
       6915.00   2.18466e-14
       6920.00   2.33172e-14
       6925.00   2.61026e-14
       6930.00   2.52948e-14
       6935.00   2.30719e-14
       6940.00   1.76880e-14
       6945.00   2.46229e-14
       6950.00   2.19932e-14
       6955.00   2.06638e-14
       6960.00   2.32112e-14
       6965.00   2.22513e-14
       6970.00   2.18304e-14
       6975.00   2.71982e-14
       6980.00   2.38048e-14
       6985.00   2.60454e-14
       6990.00   2.66684e-14
       6995.00   2.98975e-14
       7000.00   1.86420e-14
       7005.00   1.60427e-14
       7010.00   2.81997e-14
       7015.00   2.95187e-14
       7020.00   2.39851e-14
       7025.00   2.60506e-14
       7030.00   2.76997e-14
       7035.00   2.73336e-14
       7040.00   2.44727e-14
       7045.00   2.94060e-14
       7050.00   2.30999e-14
       7055.00   2.25033e-14
       7060.00   2.31476e-14
       7065.00   2.77477e-14
       7070.00   2.99903e-14
       7075.00   2.95397e-14
       7080.00   2.72608e-14
       7085.00   3.16161e-14
       7090.00   3.45729e-14
       7095.00   3.03082e-14
       7100.00   1.67074e-14
       7105.00   2.03094e-14
       7110.00   2.76326e-14
       7115.00   2.56004e-14
       7120.00   2.42712e-14
       7125.00   2.72389e-14
       7130.00   3.69405e-14
       7135.00   4.59069e-14
       7140.00   3.21904e-14
       7145.00   1.66145e-14
       7150.00   2.22097e-14
       7155.00   2.35879e-14
       7160.00   1.68028e-14
       7165.00   2.10114e-14
       7170.00   1.96267e-14
       7175.00   2.18802e-14
       7180.00   2.99799e-14
       7185.00   3.05428e-14
       7190.00   2.44192e-14
       7195.00   2.20265e-14
       7200.00   1.84990e-14
       7205.00   1.96184e-14
       7210.00   2.53146e-14
       7215.00   2.31038e-14
       7220.00   1.83188e-14
       7225.00   2.66181e-14
       7230.00   3.30576e-14
       7235.00   1.56848e-14
       7240.00   2.06775e-14
       7245.00   2.71089e-14
       7250.00   3.00748e-14
       7255.00   3.75716e-14
       7260.00   2.81566e-14
       7265.00   2.76096e-14
       7270.00   3.00774e-14
       7275.00   2.78468e-14
       7280.00   2.25751e-14
       7285.00   2.08505e-14
       7290.00   1.75632e-14
       7295.00   2.35115e-14
       7300.00   2.36617e-14
       7305.00   2.20601e-14
       7310.00   2.32068e-14
       7315.00   2.73888e-14
       7320.00   2.73828e-14
       7325.00   2.64149e-14
       7330.00   2.53850e-14
       7335.00   2.36513e-14
       7340.00   2.33543e-14
       7345.00   2.14878e-14
       7350.00   2.35031e-14
       7355.00   2.28838e-14
       7360.00   2.37678e-14
       7365.00   2.30204e-14
       7370.00   2.35964e-14
       7375.00   2.37234e-14
       7380.00   2.45575e-14
       7385.00   2.30892e-14
       7390.00   2.23289e-14
       7395.00   2.26773e-14
       7400.00   2.29938e-14
       7405.00   2.22795e-14
       7410.00   2.23768e-14
       7415.00   2.30995e-14
       7420.00   2.18012e-14
       7425.00   2.28332e-14
       7430.00   2.20387e-14
       7435.00   2.20992e-14
       7440.00   2.19709e-14
       7445.00   2.40893e-14
       7450.00   2.26810e-14
       7455.00   1.90612e-14
       7460.00   2.05980e-14
       7465.00   2.26357e-14
       7470.00   2.24821e-14
       7475.00   2.29420e-14
       7480.00   2.24478e-14
       7485.00   2.22767e-14
       7490.00   2.21256e-14
       7495.00   2.26705e-14
       7500.00   2.10962e-14
       7505.00   2.25787e-14
       7510.00   2.28741e-14
       7515.00   2.21997e-14
       7520.00   2.15627e-14
       7525.00   2.20670e-14
       7530.00   2.25644e-14
       7535.00   2.19643e-14
       7540.00   2.31105e-14
       7545.00   2.17748e-14
       7550.00   2.29374e-14
       7555.00   2.34471e-14
       7560.00   2.33172e-14
       7565.00   2.51102e-14
       7570.00   2.36992e-14
       7575.00   2.05176e-14
       7580.00   2.01421e-14
       7585.00   2.12787e-14
       7590.00   2.25779e-14
       7595.00   2.27338e-14
       7600.00   2.37942e-14
       7605.00   2.28423e-14
       7610.00   2.09566e-14
       7615.00   1.98169e-14
       7620.00   2.35769e-14
       7625.00   2.30829e-14
       7630.00   2.31734e-14
       7635.00   2.21976e-14
       7640.00   2.35557e-14
       7645.00   2.20550e-14
       7650.00   2.09576e-14
       7655.00   2.02946e-14
       7660.00   2.21723e-14
       7665.00   2.20151e-14
       7670.00   2.38137e-14
       7675.00   2.25762e-14
       7680.00   2.21723e-14
       7685.00   2.18293e-14
       7690.00   2.18210e-14
       7695.00   2.21083e-14
       7700.00   2.39585e-14
       7705.00   2.24059e-14
       7710.00   2.19612e-14
       7715.00   2.09785e-14
       7720.00   2.16793e-14
       7725.00   2.23297e-14
       7730.00   2.26248e-14
       7735.00   2.29734e-14
       7740.00   2.20610e-14
       7745.00   2.58273e-14
       7750.00   2.43276e-14
       7755.00   2.31865e-14
       7760.00   2.34231e-14
       7765.00   2.29478e-14
       7770.00   2.21217e-14
       7775.00   2.06107e-14
       7780.00   2.07994e-14
       7785.00   2.08522e-14
       7790.00   2.26226e-14
       7795.00   2.22394e-14
       7800.00   2.21723e-14
       7805.00   2.23298e-14
       7810.00   2.28460e-14
       7815.00   2.15761e-14
       7820.00   2.12659e-14
       7825.00   2.21090e-14
       7830.00   2.15349e-14
       7835.00   2.36555e-14
       7840.00   2.39003e-14
       7845.00   2.23577e-14
       7850.00   1.85037e-14
       7855.00   2.10928e-14
       7860.00   2.28243e-14
       7865.00   2.26859e-14
       7870.00   2.28758e-14
       7875.00   2.14681e-14
       7880.00   2.18383e-14
       7885.00   1.94838e-14
       7890.00   2.02711e-14
       7895.00   2.20476e-14
       7900.00   2.11068e-14
       7905.00   2.24030e-14
       7910.00   2.23110e-14
       7915.00   2.24602e-14
       7920.00   2.11599e-14
       7925.00   2.04568e-14
       7930.00   2.09855e-14
       7935.00   1.98837e-14
       7940.00   1.96651e-14
       7945.00   2.06605e-14
       7950.00   2.05672e-14
       7955.00   2.17677e-14
       7960.00   2.03595e-14
       7965.00   2.08547e-14
       7970.00   2.01984e-14
       7975.00   1.93146e-14
       7980.00   2.08842e-14
       7985.00   2.05322e-14
       7990.00   2.00910e-14
       7995.00   1.99619e-14
       8000.00   2.05132e-14
       8005.00   2.09167e-14
       8010.00   2.00736e-14
       8015.00   2.04856e-14
       8020.00   2.08948e-14
       8025.00   1.89960e-14
       8030.00   2.14102e-14
       8035.00   1.94059e-14
       8040.00   1.81862e-14
       8045.00   2.16719e-14
       8050.00   2.14244e-14
       8055.00   2.11466e-14
       8060.00   2.00733e-14
       8065.00   2.02469e-14
       8070.00   2.03572e-14
       8075.00   1.95749e-14
       8080.00   1.87747e-14
       8085.00   2.11331e-14
       8090.00   1.89696e-14
       8095.00   2.25146e-14
       8100.00   1.98241e-14
       8105.00   2.09437e-14
       8110.00   2.08031e-14
       8115.00   2.03779e-14
       8120.00   2.09797e-14
       8125.00   2.14241e-14
       8130.00   2.08698e-14
       8135.00   2.09170e-14
       8140.00   1.79265e-14
       8145.00   2.02657e-14
       8150.00   1.97093e-14
       8155.00   2.00537e-14
       8160.00   2.02270e-14
       8165.00   2.27395e-14
       8170.00   2.14337e-14
       8175.00   2.11615e-14
       8180.00   2.20503e-14
       8185.00   2.29329e-14
       8190.00   2.27638e-14
       8195.00   2.01844e-14
       8200.00   1.74707e-14
       8205.00   1.81731e-14
       8210.00   1.82891e-14
       8215.00   1.96832e-14
       8220.00   2.33012e-14
       8225.00   1.83052e-14
       8230.00   2.01405e-14
       8235.00   2.08464e-14
       8240.00   2.19709e-14
       8245.00   2.02027e-14
       8250.00   1.93680e-14
       8255.00   2.10163e-14
       8260.00   1.79372e-14
       8265.00   1.96847e-14
       8270.00   1.81396e-14
       8275.00   1.95214e-14
       8280.00   1.84725e-14
       8285.00   2.02093e-14
       8290.00   1.68748e-14
       8295.00   2.04578e-14
       8300.00   1.95591e-14
       8305.00   1.64626e-14
       8310.00   1.77216e-14
       8315.00   1.81848e-14
       8320.00   1.96068e-14
       8325.00   1.79010e-14
       8330.00   1.84930e-14
       8335.00   1.95210e-14
       8340.00   1.98824e-14
       8345.00   2.05727e-14
       8350.00   1.87392e-14
       8355.00   1.70399e-14
       8360.00   1.91563e-14
       8365.00   1.87444e-14
       8370.00   1.74510e-14
       8375.00   1.82821e-14
       8380.00   2.03330e-14
       8385.00   1.96838e-14
       8390.00   2.09156e-14
       8395.00   1.99836e-14
       8400.00   1.72215e-14
       8405.00   2.04619e-14
       8410.00   1.99229e-14
       8415.00   1.87814e-14
       8420.00   2.05609e-14
       8425.00   2.09169e-14
       8430.00   1.94791e-14
       8435.00   1.93001e-14
       8440.00   1.89761e-14
       8445.00   2.06752e-14
       8450.00   1.98753e-14
       8455.00   1.83711e-14
       8460.00   1.94742e-14
       8465.00   1.80592e-14
       8470.00   1.92527e-14
       8475.00   1.98244e-14
       8480.00   1.61615e-14
       8485.00   1.78213e-14
       8490.00   1.96628e-14
       8495.00   2.02393e-14
       8500.00   1.59918e-14
       8505.00   1.70723e-14
       8510.00   1.86036e-14
       8515.00   1.84713e-14
       8520.00   1.91562e-14
       8525.00   2.00144e-14
       8530.00   1.88536e-14
       8535.00   1.56916e-14
       8540.00   1.84248e-14
       8545.00   1.50647e-14
       8550.00   1.84756e-14
       8555.00   1.84079e-14
       8560.00   1.84831e-14
       8565.00   2.00973e-14
       8570.00   1.82030e-14
       8575.00   1.90532e-14
       8580.00   1.75926e-14
       8585.00   1.89610e-14
       8590.00   1.83703e-14
       8595.00   1.80430e-14
       8600.00   2.14567e-14
       8605.00   1.88671e-14
       8610.00   1.96483e-14
       8615.00   1.87111e-14
       8620.00   1.88223e-14
       8625.00   1.93557e-14
       8630.00   1.96371e-14
       8635.00   1.93395e-14
       8640.00   1.82021e-14
       8645.00   1.87126e-14
       8650.00   1.79056e-14
       8655.00   1.72225e-14
       8660.00   2.06775e-14
       8665.00   2.08684e-14
       8670.00   1.75533e-14
       8675.00   1.87556e-14
       8680.00   1.87958e-14
       8685.00   1.96231e-14
       8690.00   1.76473e-14
       8695.00   1.80499e-14
       8700.00   1.90238e-14
       8705.00   2.15956e-14
       8710.00   1.93914e-14
       8715.00   2.24749e-14
       8720.00   1.91669e-14
       8725.00   1.93766e-14
       8730.00   1.83512e-14
       8735.00   1.75774e-14
       8740.00   1.92252e-14
       8745.00   1.99279e-14
       8750.00   2.24842e-14
       8755.00   1.85595e-14
       8760.00   1.94530e-14
       8765.00   1.80398e-14
       8770.00   1.88524e-14
       8775.00   2.03782e-14
       8780.00   1.89495e-14
       8785.00   1.92628e-14
       8790.00   2.17167e-14
       8795.00   1.87098e-14
       8800.00   1.75661e-14
       8805.00   1.65594e-14
       8810.00   2.03901e-14
       8815.00   2.00174e-14
       8820.00   1.89601e-14
       8825.00   1.89791e-14
       8830.00   1.57612e-14
       8835.00   1.52712e-14
       8840.00   1.86527e-14
       8845.00   1.87432e-14
       8850.00   1.64106e-14
       8855.00   2.06222e-14
       8860.00   1.94266e-14
       8865.00   1.64549e-14
       8870.00   2.02253e-14
       8875.00   2.08031e-14
       8880.00   1.94742e-14
       8885.00   1.80274e-14
       8890.00   1.92724e-14
       8895.00   1.74601e-14
       8900.00   2.01793e-14
       8905.00   2.02130e-14
       8910.00   1.94454e-14
       8915.00   2.16500e-14
       8920.00   2.29726e-14
       8925.00   1.88853e-14
       8930.00   1.61872e-14
       8935.00   1.95417e-14
       8940.00   2.06934e-14
       8945.00   2.03648e-14
       8950.00   1.92381e-14
       8955.00   1.97411e-14
       8960.00   1.85096e-14
       8965.00   2.04010e-14
       8970.00   1.73863e-14
       8975.00   1.64054e-14
       8980.00   1.77569e-14
       8985.00   1.81244e-14
       8990.00   1.88936e-14
       8995.00   1.97627e-14
       9000.00   1.74866e-14
       9005.00   1.85384e-14
       9010.00   1.88821e-14
       9015.00   1.97355e-14
       9020.00   1.67338e-14
       9025.00   1.49622e-14
       9030.00   1.79115e-14
       9035.00   1.93009e-14
       9040.00   1.88541e-14
       9045.00   2.05290e-14
       9050.00   2.09724e-14
       9055.00   2.48399e-14
       9060.00   3.60439e-14
       9065.00   5.48161e-14
       9070.00   4.31719e-14
       9075.00   2.21412e-14
       9080.00   1.95008e-14
       9085.00   1.90879e-14
       9090.00   1.60143e-14
       9095.00   2.15379e-14
       9100.00   1.97022e-14
       9105.00   2.15231e-14
       9110.00   1.75112e-14
       9115.00   1.98132e-14
       9120.00   1.63152e-14
       9125.00   1.77191e-14
       9130.00   1.71707e-14
       9135.00   1.84730e-14
       9140.00   1.13591e-14
       9145.00   1.53783e-14
       9150.00   1.80899e-14
       9155.00   1.94698e-14
       9160.00   2.04178e-14
       9165.00   1.49623e-14
       9170.00   1.36501e-14
       9175.00   1.50130e-14
       9180.00   1.87269e-14
       9185.00   1.59473e-14
       9190.00   1.82349e-14
       9195.00   1.60359e-14
       9200.00   2.45787e-14
       9205.00   1.18650e-14
       9210.00   1.25785e-14
       9215.00   1.53348e-14
       9220.00   2.14090e-14
       9225.00   3.29990e-14
       9230.00   4.98514e-14
       9235.00   3.69437e-14
       9240.00   1.82339e-14
       9245.00   1.46702e-14
       9250.00   1.59772e-14
       9255.00   1.56526e-14
       9260.00   1.37391e-14
       9265.00   2.38136e-14
       9270.00   1.79027e-14
       9275.00   1.61622e-14
       9280.00   1.73912e-14
       9285.00   2.14222e-14
       9290.00   1.96085e-14
       9295.00   1.73280e-14
       9300.00   1.83400e-14
       9305.00   2.20887e-14
       9310.00   1.49636e-14
       9315.00   1.49170e-14
       9320.00   2.35663e-14
       9325.00   1.27799e-14
       9330.00   2.08283e-14
       9335.00   1.52565e-14
       9340.00   1.43963e-14
       9345.00   1.95557e-14
       9350.00   1.84794e-14
       9355.00   2.09877e-14
       9360.00   2.15521e-14
       9365.00   1.95238e-14
       9370.00   2.00517e-14
       9375.00   1.62857e-14
       9380.00   1.85202e-14
       9385.00   1.73739e-14
       9390.00   1.92377e-14
       9395.00   1.63873e-14
       9400.00   1.92729e-14
       9405.00   1.72142e-14
       9410.00   1.66188e-14
       9415.00   1.67502e-14
       9420.00   1.07337e-14
       9425.00   2.14420e-14
       9430.00   1.84764e-14
       9435.00   1.56873e-14
       9440.00   1.51967e-14
       9445.00   1.49425e-14
       9450.00   1.95200e-14
       9455.00   1.51844e-14
       9460.00   1.53716e-14
       9465.00   1.62279e-14
       9470.00   1.27786e-14
       9475.00   1.57690e-14
       9480.00   1.95962e-14
       9485.00   2.02297e-14
       9490.00   1.81322e-14
       9495.00   1.47774e-14
       9500.00   1.99779e-14
       9505.00   1.35983e-14
       9510.00   2.02908e-14
       9515.00   2.62703e-14
       9520.00   4.65973e-14
       9525.00   8.44481e-14
       9530.00   8.93848e-14
       9535.00   3.90865e-14
       9540.00   2.13242e-14
       9545.00   2.04805e-14
       9550.00   2.54340e-14
       9555.00   1.87373e-14
       9560.00   1.26524e-14
       9565.00   1.86645e-14
       9570.00   1.56196e-14
       9575.00   2.10796e-14
       9580.00   1.81757e-14
       9585.00   1.98990e-14
       9590.00   1.69455e-14
       9595.00   1.92858e-14
       9600.00   2.02747e-14
       9605.00   2.34106e-14
       9610.00   1.95860e-14
       9615.00   1.42575e-14
       9620.00   1.28327e-14
       9625.00   1.53526e-14
       9630.00   1.56565e-14
       9635.00   1.68464e-14
       9640.00   2.21245e-14
       9645.00   1.86558e-14
       9650.00   1.41938e-14
       9655.00   1.85621e-14
       9660.00   1.51808e-14
       9665.00   1.91364e-14
       9670.00   1.98789e-14
       9675.00   2.02613e-14
       9680.00   2.09691e-14
       9685.00   2.11359e-14
       9690.00   2.21189e-14
       9695.00   1.61520e-14
       9700.00   2.06351e-14
       9705.00   2.05384e-14
       9710.00   1.67881e-14
       9715.00   2.34666e-14
       9720.00   2.38632e-14
       9725.00   2.29163e-14
       9730.00   1.79746e-14
       9735.00   1.89839e-14
       9740.00   2.68686e-14
       9745.00   1.48925e-14
       9750.00   2.18840e-14
       9755.00   1.77425e-14
       9760.00   1.88541e-14
       9765.00   1.93911e-14
       9770.00   2.21781e-14
       9775.00   3.21083e-14
       9780.00   2.02057e-14
       9785.00   2.81052e-14
       9790.00   2.41199e-14
       9795.00   1.40840e-14
       9800.00   1.32143e-14
       9805.00   1.83889e-14
       9810.00   2.29953e-14
       9815.00   2.37780e-14
       9820.00   2.29567e-14
       9825.00   2.64967e-14
       9830.00   2.71033e-14
       9835.00   2.15420e-14
       9840.00   1.69353e-14
       9845.00   2.15218e-14
       9850.00   2.96802e-14
       9855.00   2.77255e-14
       9860.00   2.49021e-14
       9865.00   2.43203e-14
       9870.00   2.77664e-14
       9875.00   2.64367e-14
       9880.00   2.74410e-14
       9885.00   2.64917e-14
       9890.00   2.82931e-14
       9895.00   2.53493e-14
       9900.00   2.51883e-14
       9905.00   2.58042e-14
       9910.00   2.53678e-14
       9915.00   2.45406e-14
       9920.00   2.54851e-14
       9925.00   2.55736e-14
       9930.00   2.11158e-14
       9935.00   1.72881e-14
       9940.00   2.22200e-14
       9945.00   2.75351e-14
