91.0      6.24295206042e+38
94.0      5.10316957624e+38
96.0      4.68424929394e+38
98.0      4.429961991e+38
100.0     1.10346865206e+39
102.0     1.82305596068e+39
104.0     1.21383596179e+39
106.0     2.15402133226e+39
108.0     2.29181733475e+39
110.0     1.90682132399e+39
114.0     2.41384844965e+39
118.0     2.51240703035e+39
121.0     2.67682512514e+39
125.0     2.75892566982e+39
127.0     3.24660908795e+39
128.0     2.85542001914e+39
131.0     2.68577730693e+39
132.0     4.01883337254e+39
134.0     4.67519790885e+39
137.0     5.81138970907e+39
140.0     4.26589341271e+39
143.0     6.07295411827e+39
147.0     3.68069643044e+39
151.0     8.52000794988e+39
155.0     7.55127001748e+39
159.0     7.42625743174e+39
162.0     2.77760189634e+39
166.0     4.05200525574e+39
170.0     6.68759554816e+38
173.0     8.1258724309e+39
177.0     7.17430771217e+39
180.0     4.99999995008e+39
182.0     1.59319890776e+39
186.0     3.43819100671e+39
191.0     7.90969978437e+39
194.0     4.21046440299e+38
198.0     9.50604793656e+39
202.0     8.58776200087e+39
205.0     6.90398755728e+39
210.0     3.93278314568e+39
216.0     9.20534352196e+39
220.0     8.56544636559e+39
223.0     8.53237628592e+39
227.0     6.48664304956e+39
230.0     2.70383384509e+39
234.0     1.95618534044e+40
240.0     6.45743435625e+39
246.0     1.19390562954e+40
252.0     2.18343365426e+40
257.0     5.74870469551e+40
260.0     2.93778493884e+40
264.0     2.47588232803e+40
269.0     3.91038933721e+40
274.0     5.35266421573e+40
279.0     2.75498983e+40
284.0     2.86774149217e+40
290.0     1.66628774409e+40
296.0     2.81799358417e+40
301.0     1.26581430693e+40
308.0     4.36093888065e+40
318.0     6.45327243625e+40
328.0     7.62289609332e+40
338.0     5.34010750295e+40
348.0     6.09621113692e+40
357.0     1.89121106432e+40
366.0     7.0090635875e+40
375.0     7.42574446177e+40
385.0     6.04365966436e+40
395.0     6.22228644325e+40
405.0     1.06991678292e+41
414.0     1.19077580014e+41
422.0     8.24327901676e+40
430.0     6.21069211023e+40
441.0     4.9374191825e+40
451.0     1.11817557123e+41
460.0     1.10357028996e+41
470.0     1.47458563903e+41
480.0     1.03345126216e+41
490.0     1.17646767808e+41
500.0     1.44371011745e+41
506.0     9.448437617e+40
512.0     2.06661701153e+41
520.0     1.84884285816e+41
530.0     1.48470441509e+41
540.0     3.63337312905e+40
550.0     2.37148291397e+40
560.0     1.94683883122e+41
570.0     2.10426290843e+41
580.0     1.64846602222e+41
590.0     2.63912523875e+41
600.0     1.85617961997e+41
610.0     1.78908098542e+41
620.0     1.72036262933e+41
630.0     1.25340089363e+41
640.0     1.83476311185e+41
650.0     2.11426782142e+41
658.0     1.13281763181e+41
665.0     1.10840888902e+41
675.0     1.86857270224e+41
685.0     1.59565868361e+41
695.0     1.67328531639e+41
705.0     1.64717597794e+41
716.0     2.18519400312e+41
726.0     1.90928165617e+41
735.0     2.09927822003e+41
745.0     1.45114229419e+41
755.0     1.89195150388e+41
765.0     1.51785400188e+41
775.0     1.96078510879e+41
785.0     3.83610070755e+40
795.0     1.59074292375e+41
805.0     1.8614441056e+41
815.0     1.80235360692e+41
825.0     1.96743321931e+41
835.0     1.28041277925e+41
845.0     1.7486786191e+41
855.0     1.49434198998e+41
865.0     1.67059047149e+41
875.0     1.87797583652e+41
885.0     1.82687991029e+41
895.0     1.76766515093e+41
905.0     1.78480181944e+41
915.0     3.44357859805e+41
925.0     3.54535722011e+41
935.0     5.76859434655e+41
945.0     5.87881779362e+41
955.0     5.79882496558e+41
965.0     6.21126416245e+41
975.0     3.42744109804e+41
985.0     3.48963496705e+41
995.0     5.50934539167e+41
1005.0    5.66343603777e+41
1015.0    6.22414927677e+41
1025.0    4.54611062883e+41
1035.0    5.00748895448e+41
1045.0    6.80299262265e+41
1055.0    6.54666321871e+41
1065.0    5.85019038871e+41
1075.0    5.97406577616e+41
1085.0    5.13062177474e+41
1095.0    6.10154754827e+41
1105.0    5.74857232821e+41
1115.0    5.03187680762e+41
1125.0    4.22337845405e+41
1135.0    5.68852930844e+41
1145.0    5.46386549882e+41
1155.0    4.86015365712e+41
1165.0    4.70132202563e+41
1175.0    3.70971033535e+41
1185.0    5.12495433452e+41
1195.0    4.26078872641e+41
1205.0    3.79035598307e+41
1215.0    3.41916453374e+41
1225.0    4.1331388942e+41
1235.0    4.18022828954e+41
1245.0    4.76189702889e+41
1255.0    4.42252197962e+41
1265.0    4.51731109211e+41
1275.0    4.83203420603e+41
1285.0    4.61466309748e+41
1295.0    4.08187780928e+41
1305.0    4.27120090628e+41
1315.0    4.37925263542e+41
1325.0    4.17570683084e+41
1335.0    4.12173437258e+41
1345.0    4.06209428906e+41
1355.0    4.22717278589e+41
1365.0    3.92898164567e+41
1375.0    3.85345241147e+41
1385.0    3.56516800199e+41
1395.0    3.03095856957e+41
1405.0    3.53655160789e+41
1415.0    3.49212676252e+41
1425.0    3.24369491508e+41
1435.0    3.40463061441e+41
1442.0    3.49751833607e+41
1447.0    3.40957305293e+41
1455.0    3.38462065154e+41
1465.0    3.1694944819e+41
1475.0    3.24138038733e+41
1485.0    3.1850041313e+41
1495.0    3.16825405946e+41
1505.0    2.96469485714e+41
1512.0    2.69023364607e+41
1517.0    2.83661241931e+41
1525.0    2.70109587699e+41
1535.0    2.46757294557e+41
1545.0    2.10348781211e+41
1555.0    2.51727115889e+41
1565.0    2.21932037338e+41
1575.0    2.53291140789e+41
1585.0    2.38660199873e+41
1595.0    2.57537218003e+41
1605.0    2.55422999132e+41
1615.0    2.52412001164e+41
1625.0    2.44061906804e+41
1635.0    2.53454496276e+41
1645.0    2.53606277847e+41
1655.0    2.42633073735e+41
1665.0    2.50628237491e+41
1672.0    2.38610746809e+41
1677.0    2.5351286305e+41
1685.0    2.50484005797e+41
1695.0    2.40043527385e+41
1705.0    2.29540857653e+41
1715.0    2.19507821687e+41
1725.0    2.2273065796e+41
1735.0    2.26897651108e+41
1745.0    2.16047875477e+41
1755.0    2.26767075906e+41
1765.0    2.155658694e+41
1775.0    2.09527002498e+41
1785.0    2.11553395359e+41
1795.0    2.14842402362e+41
1805.0    2.12216916515e+41
1815.0    1.98829124409e+41
1825.0    2.01386335781e+41
1835.0    1.96295344662e+41
1845.0    1.84701320335e+41
1855.0    1.81622646636e+41
1865.0    1.82932133713e+41
1875.0    1.909501483e+41
1885.0    1.76502150014e+41
1895.0    1.68783504491e+41
1905.0    1.77006820052e+41
1915.0    1.68356543213e+41
1925.0    1.63331518598e+41
1935.0    1.68569888674e+41
1945.0    1.6910248901e+41
1955.0    1.58529467196e+41
1967.0    1.66766955368e+41
1976.0    1.6942597751e+41
1984.0    1.60871829197e+41
1995.0    1.57917405444e+41
2005.0    1.60690425225e+41
2015.0    1.56935068032e+41
2025.0    1.60283936513e+41
2035.0    1.50636424939e+41
2045.0    1.52012744496e+41
2055.0    1.45164358755e+41
2065.0    1.4725837374e+41
2074.0    1.53366321104e+41
2078.0    1.44155096113e+41
2085.0    1.47900621851e+41
2095.0    1.41335090068e+41
2105.0    1.43116596635e+41
2115.0    1.42685552094e+41
2125.0    1.42724983016e+41
2135.0    1.38401245997e+41
2145.0    1.351574533e+41
2155.0    1.38003467913e+41
2165.0    1.354783816e+41
2175.0    1.3390907189e+41
2185.0    1.30289674772e+41
2195.0    1.32190425344e+41
2205.0    1.29873337133e+41
2215.0    1.26642653041e+41
2225.0    1.23429792815e+41
2235.0    1.24199543621e+41
2245.0    1.22315078958e+41
2255.0    1.18998092541e+41
2265.0    1.19635480991e+41
2275.0    1.19376818398e+41
2285.0    1.19044682208e+41
2295.0    1.12730127968e+41
2305.0    1.14630450712e+41
2315.0    1.10838336725e+41
2325.0    9.76854766599e+40
2335.0    1.05847352566e+41
2345.0    1.04992916561e+41
2355.0    1.05438689639e+41
2365.0    1.02714084595e+41
2375.0    1.01847412514e+41
2385.0    9.92658806871e+40
2395.0    1.00332122562e+41
2405.0    9.77304728443e+40
2415.0    9.74383677016e+40
2425.0    9.7680978181e+40
2435.0    9.47741722452e+40
2445.0    9.58340848517e+40
2455.0    9.46215373701e+40
2465.0    9.33211323838e+40
2475.0    9.14092193477e+40
2485.0    9.15271627756e+40
2495.0    8.3803083768e+40
2505.0    8.98359159196e+40
2513.0    8.63376055597e+40
2518.0    8.83507010662e+40
2525.0    8.64032343863e+40
2535.0    8.56623530869e+40
2545.0    8.37509997525e+40
2555.0    8.44364566532e+40
2565.0    8.34987549949e+40
2575.0    8.41647039253e+40
2585.0    8.31591420344e+40
2595.0    8.23531091272e+40
2605.0    8.07792841092e+40
2615.0    7.97737485632e+40
2625.0    7.94767318041e+40
2635.0    7.90441984793e+40
2645.0    7.97241687987e+40
2655.0    7.90514790543e+40
2665.0    7.64099648676e+40
2675.0    7.67326151873e+40
2685.0    7.60694016192e+40
2695.0    7.42557347965e+40
2705.0    7.38193131507e+40
2715.0    7.29507901135e+40
2725.0    7.21389804362e+40
2735.0    7.25988932414e+40
2745.0    6.95312440767e+40
2755.0    6.89413843759e+40
2765.0    6.88351082941e+40
2775.0    6.93234231854e+40
2785.0    6.83801422631e+40
2795.0    6.46189653488e+40
2805.0    6.56251032948e+40
2815.0    6.68851953745e+40
2825.0    6.61957336755e+40
2835.0    6.41534475585e+40
2845.0    6.38028384542e+40
2855.0    6.32455538348e+40
2865.0    6.36311833658e+40
2875.0    6.27335695984e+40
2885.0    6.23189317214e+40
2895.0    6.15772089257e+40
2910.0    6.13521801509e+40
2930.0    5.99943013195e+40
2950.0    5.85342421685e+40
2970.0    5.77936335631e+40
2990.0    5.66865465803e+40
3010.0    5.5609629296e+40
3030.0    5.49085531343e+40
3050.0    5.39262225892e+40
3070.0    5.29578079111e+40
3090.0    5.18047998348e+40
3110.0    5.0972977159e+40
3130.0    4.99873368866e+40
3150.0    4.92629029232e+40
3170.0    4.82491870146e+40
3190.0    4.70381247966e+40
3210.0    4.69894108605e+40
3230.0    4.56110426342e+40
3250.0    4.50028481118e+40
3270.0    4.429146037e+40
3290.0    4.35291312862e+40
3310.0    4.28903904668e+40
3330.0    4.21269483264e+40
3350.0    4.12705256131e+40
3370.0    4.05293837186e+40
3390.0    3.99493759886e+40
3410.0    3.93976211792e+40
3430.0    3.85212170598e+40
3450.0    3.79786917028e+40
3470.0    3.73921123543e+40
3490.0    3.68256142846e+40
3510.0    3.63948555484e+40
3530.0    3.58030479376e+40
3550.0    3.53549314888e+40
3570.0    3.46146544094e+40
3590.0    3.39047073424e+40
3610.0    3.3472642568e+40
3630.0    3.30559771779e+40
3640.0    3.29344185143e+40
3650.0    3.35799465094e+40
3670.0    3.29670434123e+40
3690.0    3.1628602269e+40
3710.0    3.24466601528e+40
3730.0    3.20966716933e+40
3750.0    3.49558606997e+40
3770.0    3.50945760169e+40
3790.0    3.7086854461e+40
3810.0    3.89565061631e+40
3830.0    3.43542126836e+40
3850.0    3.91363212255e+40
3870.0    3.96862441649e+40
3890.0    3.24825413519e+40
3910.0    3.90885895604e+40
3930.0    3.68103545072e+40
3950.0    3.73275941894e+40
3970.0    2.92967874335e+40
3990.0    3.68773750344e+40
4010.0    3.74903936027e+40
4030.0    3.64980784221e+40
4050.0    3.6588954496e+40
4070.0    3.54723531931e+40
4090.0    3.30864368831e+40
4110.0    2.9616245401e+40
4130.0    3.38423100511e+40
4150.0    3.39781711827e+40
4170.0    3.35899997029e+40
4190.0    3.32728498361e+40
4210.0    3.29306270175e+40
4230.0    3.23005561452e+40
4250.0    3.19462583878e+40
4270.0    3.10713411958e+40
4290.0    3.08020768447e+40
4310.0    2.97385644307e+40
4330.0    2.77638698582e+40
4350.0    2.56076661956e+40
4370.0    2.94482844878e+40
4390.0    2.8852270819e+40
4410.0    2.8737567211e+40
4430.0    2.85095262114e+40
4450.0    2.8306749393e+40
4470.0    2.76732393893e+40
4490.0    2.77555603744e+40
4510.0    2.80369004759e+40
4530.0    2.70906858421e+40
4550.0    2.67892157566e+40
4570.0    2.69444919996e+40
4590.0    2.63414695548e+40
4610.0    2.62276874726e+40
4630.0    2.58743828563e+40
4650.0    2.5631852781e+40
4670.0    2.55211358913e+40
4690.0    2.55811462137e+40
4710.0    2.43820377872e+40
4730.0    2.44343055269e+40
4750.0    2.42906983044e+40
4770.0    2.41273708728e+40
4790.0    2.37837318628e+40
4810.0    2.33819108332e+40
4830.0    2.3133961048e+40
4850.0    2.13240651144e+40
4870.0    1.9117011438e+40
4890.0    2.21829857387e+40
4910.0    2.21334951622e+40
4930.0    2.15516239238e+40
4950.0    2.17996740472e+40
4970.0    2.1542693374e+40
4990.0    2.09045103765e+40
5010.0    2.01613681506e+40
5030.0    2.0460205905e+40
5050.0    2.0114535131e+40
5070.0    2.02805626689e+40
5090.0    1.97838130753e+40
5110.0    1.96566724122e+40
5130.0    1.91880128219e+40
5150.0    1.88946999647e+40
5170.0    1.85763335286e+40
5190.0    1.85165469208e+40
5210.0    1.83979739671e+40
5230.0    1.85033345002e+40
5250.0    1.84901315072e+40
5270.0    1.77598788954e+40
5290.0    1.8213776371e+40
5310.0    1.81995227694e+40
5330.0    1.75517328497e+40
5350.0    1.77909852657e+40
5370.0    1.76567187789e+40
5390.0    1.73025455014e+40
5410.0    1.70792973638e+40
5430.0    1.6984782897e+40
5450.0    1.70529688991e+40
5470.0    1.67205284832e+40
5490.0    1.66115439665e+40
5510.0    1.64032536268e+40
5530.0    1.64130767376e+40
5550.0    1.63583689827e+40
5570.0    1.61599495273e+40
5590.0    1.59162224372e+40
5610.0    1.59786469106e+40
5630.0    1.57409159511e+40
5650.0    1.56311165025e+40
5670.0    1.53688014511e+40
5690.0    1.54447186021e+40
5710.0    1.51366580515e+40
5730.0    1.54657149003e+40
5750.0    1.51136722493e+40
5770.0    1.5137703691e+40
5790.0    1.47730442949e+40
5810.0    1.49059616656e+40
5830.0    1.49623565609e+40
5850.0    1.46345711354e+40
5870.0    1.44214855784e+40
5890.0    1.40249073195e+40
5910.0    1.42344273435e+40
5930.0    1.41328581496e+40
5950.0    1.39865306055e+40
5970.0    1.40375074578e+40
5990.0    1.37562481028e+40
6010.0    1.35981554002e+40
6030.0    1.36634383003e+40
6050.0    1.36486595208e+40
6070.0    1.35690674097e+40
6090.0    1.32208689388e+40
6110.0    1.31356025704e+40
6130.0    1.2775267425e+40
6150.0    1.27770325154e+40
6170.0    1.25545167369e+40
6190.0    1.2747352634e+40
6210.0    1.25970832652e+40
6230.0    1.23154419081e+40
6250.0    1.20010708591e+40
6270.0    1.22168713344e+40
6290.0    1.22622453079e+40
6310.0    1.19958216449e+40
6330.0    1.20378797303e+40
6350.0    1.1897891386e+40
6370.0    1.17980436874e+40
6390.0    1.18459528581e+40
6410.0    1.16853035883e+40
6430.0    1.16565491707e+40
6450.0    1.15768391715e+40
6470.0    1.15201994998e+40
6490.0    1.12540800512e+40
6510.0    1.13610899938e+40
6530.0    1.12372488897e+40
6550.0    1.09108855436e+40
6570.0    9.96230881474e+39
6590.0    1.10029718028e+40
6610.0    1.10237663566e+40
6630.0    1.09519133736e+40
6650.0    1.08958220061e+40
6670.0    1.07018781043e+40
6690.0    1.07480579663e+40
6710.0    1.04739380293e+40
6730.0    1.0581323691e+40
6750.0    1.04135786153e+40
6770.0    1.04015964387e+40
6790.0    1.02532134842e+40
6810.0    1.0252977398e+40
6830.0    1.02470770082e+40
6850.0    1.00676938372e+40
6870.0    1.01050856752e+40
6890.0    1.01524299122e+40
6910.0    1.00584254174e+40
6930.0    9.92224622393e+39
6950.0    9.80595735011e+39
6970.0    9.84441696112e+39
6990.0    9.73240111924e+39
7010.0    9.57326321678e+39
7030.0    9.64384007931e+39
7050.0    9.68924639408e+39
7070.0    9.47850841531e+39
7090.0    9.31193637622e+39
7110.0    9.04752933698e+39
7130.0    8.91004710418e+39
7150.0    8.9004097334e+39
7170.0    8.92215985362e+39
7190.0    8.76072403168e+39
7210.0    8.83954681057e+39
7230.0    8.87217296721e+39
7250.0    8.88116625277e+39
7270.0    8.83852917871e+39
7290.0    8.68220428083e+39
7310.0    8.75084517256e+39
7330.0    8.74057492553e+39
7350.0    8.70462367289e+39
7370.0    8.80967729145e+39
7390.0    8.6676227339e+39
7410.0    8.59983264814e+39
7430.0    8.61747436191e+39
7450.0    8.61509359468e+39
7470.0    8.57788066373e+39
7490.0    8.51490878514e+39
7510.0    8.56643255582e+39
7530.0    8.59567526561e+39
7550.0    8.59250908508e+39
7570.0    8.5135364546e+39
7590.0    8.43762072997e+39
7610.0    8.39924017456e+39
7630.0    8.34603112499e+39
7650.0    8.27884973469e+39
7670.0    8.05823632773e+39
7690.0    8.15135861257e+39
7710.0    8.01862677837e+39
7730.0    7.98380645215e+39
7750.0    7.93122006001e+39
7770.0    7.94932036852e+39
7790.0    7.99760590942e+39
7810.0    7.95389768249e+39
7830.0    7.86393653655e+39
7850.0    7.73392578049e+39
7870.0    7.7877141096e+39
7890.0    7.56850321943e+39
7910.0    7.44029234088e+39
7930.0    7.4603636954e+39
7950.0    7.34158785069e+39
7970.0    7.52159595002e+39
7990.0    7.49117598897e+39
8010.0    7.48945128053e+39
8030.0    7.45486872095e+39
8050.0    7.40781281837e+39
8070.0    7.34226406706e+39
8090.0    7.20161665537e+39
8110.0    7.16506277965e+39
8130.0    7.23835701736e+39
8150.0    7.2087505906e+39
8170.0    7.21755330447e+39
8190.0    7.10117147715e+39
8210.0    7.04968967641e+39
8230.0    7.11623038921e+39
8250.0    7.09675806527e+39
8270.0    7.14397621579e+39
8290.0    7.06496476111e+39
8310.0    6.82920264718e+39
8330.0    6.82810199847e+39
8350.0    6.80988848182e+39
8370.0    6.81898915911e+39
8390.0    6.67467309274e+39
8410.0    6.81224094021e+39
8430.0    6.61652564317e+39
8450.0    6.56296366729e+39
8470.0    6.53326087439e+39
8490.0    6.66377001558e+39
8510.0    6.29491688109e+39
8530.0    6.67897780104e+39
8550.0    6.12717098592e+39
8570.0    6.75273955764e+39
8590.0    6.50728757755e+39
8610.0    6.48007451659e+39
8630.0    6.74947510789e+39
8650.0    6.70224037971e+39
8670.0    6.01118369886e+39
8690.0    6.50668826181e+39
8710.0    6.68528613333e+39
8730.0    6.6307094798e+39
8750.0    6.22357603783e+39
8770.0    6.56931368587e+39
8790.0    6.63880633896e+39
8810.0    6.50519021395e+39
8830.0    6.5335617491e+39
8850.0    6.43294739499e+39
8870.0    6.10084512208e+39
8890.0    6.51313379965e+39
8910.0    6.60024413708e+39
8930.0    6.44095107057e+39
8950.0    6.42939339898e+39
8970.0    6.42258706053e+39
8990.0    6.36326485449e+39
9010.0    5.91956781181e+39
9030.0    6.15106051932e+39
9050.0    6.43857857356e+39
9070.0    6.37499722412e+39
9090.0    6.1857163319e+39
9110.0    6.23131922e+39
9130.0    6.33154940474e+39
9150.0    6.26873628214e+39
9170.0    6.23218016803e+39
9190.0    6.25892863921e+39
9210.0    6.00288467575e+39
9230.0    5.71136610733e+39
9250.0    5.91439055987e+39
9270.0    5.97172774867e+39
9290.0    5.98356481854e+39
9310.0    6.03253707927e+39
9330.0    5.98673452124e+39
9350.0    5.96142383987e+39
9370.0    5.85558109531e+39
9390.0    5.90704120063e+39
9410.0    5.74169342723e+39
9430.0    5.87367618164e+39
9450.0    5.74896943924e+39
9470.0    5.83176479732e+39
9490.0    5.82827452717e+39
9510.0    5.75174998462e+39
9530.0    5.68276896491e+39
9550.0    5.29248943813e+39
9570.0    5.57468073306e+39
9590.0    5.71702379752e+39
9610.0    5.6275582628e+39
9630.0    5.6090588935e+39
9650.0    5.52191859612e+39
9670.0    5.48820089131e+39
9690.0    5.56198739118e+39
9710.0    5.51239080985e+39
9730.0    5.47129334213e+39
9750.0    5.42163155098e+39
9770.0    5.43262840438e+39
9790.0    5.34182922771e+39
9810.0    5.46134987506e+39
9830.0    5.391256565e+39
9850.0    5.4203833179e+39
9870.0    5.37266794439e+39
9890.0    5.34970704134e+39
9910.0    5.31667361193e+39
9930.0    5.31520476366e+39
9950.0    5.2945615329e+39
9970.0    5.2912709377e+39
9990.0    5.25303143863e+39
10025.0   5.10281707395e+39
10075.0   4.96786745333e+39
10125.0   5.09014319496e+39
10175.0   5.00460724163e+39
10225.0   4.97828779983e+39
10275.0   4.94982676868e+39
10325.0   4.83259054655e+39
10375.0   4.77056700378e+39
10425.0   4.75576076899e+39
10475.0   4.68371003085e+39
10525.0   4.66240504476e+39
10575.0   4.58817527257e+39
10625.0   4.55166195296e+39
10675.0   4.43751669514e+39
10725.0   4.42303117059e+39
10775.0   4.36013564e+39
10825.0   4.33470952399e+39
10875.0   4.28982918964e+39
10925.0   4.1723429644e+39
10975.0   4.17071006431e+39
11025.0   4.1911190763e+39
11075.0   4.15805280181e+39
11125.0   4.11045596498e+39
11175.0   4.05135220229e+39
11225.0   4.03041716723e+39
11275.0   3.94548139683e+39
11325.0   3.9112898413e+39
11375.0   3.87106086661e+39
11425.0   3.81311584825e+39
11475.0   3.83901668821e+39
11525.0   3.80601065703e+39
11575.0   3.73628503131e+39
11625.0   3.670540328e+39
11675.0   3.64611195777e+39
11725.0   3.66032796603e+39
11775.0   3.57882118908e+39
11825.0   3.54772542184e+39
11875.0   3.47960543082e+39
11925.0   3.52224855799e+39
11975.0   3.39601812918e+39
12025.0   3.44207239233e+39
12075.0   3.39125150887e+39
12125.0   3.37598104855e+39
12175.0   3.36829406455e+39
12225.0   3.33027425476e+39
12275.0   3.29738759683e+39
12325.0   3.25806691715e+39
12375.0   3.2410072311e+39
12425.0   3.20597402979e+39
12475.0   3.18639784733e+39
12525.0   3.1355230664e+39
12575.0   3.11372318163e+39
12625.0   3.08801925737e+39
12675.0   3.04663200462e+39
12725.0   3.03640711216e+39
12775.0   3.02287368531e+39
12825.0   2.86411202053e+39
12875.0   2.94204966624e+39
12925.0   2.89420973509e+39
12975.0   2.91951022084e+39
13025.0   2.86701523008e+39
13075.0   2.87508043975e+39
13125.0   2.81559379866e+39
13175.0   2.80252825608e+39
13225.0   2.79653333155e+39
13275.0   2.7417635597e+39
13325.0   2.75848101938e+39
13375.0   2.71919278978e+39
13425.0   2.73061203488e+39
13475.0   2.70458104522e+39
13525.0   2.68911886857e+39
13575.0   2.63754574089e+39
13625.0   2.61999220977e+39
13675.0   2.62017319867e+39
13725.0   2.61553177225e+39
13775.0   2.59346266289e+39
13825.0   2.58970323918e+39
13875.0   2.55446525543e+39
13925.0   2.55787902116e+39
13975.0   2.55164351573e+39
14025.0   2.50161227931e+39
14075.0   2.51767692776e+39
14125.0   2.47616739093e+39
14175.0   2.49109333636e+39
14225.0   2.44545682683e+39
14275.0   2.39717643614e+39
14325.0   2.43371657551e+39
14375.0   2.43041255501e+39
14425.0   2.34828065269e+39
14475.0   2.3925443669e+39
14525.0   2.35190621635e+39
14570.0   2.36151114749e+39
14620.0   2.35114817355e+39
14675.0   2.34277186595e+39
14725.0   2.29245067477e+39
14775.0   2.30043517715e+39
14825.0   2.28918030082e+39
14875.0   2.26198645501e+39
14925.0   2.29985258669e+39
14975.0   2.2582395021e+39
15025.0   2.24031971127e+39
15075.0   2.20785221472e+39
15125.0   2.23197846478e+39
15175.0   2.22817860596e+39
15225.0   2.22254211922e+39
15275.0   2.2220304189e+39
15325.0   2.19882162743e+39
15375.0   2.22034264355e+39
15425.0   2.19629159716e+39
15475.0   2.19851786998e+39
15525.0   2.1616730094e+39
15575.0   2.048613357e+39
15625.0   2.11266189871e+39
15675.0   2.08641165456e+39
15725.0   2.12363561411e+39
15775.0   1.9700624804e+39
15825.0   2.00747432736e+39
15875.0   1.96250151192e+39
15925.0   2.02987829599e+39
15975.0   1.97278610328e+39
16050.0   2.08607539184e+39
16150.0   2.05906473201e+39
16250.0   2.05797455121e+39
16350.0   2.03835583073e+39
16450.0   1.98257670969e+39
16550.0   1.97655998989e+39
16650.0   1.94639060662e+39
16750.0   1.89779806722e+39
16850.0   1.84234092735e+39
16950.0   1.85395846398e+39
17050.0   1.78842198503e+39
17150.0   1.78110695699e+39
17250.0   1.71616879122e+39
17350.0   1.66909094096e+39
17450.0   1.6595104824e+39
17550.0   1.62993392825e+39
17650.0   1.60601648946e+39
17750.0   1.56830309671e+39
17850.0   1.55499859156e+39
17950.0   1.51911271918e+39
18050.0   1.48176727804e+39
18150.0   1.44963945255e+39
18250.0   1.42820319405e+39
18350.0   1.40368610216e+39
18450.0   1.37135533373e+39
18550.0   1.35821962086e+39
18650.0   1.31883359041e+39
18750.0   1.2924983579e+39
18850.0   1.28318714444e+39
18950.0   1.22371420105e+39
19050.0   1.25011509711e+39
19150.0   1.22278471123e+39
19250.0   1.20700758702e+39
19350.0   1.17041532594e+39
19450.0   1.13830855548e+39
19550.0   1.14511736361e+39
19650.0   1.12276793197e+39
19750.0   1.09812050217e+39
19850.0   1.08687600268e+39
19950.0   1.07095198467e+39
20050.0   1.06556512994e+39
20150.0   1.04997751775e+39
20250.0   1.01627209313e+39
20350.0   1.00212062363e+39
20450.0   1.00364471031e+39
20550.0   9.8249421071e+38
20650.0   9.63718065094e+38
20750.0   9.5134929351e+38
20850.0   9.32867579404e+38
20950.0   9.13376850008e+38
21050.0   9.10500104551e+38
21150.0   8.90984194513e+38
21250.0   8.75265882139e+38
21350.0   8.71404904636e+38
21450.0   8.56268563692e+38
21550.0   8.40736688894e+38
21650.0   8.19841691939e+38
21750.0   8.09189055149e+38
21850.0   8.00552835313e+38
21950.0   7.91443651887e+38
22050.0   7.6806858099e+38
22150.0   7.70406609416e+38
22250.0   7.46706617206e+38
22350.0   7.3865220737e+38
22450.0   7.28937008268e+38
22550.0   7.20427031779e+38
22650.0   7.02522114777e+38
22750.0   7.02570644962e+38
22850.0   6.85803978146e+38
22950.0   5.82371347944e+38
23050.0   6.25129508868e+38
23150.0   6.15205203304e+38
23250.0   5.30481203272e+38
23350.0   5.72822409825e+38
23450.0   5.49249917045e+38
23550.0   4.78068358092e+38
23650.0   5.27193442932e+38
23750.0   5.04475407715e+38
23850.0   4.52064079649e+38
23950.0   4.90851361548e+38
24050.0   4.80850420312e+38
24150.0   4.35401579308e+38
24250.0   4.65832730694e+38
24350.0   4.57604198039e+38
24450.0   4.30695168586e+38
24550.0   4.32533749492e+38
24650.0   4.45481835092e+38
24750.0   4.29042189239e+38
24850.0   4.07427181892e+38
24950.0   4.18774279406e+38
25050.0   4.33171624669e+38
25150.0   3.93713222119e+38
25250.0   4.11187591137e+38
25350.0   4.09845338622e+38
25450.0   4.01790810849e+38
25550.0   3.92907211486e+38
25650.0   3.92057711009e+38
25750.0   3.96177675937e+38
25850.0   3.73869467999e+38
25950.0   3.77754807414e+38
26050.0   3.83495259611e+38
26150.0   3.71672132951e+38
26250.0   3.6513208745e+38
26350.0   3.69930381202e+38
26450.0   3.67172376114e+38
26550.0   3.59211308137e+38
26650.0   3.51503780247e+38
26750.0   3.60022795678e+38
26850.0   3.56344450715e+38
26950.0   3.42657309075e+38
27050.0   3.48337315036e+38
27150.0   3.43937872092e+38
27250.0   3.44389577796e+38
27350.0   3.3059783107e+38
27450.0   3.34364375666e+38
27550.0   3.33265225772e+38
27650.0   3.27597063352e+38
27750.0   3.18830602603e+38
27850.0   3.2175847879e+38
27950.0   3.21714029284e+38
28050.0   3.17760565716e+38
28150.0   3.09920283039e+38
28250.0   3.09813258848e+38
28350.0   3.09264449538e+38
28450.0   3.04887767327e+38
28550.0   3.004899836e+38
28650.0   2.97645965364e+38
28750.0   2.93995037646e+38
28850.0   2.92031702278e+38
28950.0   2.88848422465e+38
29050.0   2.85377678026e+38
29150.0   2.83413151908e+38
29250.0   2.77223473015e+38
29350.0   2.78131385999e+38
29450.0   2.7311779655e+38
29550.0   2.7024645143e+38
29650.0   2.68961426819e+38
29750.0   2.66090886252e+38
29850.0   2.6213801109e+38
29950.0   2.59352238026e+38
30050.0   2.56159224625e+38
30150.0   2.54436843995e+38
30250.0   2.50518613832e+38
30350.0   2.45736687646e+38
30450.0   2.44974003652e+38
30550.0   2.41930152949e+38
30650.0   2.3923791015e+38
30750.0   2.37186518266e+38
30850.0   2.33222260273e+38
30950.0   2.30860695661e+38
31050.0   2.29287299869e+38
31150.0   2.24657023199e+38
31250.0   2.23182429049e+38
31350.0   2.20744555077e+38
31450.0   2.1805196263e+38
31550.0   2.1531783283e+38
31650.0   2.12197371515e+38
31750.0   2.1078514457e+38
31850.0   2.08127755157e+38
31950.0   2.06195887883e+38
32100.0   2.02180841595e+38
32300.0   1.97192321555e+38
32500.0   1.92734738976e+38
32700.0   1.88039894996e+38
32900.0   1.83066972761e+38
33100.0   1.7934117053e+38
33300.0   1.75214482383e+38
33500.0   1.71949136813e+38
33700.0   1.67861074979e+38
33900.0   1.63990994653e+38
34100.0   1.60132690282e+38
34300.0   1.57354801701e+38
34500.0   1.54201997674e+38
34700.0   1.50775230126e+38
34900.0   1.47706633534e+38
35100.0   1.44840494876e+38
35300.0   1.41273270738e+38
35500.0   1.38761824021e+38
35700.0   1.357000476e+38
35900.0   1.3286481893e+38
36100.0   1.30430752536e+38
36300.0   1.27849784403e+38
36500.0   1.24520254603e+38
36700.0   1.22019713235e+38
36900.0   1.18560493948e+38
37100.0   1.15979170958e+38
37300.0   1.14316784466e+38
37500.0   1.10787305536e+38
37700.0   1.09892992542e+38
37900.0   1.07584572876e+38
38100.0   1.0565985248e+38
38300.0   1.0394892443e+38
38500.0   1.02086896214e+38
38700.0   9.94970031519e+37
38900.0   9.77822440799e+37
39100.0   9.59488999649e+37
39300.0   9.43256920017e+37
39500.0   9.18967177319e+37
39700.0   9.03358218497e+37
39900.0   8.79366668288e+37
40100.0   8.67760744991e+37
40300.0   8.56623530869e+37
40500.0   8.42073499323e+37
40700.0   8.2599991e+37
40900.0   8.10587682465e+37
41100.0   7.96874629147e+37
41300.0   7.83844652736e+37
41500.0   7.67714953769e+37
41700.0   7.52055687492e+37
41900.0   7.39417968331e+37
42100.0   7.24936555587e+37
42300.0   7.1733166134e+37
42500.0   7.01132340687e+37
42700.0   6.91321398778e+37
42900.0   6.39513917052e+37
43100.0   5.89426965007e+37
43300.0   5.99031968537e+37
43500.0   5.55456431847e+37
43700.0   5.35365030373e+37
43900.0   5.1876420273e+37
44100.0   4.80629031491e+37
44300.0   4.79589868606e+37
44500.0   4.65543213434e+37
44700.0   4.38954999694e+37
44900.0   4.48673066551e+37
45100.0   4.31489269575e+37
45300.0   4.13904358846e+37
45500.0   4.18716427597e+37
45700.0   4.11329634829e+37
45900.0   3.90714923879e+37
46100.0   4.00442348735e+37
46300.0   3.88105681101e+37
46500.0   3.84760074364e+37
46700.0   3.8371608078e+37
46900.0   3.75102535701e+37
47100.0   3.66260429204e+37
47300.0   3.72083147266e+37
47500.0   3.62359790586e+37
47700.0   3.57890359543e+37
47900.0   3.53410948816e+37
48100.0   3.42933569544e+37
48300.0   3.49478127419e+37
48500.0   3.41436542534e+37
48700.0   3.33242205421e+37
48900.0   3.3052171687e+37
49100.0   3.25222062721e+37
49300.0   3.20959326486e+37
49500.0   3.14029176271e+37
49700.0   3.15791182863e+37
49900.0   3.09207486167e+37
50100.0   3.07666350491e+37
50300.0   3.03724621837e+37
50500.0   2.95229669263e+37
50700.0   2.94604923101e+37
50900.0   2.90589555075e+37
51100.0   2.85476261007e+37
51300.0   2.82631133326e+37
51500.0   2.77856141174e+37
51700.0   2.79795032674e+37
51900.0   2.7399333591e+37
52100.0   2.70757191116e+37
52300.0   2.66280890098e+37
52500.0   2.65326116238e+37
52700.0   2.67066859819e+37
52900.0   2.57976413078e+37
53100.0   2.53378639559e+37
53300.0   2.53483677983e+37
53500.0   2.50172748547e+37
53700.0   2.47479938828e+37
53900.0   2.45425678324e+37
54100.0   2.42851058083e+37
54300.0   2.37618363211e+37
54500.0   2.38506379547e+37
54700.0   2.32546603109e+37
54900.0   2.32332518377e+37
55100.0   2.27221802144e+37
55300.0   2.3205984616e+37
55500.0   2.23218404706e+37
55700.0   2.24641504978e+37
55900.0   2.2001890554e+37
56100.0   2.20434720017e+37
56300.0   2.14343343054e+37
56500.0   2.1486219099e+37
56700.0   2.12002020489e+37
56900.0   2.06885474609e+37
57100.0   2.08007981668e+37
57300.0   2.05901732084e+37
57500.0   2.03160840085e+37
57700.0   2.00789038471e+37
57900.0   2.00294950164e+37
58100.0   1.97201402806e+37
58300.0   1.9537095527e+37
58500.0   1.93219075589e+37
58700.0   1.8961382537e+37
58900.0   1.88421301799e+37
59100.0   1.86127266816e+37
59300.0   1.85110050801e+37
59500.0   1.8193656882e+37
59700.0   1.81463799533e+37
59900.0   1.79473362683e+37
60100.0   1.7750067135e+37
60300.0   1.75416321676e+37
60500.0   1.72492413959e+37
60700.0   1.70950352244e+37
60900.0   1.68756301997e+37
61100.0   1.66686335889e+37
61300.0   1.65611312864e+37
61500.0   1.64232838867e+37
61700.0   1.63323997077e+37
61900.0   1.60990407622e+37
62100.0   1.59915293689e+37
62300.0   1.57278732301e+37
62500.0   1.54838872418e+37
62700.0   1.5329217984e+37
62900.0   1.51876297082e+37
63100.0   1.50096304614e+37
63300.0   1.49327570721e+37
63500.0   1.47153298016e+37
63700.0   1.46494054807e+37
63900.0   1.44095361205e+37
64200.0   1.41984193858e+37
64600.0   1.38506450575e+37
65000.0   1.35640693013e+37
65400.0   1.32629459572e+37
65800.0   1.3005288778e+37
66200.0   1.27010609463e+37
66600.0   1.24319713326e+37
67000.0   1.21699837966e+37
67400.0   1.18820123653e+37
67800.0   1.16377761666e+37
68200.0   1.1383347663e+37
68600.0   1.11719761527e+37
69000.0   1.09257183297e+37
69400.0   1.07230912078e+37
69800.0   1.04852792177e+37
70200.0   1.02560469432e+37
70600.0   1.0056109646e+37
71000.0   9.84373695637e+36
71400.0   9.65094854182e+36
71800.0   9.4495254712e+36
72200.0   9.26253794232e+36
72600.0   9.0696389765e+36
73000.0   8.88832651199e+36
73400.0   8.70241920704e+36
73800.0   8.531197576e+36
74200.0   8.35545298813e+36
74600.0   8.25790723634e+36
75000.0   8.04544369814e+36
75400.0   7.85470719136e+36
75800.0   7.70388870353e+36
76200.0   7.54796712609e+36
76600.0   7.39520129756e+36
77000.0   7.2436924013e+36
77400.0   7.10198907679e+36
77800.0   6.96401984447e+36
78200.0   6.82464397151e+36
78600.0   6.69298728572e+36
79000.0   6.55994200665e+36
79400.0   6.43235492592e+36
79800.0   6.30652323307e+36
80200.0   6.17646521676e+36
80600.0   6.05703383963e+36
81000.0   5.94826077535e+36
81400.0   5.83713852551e+36
81800.0   5.7324463651e+36
82200.0   5.62691040351e+36
82600.0   5.52408051608e+36
83000.0   5.42450357806e+36
83400.0   5.32230795828e+36
83800.0   5.22612748976e+36
84200.0   5.13570417848e+36
84600.0   5.04219920969e+36
85000.0   4.95358933912e+36
85400.0   4.86709698086e+36
85800.0   4.78200471512e+36
86200.0   4.6995903136e+36
86600.0   4.62061730197e+36
87000.0   4.53816205273e+36
87400.0   4.46488214766e+36
87800.0   4.38379260792e+36
88200.0   4.30159976754e+36
88600.0   4.22678346682e+36
89000.0   4.15355532878e+36
89400.0   4.08394608471e+36
89800.0   4.01042131644e+36
90200.0   3.94502718265e+36
90600.0   3.87837679769e+36
91000.0   3.80644886542e+36
91400.0   3.74438071678e+36
91800.0   3.68010322008e+36
92200.0   3.62017862669e+36
92600.0   3.55819708866e+36
93000.0   3.4982432112e+36
93400.0   3.43834934491e+36
93800.0   3.38360766414e+36
94200.0   3.32628915628e+36
94600.0   3.2694898993e+36
95000.0   3.21432658307e+36
95400.0   3.16023952151e+36
95800.0   3.10813590274e+36
96200.0   3.05703210699e+36
96600.0   3.0112027613e+36
97000.0   2.96899864916e+36
97400.0   2.91360048001e+36
97800.0   2.86846793823e+36
98200.0   2.82370940274e+36
98600.0   2.78022535703e+36
99000.0   2.73696976605e+36
99400.0   2.69351873088e+36
99800.0   2.65222277449e+36
100200.0  2.61107892845e+36
200000.0  1.69192068488e+35
400000.0  1.0961247903e+34
600000.0  2.1538229487e+33
800000.0  7.01584523163e+32
1000000.0 2.91568095448e+32
1200000.0 1.54223302939e+32
1400000.0 9.34781265808e+31
1600000.0 6.21713073657e+31
