# http://abell.as.arizona.edu/~lbtsci/Instruments/LBC/lbc_description.html#filters.html
3000.0  3.803138e-05  
3005.0  3.956253e-05  
3010.0  4.04663e-05   
3015.0  4.420553e-05  
3020.0  4.897382e-05  
3025.0  3.86855e-05   
3030.0  3.700379e-05  
3035.0  3.08285e-05   
3040.0  3.094584e-05  
3045.0  3.559548e-05  
3050.0  4.032901e-05  
3055.0  2.504912e-05  
3060.0  4.504987e-05  
3065.0  4.649915e-05  
3070.0  3.927912e-05  
3075.0  3.442153e-05  
3080.0  4.215652e-05  
3085.0  4.363973e-05  
3090.0  4.708093e-05  
3095.0  5.383373e-05  
3100.0  5.283987e-05  
3105.0  3.331178e-05  
3110.0  3.900761e-05  
3115.0  5.657875e-05  
3120.0  4.063427e-05  
3125.0  5.477546e-05  
3130.0  4.363386e-05  
3135.0  2.905097e-05  
3140.0  4.022756e-05  
3145.0  5.530756e-05  
3150.0  3.705379e-05  
3155.0  4.343385e-05  
3160.0  6.243555e-05  
3165.0  4.96533e-05   
3170.0  3.97731e-05   
3175.0  4.002074e-05  
3180.0  4.026539e-05  
3185.0  4.396691e-05  
3190.0  3.76872e-05   
3195.0  3.852816e-05  
3200.0  3.876552e-05  
3205.0  4.595915e-05  
3210.0  5.523062e-05  
3215.0  5.243332e-05  
3220.0  5.480824e-05  
3225.0  4.924537e-05  
3230.0  4.71268e-05   
3235.0  5.308435e-05  
3240.0  2.947827e-05  
3245.0  4.047332e-05  
3250.0  6.010419e-05  
3255.0  3.771834e-05  
3260.0  3.397594e-05  
3265.0  4.898279e-05  
3270.0  4.563137e-05  
3275.0  4.029549e-05  
3280.0  4.76515e-05   
3285.0  5.128019e-05  
3290.0  4.967811e-05  
3295.0  4.451395e-05  
3300.0  5.415561e-05  
3305.0  6.213623e-05  
3310.0  4.359165e-05  
3315.0  7.032276e-05  
3320.0  5.20535e-05   
3325.0  4.914435e-05  
3330.0  4.458375e-05  
3335.0  5.919877e-05  
3340.0  3.57786e-05   
3345.0  4.998738e-05  
3350.0  3.747674e-05  
3355.0  4.680231e-05  
3360.0  5.107195e-05  
3365.0  6.075884e-05  
3370.0  4.98122e-05   
3375.0  5.696515e-05  
3380.0  5.053679e-05  
3385.0  4.184542e-05  
3390.0  3.366309e-05  
3395.0  5.358519e-05  
3400.0  4.05386e-05   
3405.0  5.847922e-05  
3410.0  5.462608e-05  
3415.0  4.211204e-05  
3420.0  5.220418e-05  
3425.0  5.768067e-05  
3430.0  3.968862e-05  
3435.0  5.390237e-05  
3440.0  5.336338e-05  
3445.0  5.076e-05     
3450.0  4.609714e-05  
3455.0  4.821448e-05  
3460.0  5.371837e-05  
3465.0  3.874274e-05  
3470.0  5.040149e-05  
3475.0  6.82917e-05   
3480.0  5.532837e-05  
3485.0  5.195018e-05  
3490.0  5.88849e-05   
3495.0  5.537619e-05  
3500.0  5.881944e-05  
3505.0  4.597432e-05  
3510.0  5.28517e-05   
3515.0  5.304052e-05  
3520.0  7.329918e-05  
3525.0  4.980101e-05  
3530.0  6.45822e-05   
3535.0  5.214895e-05  
3540.0  4.526422e-05  
3545.0  4.206631e-05  
3550.0  4.239925e-05  
3555.0  5.150476e-05  
3560.0  5.23647e-05   
3565.0  5.046866e-05  
3570.0  5.916143e-05  
3575.0  4.340933e-05  
3580.0  7.115613e-05  
3585.0  5.228811e-05  
3590.0  5.676066e-05  
3595.0  5.007354e-05  
3600.0  5.329349e-05  
3605.0  4.872956e-05  
3610.0  3.938829e-05  
3615.0  4.881645e-05  
3620.0  4.716409e-05  
3625.0  3.812433e-05  
3630.0  6.04203e-05   
3635.0  4.455761e-05  
3640.0  6.083645e-05  
3645.0  3.987404e-05  
3650.0  4.464227e-05  
3655.0  5.633384e-05  
3660.0  6.298854e-05  
3665.0  5.644753e-05  
3670.0  5.070559e-05  
3675.0  4.979054e-05  
3680.0  6.695226e-05  
3685.0  5.925114e-05  
3690.0  5.534756e-05  
3695.0  5.011497e-05  
3700.0  5.769623e-05  
3705.0  4.755806e-05  
3710.0  5.577012e-05  
3715.0  5.968041e-05  
3720.0  5.388857e-05  
3725.0  6.601883e-05  
3730.0  5.479313e-05  
3735.0  5.67261e-05   
3740.0  5.441923e-05  
3745.0  4.331688e-05  
3750.0  6.258939e-05  
3755.0  7.089644e-05  
3760.0  4.926458e-05  
3765.0  4.059771e-05  
3770.0  5.239497e-05  
3775.0  5.56771e-05   
3780.0  4.921409e-05  
3785.0  7.521278e-05  
3790.0  5.159167e-05  
3795.0  4.918134e-05  
3800.0  6.205521e-05  
3805.0  6.979656e-05  
3810.0  6.440672e-05  
3815.0  5.695557e-05  
3820.0  6.673661e-05  
3825.0  5.435343e-05  
3830.0  5.907871e-05  
3835.0  6.021834e-05  
3840.0  5.509627e-05  
3845.0  6.734343e-05  
3850.0  6.840668e-05  
3855.0  8.788956e-05  
3860.0  9.250129e-05  
3865.0  0.00012466185 
3870.0  0.00018597869 
3875.0  0.00027243238 
3880.0  0.00041444644 
3885.0  0.00063067846 
3890.0  0.00100142255 
3895.0  0.00157122359 
3900.0  0.00249106154 
3905.0  0.00389425814 
3910.0  0.00601097405 
3915.0  0.00909868896 
3920.0  0.01339603901 
3925.0  0.01931213379 
3930.0  0.02713814735 
3935.0  0.03720349789 
3940.0  0.04980259418 
3945.0  0.06480549812 
3950.0  0.08287413597 
3955.0  0.1039320183  
3960.0  0.1278033543  
3965.0  0.1543168831  
3970.0  0.1823014832  
3975.0  0.212244091   
3980.0  0.2422600555  
3985.0  0.2707009315  
3990.0  0.2989627075  
3995.0  0.3250008011  
4000.0  0.3495982742  
4005.0  0.3730446243  
4010.0  0.3958488846  
4015.0  0.4197208786  
4020.0  0.4452496719  
4025.0  0.4713777542  
4030.0  0.5011097336  
4035.0  0.5320259857  
4040.0  0.5634798431  
4045.0  0.5957811356  
4050.0  0.626860199   
4055.0  0.6554784393  
4060.0  0.6807647705  
4065.0  0.7015627289  
4070.0  0.7190021515  
4075.0  0.7321560669  
4080.0  0.7422835541  
4085.0  0.7509632874  
4090.0  0.7587477875  
4095.0  0.7662384796  
4100.0  0.7743547058  
4105.0  0.7823105621  
4110.0  0.7905233765  
4115.0  0.7981357574  
4120.0  0.8042649841  
4125.0  0.8080617523  
4130.0  0.8095802307  
4135.0  0.808172226   
4140.0  0.8051758575  
4145.0  0.8000130463  
4150.0  0.7945427704  
4155.0  0.7891413116  
4160.0  0.7855748749  
4165.0  0.7841534424  
4170.0  0.7853421783  
4175.0  0.7898742676  
4180.0  0.7966105652  
4185.0  0.805743103   
4190.0  0.816452179   
4195.0  0.8271799469  
4200.0  0.8358586121  
4205.0  0.8428588104  
4210.0  0.8462135315  
4215.0  0.845732193   
4220.0  0.841427536   
4225.0  0.833763504   
4230.0  0.8233584595  
4235.0  0.8119567871  
4240.0  0.8007160187  
4245.0  0.7905139923  
4250.0  0.7827259064  
4255.0  0.7780440521  
4260.0  0.77701828    
4265.0  0.7794948578  
4270.0  0.7856227112  
4275.0  0.794932251   
4280.0  0.8066385651  
4285.0  0.8197407532  
4290.0  0.8337151337  
4295.0  0.8465193176  
4300.0  0.857982254   
4305.0  0.8666681671  
4310.0  0.8721142578  
4315.0  0.8742992401  
4320.0  0.8732215118  
4325.0  0.869345932   
4330.0  0.863444519   
4335.0  0.8565532684  
4340.0  0.8493199158  
4345.0  0.842824707   
4350.0  0.8376387787  
4355.0  0.8342253113  
4360.0  0.8328861237  
4365.0  0.833970871   
4370.0  0.8366738892  
4375.0  0.8417299652  
4380.0  0.8479486847  
4385.0  0.8548459625  
4390.0  0.8621588135  
4395.0  0.8697486877  
4400.0  0.876113205   
4405.0  0.8817886353  
4410.0  0.8862735748  
4415.0  0.8894445801  
4420.0  0.8913211823  
4425.0  0.8923487854  
4430.0  0.8925811768  
4435.0  0.8925240326  
4440.0  0.8925845337  
4445.0  0.8925710297  
4450.0  0.8931097412  
4455.0  0.8942651367  
4460.0  0.8960199738  
4465.0  0.89771698    
4470.0  0.9003863525  
4475.0  0.9028399658  
4480.0  0.9045664215  
4485.0  0.905834198   
4490.0  0.9068747711  
4495.0  0.9068405914  
4500.0  0.9057705688  
4505.0  0.903610611   
4510.0  0.9006773376  
4515.0  0.8971416473  
4520.0  0.8934371948  
4525.0  0.8897499084  
4530.0  0.886213913   
4535.0  0.8833808899  
4540.0  0.8813431549  
4545.0  0.8805474854  
4550.0  0.8810326385  
4555.0  0.8824292755  
4560.0  0.8852112579  
4565.0  0.8887143707  
4570.0  0.8935287476  
4575.0  0.8981715393  
4580.0  0.9036231995  
4585.0  0.908658905   
4590.0  0.9127732086  
4595.0  0.9164453888  
4600.0  0.9187101746  
4605.0  0.9198407745  
4610.0  0.919594574   
4615.0  0.9177758026  
4620.0  0.9150955963  
4625.0  0.9111949158  
4630.0  0.9067957306  
4635.0  0.9018401337  
4640.0  0.8966459656  
4645.0  0.892013855   
4650.0  0.8880496216  
4655.0  0.8847071838  
4660.0  0.8826321411  
4665.0  0.8816319275  
4670.0  0.8818643951  
4675.0  0.8834524536  
4680.0  0.8856808472  
4685.0  0.8890927124  
4690.0  0.8934185028  
4695.0  0.8981654358  
4700.0  0.9032698822  
4705.0  0.9086169434  
4710.0  0.9132093048  
4715.0  0.9179916382  
4720.0  0.9219780731  
4725.0  0.9253237915  
4730.0  0.927829895   
4735.0  0.9294002533  
4740.0  0.9302590179  
4745.0  0.9306798553  
4750.0  0.9306087494  
4755.0  0.9296061707  
4760.0  0.9289358521  
4765.0  0.9278477478  
4770.0  0.9269515991  
4775.0  0.9263558197  
4780.0  0.9257800293  
4785.0  0.9259856415  
4790.0  0.926631546   
4795.0  0.9275585938  
4800.0  0.9288455963  
4805.0  0.9300798035  
4810.0  0.9315483856  
4815.0  0.9330136108  
4820.0  0.9343808746  
4825.0  0.9352641296  
4830.0  0.9359390259  
4835.0  0.9358338165  
4840.0  0.9353457642  
4845.0  0.9342620087  
4850.0  0.9323362732  
4855.0  0.9299341583  
4860.0  0.926921463   
4865.0  0.9238922882  
4870.0  0.9201560211  
4875.0  0.9164277649  
4880.0  0.9129306793  
4885.0  0.9095108032  
4890.0  0.9064974976  
4895.0  0.9043847656  
4900.0  0.9022906494  
4905.0  0.9012378693  
4910.0  0.9006375122  
4915.0  0.9011686707  
4920.0  0.9021128082  
4925.0  0.9037010193  
4930.0  0.906203537   
4935.0  0.9092378235  
4940.0  0.9124305725  
4945.0  0.9159799194  
4950.0  0.9203726959  
4955.0  0.9243055725  
4960.0  0.9282219696  
4965.0  0.9319697571  
4970.0  0.9352986908  
4975.0  0.9382766724  
4980.0  0.9404541779  
4985.0  0.942355957   
4990.0  0.9437689209  
4995.0  0.9442832184  
5000.0  0.9444553375  
5005.0  0.9440118408  
5010.0  0.9431855774  
5015.0  0.9421723175  
5020.0  0.9411662292  
5025.0  0.9393981934  
5030.0  0.9381941223  
5035.0  0.9366783142  
5040.0  0.93540802    
5045.0  0.9343556213  
5050.0  0.9338009644  
5055.0  0.9330745697  
5060.0  0.932891922   
5065.0  0.9329039001  
5070.0  0.933213501   
5075.0  0.9337902832  
5080.0  0.9345147705  
5085.0  0.9352387238  
5090.0  0.9362998962  
5095.0  0.9370400238  
5100.0  0.9378356934  
5105.0  0.938486557   
5110.0  0.9390805817  
5115.0  0.9391655731  
5120.0  0.9394611359  
5125.0  0.9389674377  
5130.0  0.9385359192  
5135.0  0.9377561951  
5140.0  0.9363762665  
5145.0  0.9352811432  
5150.0  0.9339513397  
5155.0  0.9322314453  
5160.0  0.930488739   
5165.0  0.9289916992  
5170.0  0.9276347351  
5175.0  0.9259165192  
5180.0  0.9248786926  
5185.0  0.9240474701  
5190.0  0.9232131958  
5195.0  0.9228618622  
5200.0  0.9226938629  
5205.0  0.9230939484  
5210.0  0.9234341431  
5215.0  0.9242884064  
5220.0  0.9255839539  
5225.0  0.9268571472  
5230.0  0.9282675934  
5235.0  0.9300074005  
5240.0  0.9316394043  
5245.0  0.9332287598  
5250.0  0.9348913574  
5255.0  0.9362988281  
5260.0  0.9374167633  
5265.0  0.9387069702  
5270.0  0.9386148071  
5275.0  0.9385410309  
5280.0  0.9379981995  
5285.0  0.9372377014  
5290.0  0.9356744385  
5295.0  0.9337851715  
5300.0  0.9311956024  
5305.0  0.9284814453  
5310.0  0.9254187012  
5315.0  0.9218141174  
5320.0  0.9181355286  
5325.0  0.9145527649  
5330.0  0.9104634094  
5335.0  0.9065973663  
5340.0  0.9029395294  
5345.0  0.8992207336  
5350.0  0.8961890411  
5355.0  0.8931384277  
5360.0  0.8904858398  
5365.0  0.8884542847  
5370.0  0.8865357971  
5375.0  0.8852353668  
5380.0  0.8843771362  
5385.0  0.88396698    
5390.0  0.8840444946  
5395.0  0.8841370392  
5400.0  0.8846201324  
5405.0  0.8851551056  
5410.0  0.8862526703  
5415.0  0.8870552063  
5420.0  0.8878366089  
5425.0  0.8884503174  
5430.0  0.8884625244  
5435.0  0.8885917664  
5440.0  0.8875385284  
5445.0  0.886280365   
5450.0  0.8838304901  
5455.0  0.8803984833  
5460.0  0.8754918671  
5465.0  0.8693845367  
5470.0  0.8618963623  
5475.0  0.852297821   
5480.0  0.8404814911  
5485.0  0.8272883606  
5490.0  0.8110441589  
5495.0  0.7921570587  
5500.0  0.7709377289  
5505.0  0.7466990662  
5510.0  0.7199663544  
5515.0  0.6903876495  
5520.0  0.6583393097  
5525.0  0.6243404007  
5530.0  0.5875798416  
5535.0  0.5499282074  
5540.0  0.5115864944  
5545.0  0.4733064651  
5550.0  0.4354749298  
5555.0  0.398005867   
5560.0  0.3616936874  
5565.0  0.3278839493  
5570.0  0.2954489517  
5575.0  0.2654895401  
5580.0  0.2380522919  
5585.0  0.212556572   
5590.0  0.1897646713  
5595.0  0.168966217   
5600.0  0.1502301884  
5605.0  0.1340178394  
5610.0  0.1191387653  
5615.0  0.1060483646  
5620.0  0.09455750465 
5625.0  0.08381065369 
5630.0  0.074777565   
5635.0  0.06668633461 
5640.0  0.05956001282 
5645.0  0.053307271   
5650.0  0.04772911072 
5655.0  0.04264783382 
5660.0  0.03823523998 
5665.0  0.03424516678 
5670.0  0.03081827164 
5675.0  0.0277155304  
5680.0  0.02496094704 
5685.0  0.02251111269 
5690.0  0.0202176857  
5695.0  0.01824423671 
5700.0  0.01651061893 
5705.0  0.01488592148 
5710.0  0.01345292807 
5715.0  0.01212538242 
5720.0  0.01093672633 
5725.0  0.00988441587 
5730.0  0.00894475162 
5735.0  0.00806084752 
5740.0  0.00727849126 
5745.0  0.00659108877 
5750.0  0.0059444809  
5755.0  0.00537519395 
5760.0  0.00484008759 
5765.0  0.00437628657 
5770.0  0.00395710856 
5775.0  0.00358430117 
5780.0  0.00324026853 
5785.0  0.00291516662 
5790.0  0.00265555918 
5795.0  0.00240330324 
5800.0  0.00217825621 
5805.0  0.00198305681 
5810.0  0.00180857599 
5815.0  0.00163437262 
5820.0  0.00149140239 
5825.0  0.00136088431 
5830.0  0.00123988673 
5835.0  0.00112312533 
5840.0  0.00101497173 
5845.0  0.00094446033 
5850.0  0.00085969657 
5855.0  0.00078722239 
5860.0  0.00071970679 
5865.0  0.00066311769 
5870.0  0.00062489394 
5875.0  0.00057993364 
5880.0  0.00052574959 
5885.0  0.00049346995 
5890.0  0.00044113241 
5895.0  0.00042098209 
5900.0  0.00039294317 
5905.0  0.00036857191 
5910.0  0.00033942867 
5915.0  0.00034134086 
5920.0  0.00029828301 
5925.0  0.00026998596 
5930.0  0.0002540293  
5935.0  0.00024645854 
5940.0  0.00022831755 
5945.0  0.00022905806 
5950.0  0.00020726299 
5955.0  0.00020215124 
5960.0  0.00017961616 
5965.0  0.00019069077 
5970.0  0.00015521909 
5975.0  0.00015858786 
5980.0  0.00014902724 
5985.0  0.00014047386 
5990.0  0.00013296526 
5995.0  0.00014247667 
6000.0  0.00013535349 
6005.0  0.00012567124 
6010.0  0.00012308748 
6015.0  0.00010562593 
6020.0  0.00010402584 
6025.0  0.00010591345 
6030.0  9.023534e-05  
6035.0  9.704027e-05  
6040.0  9.511738e-05  
6045.0  9.186485e-05  
6050.0  8.800151e-05  
6055.0  8.482108e-05  
6060.0  7.06514e-05   
6065.0  7.783614e-05  
6070.0  7.054259e-05  
6075.0  7.002185e-05  
6080.0  6.890522e-05  
6085.0  5.988352e-05  
6090.0  6.691715e-05  
6095.0  7.542778e-05  
6100.0  6.763726e-05  
6105.0  6.318428e-05  
6110.0  4.820476e-05  
6115.0  6.945747e-05  
6120.0  3.73323e-05   
6125.0  5.098511e-05  
6130.0  5.048599e-05  
6135.0  4.926594e-05  
6140.0  3.854852e-05  
6145.0  3.647276e-05  
6150.0  2.479784e-05  
6155.0  2.407945e-05  
6160.0  2.558923e-05  
6165.0  3.382825e-05  
6170.0  3.915343e-05  
6175.0  3.318941e-05  
6180.0  2.491568e-05  
6185.0  4.691204e-05  
6190.0  3.33002e-05   
6195.0  2.18949e-05   
6200.0  2.112977e-05  
6205.0  2.189254e-05  
6210.0  1.960084e-05  
6215.0  3.257337e-05  
6220.0  1.578013e-05  
6225.0  9.68199e-06   
6230.0  1.273832e-05  
6235.0  6.67374e-06   
6240.0  8.97313e-06   
6245.0  1.051354e-05  
6250.0  7.52636e-06   
6255.0  3.06575e-06   
6260.0  1.807365e-05  
6265.0  3.19483e-06   
6270.0  7.71534e-06   
6275.0  1.87062e-06   
6280.0  1.369489e-05  
6285.0  1.590974e-05  
6290.0  1.657454e-05  
6295.0  4.41e-07      
6300.0  2.0749e-06    
6305.0  6.73e-07      
6310.0  1.054615e-05  
6315.0  1.283927e-05  
6320.0  9.17681e-06   
6325.0  -4.00214e-06  
6330.0  1.150435e-05  
6335.0  9.37685e-06   
6340.0  -2.8241e-06   
6345.0  7.35708e-06   
6350.0  -3.96569e-06  
6355.0  -5.23999e-06  
6360.0  5.46926e-06   
6365.0  1.884062e-05  
6370.0  -6.19454e-06  
6375.0  2.93798e-06   
6380.0  7.8416e-06    
6385.0  -1.00335e-06  
6390.0  -2.94991e-06  
6395.0  8.68534e-06   
6400.0  2.64894e-06   
6405.0  2.70783e-06   
6410.0  6.11922e-06   
6415.0  1.084175e-05  
6420.0  8.53e-07      
6425.0  8.9e-07       
6430.0  -4.07e-07     
6435.0  6.25899e-06   
6440.0  8.26141e-06   
6445.0  -6.33471e-06  
6450.0  1.091865e-05  
6455.0  1.755686e-05  
6460.0  4.92113e-06   
6465.0  7.56045e-06   
6470.0  1.62152e-05   
6475.0  1.48787e-06   
6480.0  -3.26544e-06  
6485.0  1.079934e-05  
6490.0  -5.46781e-06  
6495.0  1.21353e-06   
6500.0  7.94983e-06   
6505.0  1.132281e-05  
6510.0  1.127424e-05  
6515.0  -5.85e-07     
6520.0  -1.981942e-05 
6525.0  2.92e-07      
6530.0  1.48819e-06   
6535.0  4.04265e-06   
6540.0  4.59247e-06   
6545.0  1.7197e-06    
6550.0  7.23e-07      
6555.0  1.098092e-05  
6560.0  6.89577e-06   
6565.0  -8.73079e-06  
6570.0  -9.02134e-06  
6575.0  -7.95533e-06  
6580.0  3.36004e-06   
6585.0  1.65178e-06   
6590.0  1.43953e-06   
6595.0  -6.92462e-06  
6600.0  -3.11923e-06  
6605.0  2.68715e-06   
6610.0  -3.66769e-06  
6615.0  -1.070176e-05 
6620.0  3.89499e-06   
6625.0  8.52284e-06   
6630.0  5.9876e-06    
6635.0  -4.50275e-06  
6640.0  6.69608e-06   
6645.0  2.38997e-06   
6650.0  6.23e-07      
6655.0  1.56096e-06   
6660.0  9.42585e-06   
6665.0  7.22323e-06   
6670.0  6.59e-07      
6675.0  7.59602e-06   
6680.0  -6.08013e-06  
6685.0  -5.76696e-06  
6690.0  4.75582e-06   
6695.0  5.6458e-06    
6700.0  6.78355e-06   
6705.0  -2.96473e-06  
6710.0  7.43e-07      
6715.0  -9.69e-07     
6720.0  3.4326e-06    
6725.0  -4.31824e-06  
6730.0  1.4276e-06    
6735.0  3.66e-07      
6740.0  7.31e-08      
6745.0  -1.386516e-05 
6750.0  -3.25832e-06  
6755.0  -2.00932e-05  
6760.0  1.19e-07      
6765.0  1.86982e-06   
6770.0  -4.6e-07      
6775.0  -1.47308e-06  
6780.0  8.76e-07      
6785.0  8.05495e-06   
6790.0  9.2613e-06    
6795.0  4.03554e-06   
6800.0  -9.66472e-06  
6805.0  -8.07244e-06  
6810.0  -5.73688e-06  
6815.0  -1.27249e-06  
6820.0  -9.37e-07     
6825.0  -1.90098e-06  
6830.0  1.004458e-05  
6835.0  7.14018e-06   
6840.0  -8.89877e-06  
6845.0  -7.07141e-06  
6850.0  6.73442e-06   
6855.0  1.07304e-06   
6860.0  -1.97374e-06  
6865.0  -7.53555e-06  
6870.0  5.01731e-06   
6875.0  1.13e-07      
6880.0  5.27e-07      
6885.0  9.46e-07      
6890.0  2.227994e-05  
6895.0  -2.30893e-06  
6900.0  -2.60898e-06  
6905.0  -4.27779e-06  
6910.0  -1.83624e-06  
6915.0  -5.78e-08     
6920.0  4.96649e-06   
6925.0  4.09054e-06   
6930.0  -2.93917e-06  
6935.0  -6.70428e-06  
6940.0  4.68232e-06   
6945.0  2.33734e-06   
6950.0  2.10735e-06   
6955.0  1.481605e-05  
6960.0  7.85433e-06   
6965.0  6.30123e-06   
6970.0  -3.6362e-06   
6975.0  -1.047976e-05 
6980.0  1.30935e-06   
6985.0  1.204471e-05  
6990.0  -2.63576e-06  
6995.0  -2.80192e-06  
7000.0  3.66039e-06   
7005.0  -2.59582e-06  
7010.0  -4.23484e-06  
7015.0  -4.53592e-06  
7020.0  7.72227e-06   
7025.0  4.96e-07      
7030.0  4.91439e-06   
7035.0  -8.79437e-06  
7040.0  1.80488e-06   
7045.0  -7.42702e-06  
7050.0  2.591745e-05  
7055.0  -2.98188e-06  
7060.0  -1.248793e-05 
7065.0  -1.559178e-05 
7070.0  2.47144e-06   
7075.0  7.11757e-06   
7080.0  -7.61e-07     
7085.0  3.19372e-06   
7090.0  8.26921e-06   
7095.0  6.10781e-06   
7100.0  -5.68325e-06  
7105.0  -8.06371e-06  
7110.0  -1.680692e-05 
7115.0  -2.89287e-06  
7120.0  6.97799e-06   
7125.0  3.4601e-06    
7130.0  -7.64532e-06  
7135.0  1.6861e-06    
7140.0  -8.31326e-06  
7145.0  -1.02e-07     
7150.0  -9.45e-07     
7155.0  -5.26e-07     
7160.0  -6.21311e-06  
7165.0  -7.21215e-06  
7170.0  3.61592e-06   
7175.0  5.54012e-06   
7180.0  -2.99695e-06  
7185.0  -5.07976e-06  
7190.0  7.47745e-06   
7195.0  -1.663118e-05 
7200.0  -3.19488e-06  
7205.0  -4.86238e-06  
7210.0  -1.365274e-05 
7215.0  -9.89e-07     
7220.0  7.6117e-06    
7225.0  -8.11529e-06  
7230.0  -1.255594e-05 
7235.0  -1.016563e-05 
7240.0  4.23222e-06   
7245.0  4.76495e-06   
7250.0  -2.40618e-06  
7255.0  -4.67e-07     
7260.0  -2.518553e-05 
7265.0  5.25427e-06   
7270.0  9.11e-07      
7275.0  -5.18e-09     
7280.0  -1.108611e-05 
7285.0  -5.61286e-06  
7290.0  4.20476e-06   
7295.0  1.016968e-05  
7300.0  8.68066e-06   
7305.0  -6.79875e-06  
7310.0  -3.57e-08     
7315.0  2.59164e-06   
7320.0  3.73243e-06   
7325.0  -1.16773e-06  
7330.0  -2.77438e-06  
7335.0  -4.40254e-06  
7340.0  -5.38106e-06  
7345.0  -4.9637e-06   
7350.0  -3.81194e-06  
7355.0  -2.39563e-06  
7360.0  -5.10137e-06  
7365.0  -9.45985e-06  
7370.0  4.648e-06     
7375.0  -3.89e-07     
7380.0  -2.526816e-05 
7385.0  -4.41112e-06  
7390.0  -3.01008e-06  
7395.0  -1.983985e-05 
7400.0  5.53852e-06   
7405.0  1.499757e-05  
7410.0  1.147065e-05  
7415.0  1.840826e-05  
7420.0  7.73249e-06   
7425.0  -1.539881e-05 
7430.0  -3.68006e-06  
7435.0  -4.62516e-06  
7440.0  -1.46061e-06  
7445.0  -1.490986e-05 
7450.0  -2.64387e-06  
7455.0  -7.16021e-06  
7460.0  -1.70853e-06  
7465.0  -7.33974e-06  
7470.0  -2.49949e-06  
7475.0  5.47496e-06   
7480.0  -9.93671e-06  
7485.0  1.6483e-06    
7490.0  -2.10577e-06  
7495.0  -6.64588e-06  
7500.0  1.503047e-05  
7505.0  3.02824e-06   
7510.0  1.14e-07      
7515.0  1.27335e-06   
7520.0  1.06768e-06   
7525.0  -7.60255e-06  
7530.0  -7.91148e-06  
7535.0  -9.82968e-06  
7540.0  5.80866e-06   
7545.0  4.29925e-06   
7550.0  5.49977e-06   
7555.0  7.43014e-06   
7560.0  7.29844e-06   
7565.0  -6.34976e-06  
7570.0  -6.65257e-06  
7575.0  -1.005292e-05 
7580.0  5.03572e-06   
7585.0  2.11778e-06   
7590.0  1.094165e-05  
7595.0  -4.66466e-06  
7600.0  -4.2574e-06   
7605.0  -1.752979e-05 
7610.0  -5.88682e-06  
7615.0  2.36093e-06   
7620.0  4.92781e-06   
7625.0  -4.93668e-06  
7630.0  -8.71609e-06  
7635.0  -4.78486e-06  
7640.0  2.12165e-06   
7645.0  7.73294e-06   
7650.0  5.32379e-06   
7655.0  -2.38031e-06  
7660.0  2.19718e-06   
7665.0  -4.92939e-06  
7670.0  9.54414e-06   
7675.0  -4.03436e-06  
7680.0  1.219898e-05  
7685.0  -1.64812e-06  
7690.0  -2.74e-07     
7695.0  -1.04331e-06  
7700.0  -3.33725e-06  
7705.0  -1.08e-07     
7710.0  4.61261e-06   
7715.0  3.73928e-06   
7720.0  -5.06134e-06  
7725.0  1.94339e-06   
7730.0  5.30724e-06   
7735.0  -2.4955e-06   
7740.0  -2.03973e-06  
7745.0  4.73544e-06   
7750.0  -1.099851e-05 
7755.0  -4.16332e-06  
7760.0  7.14526e-06   
7765.0  5.55519e-06   
7770.0  -9.56928e-06  
7775.0  -7.32352e-06  
7780.0  -6.21573e-06  
7785.0  4.04146e-06   
7790.0  -1.79799e-06  
7795.0  2.27422e-06   
7800.0  -1.600775e-05 
7805.0  1.17968e-06   
7810.0  -8.84474e-06  
7815.0  -1.071684e-05 
7820.0  8.01e-08      
7825.0  8.99551e-06   
7830.0  -7.40681e-06  
7835.0  -1.627525e-05 
7840.0  2.88221e-06   
7845.0  1.97834e-06   
7850.0  -9.89e-07     
7855.0  5.1321e-06    
7860.0  -4.03292e-06  
7865.0  4.83893e-06   
7870.0  -5.92302e-06  
7875.0  -4.03059e-06  
7880.0  3.66968e-06   
7885.0  5.96e-07      
7890.0  -4.46144e-06  
7895.0  -5.12311e-06  
7900.0  2.94705e-06   
7905.0  -1.4072e-06   
7910.0  -1.36215e-05  
7915.0  -1.323562e-05 
7920.0  1.29e-07      
7925.0  6.47773e-06   
7930.0  -1.347781e-05 
7935.0  3.94338e-06   
7940.0  -3.8473e-06   
7945.0  1e-07         
7950.0  2.101383e-05  
7955.0  8.95337e-06   
7960.0  -4.67e-07     
7965.0  -1.585116e-05 
7970.0  -1.838846e-05 
7975.0  1.90241e-06   
7980.0  1.73291e-06   
7985.0  -8.21156e-06  
7990.0  5.17147e-06   
7995.0  3.46493e-06   
8000.0  1.400172e-05  
8005.0  -7.95451e-06  
8010.0  -8.04191e-06  
8015.0  -2.4444e-06   
8020.0  2.47952e-06   
8025.0  -3.33214e-06  
8030.0  -1.208262e-05 
8035.0  -6.42149e-06  
8040.0  -1.45452e-05  
8045.0  5.02346e-06   
8050.0  -1.782052e-05 
8055.0  -8.41642e-06  
8060.0  -1.596157e-05 
8065.0  5.21682e-06   
8070.0  9.97756e-06   
8075.0  -5.41349e-06  
8080.0  -5.56448e-06  
8085.0  1.049172e-05  
8090.0  -3.78432e-06  
8095.0  5.35164e-06   
8100.0  -1.060221e-05 
8105.0  -5.02764e-06  
8110.0  -7.42423e-06  
8115.0  2.67736e-06   
8120.0  -4.59493e-06  
8125.0  1.70078e-06   
8130.0  2.93269e-06   
8135.0  5.5803e-06    
8140.0  -5.20839e-06  
8145.0  1.102457e-05  
8150.0  8.75561e-06   
8155.0  -1.918587e-05 
8160.0  -8.1034e-06   
8165.0  -4.55513e-06  
8170.0  4.9442e-06    
8175.0  -5.1482e-06   
8180.0  8.13691e-06   
8185.0  -1.161051e-05 
8190.0  -5.1314e-06   
8195.0  5.12446e-06   
8200.0  8.39563e-06   
8205.0  -1.235649e-05 
8210.0  9.35e-08      
8215.0  -1.1384e-05   
8220.0  -4.51208e-06  
8225.0  -4.95091e-06  
8230.0  7.40835e-06   
8235.0  -5.87702e-06  
8240.0  -2.46472e-06  
8245.0  -6.23e-07     
8250.0  3.18114e-06   
8255.0  -4.13318e-06  
8260.0  -1.67186e-06  
8265.0  1.5248e-05    
8270.0  5.87718e-06   
8275.0  -7.21364e-06  
8280.0  -1.098681e-05 
8285.0  8.03608e-06   
8290.0  1.93877e-06   
8295.0  -5.77e-07     
8300.0  1.43547e-05   
8305.0  4.69672e-06   
8310.0  -1.021097e-05 
8315.0  -6.84681e-06  
8320.0  1.79482e-06   
8325.0  -7.96e-07     
8330.0  4.1523e-06    
8335.0  6.28477e-06   
8340.0  -1.14542e-06  
8345.0  -1.000605e-05 
8350.0  -1.53236e-05  
8355.0  3.37835e-06   
8360.0  1.024307e-05  
8365.0  -4.71e-07     
8370.0  4.93873e-06   
8375.0  8.3075e-06    
8380.0  -4.3111e-06   
8385.0  2.37649e-06   
8390.0  7.91355e-06   
8395.0  4.50452e-06   
8400.0  2.48465e-06   
8405.0  -5.65346e-06  
8410.0  6.58206e-06   
8415.0  9.94629e-06   
8420.0  1.670087e-05  
8425.0  -3.68249e-06  
8430.0  -2.39972e-05  
8435.0  -5.44416e-06  
8440.0  -9.36e-07     
8445.0  2.30854e-06   
8450.0  1.5972e-06    
8455.0  -2.40716e-06  
8460.0  1.47e-07      
8465.0  -5.77e-07     
8470.0  4.62866e-06   
8475.0  -1.36821e-06  
8480.0  -1.673443e-05 
8485.0  -4.8421e-06   
8490.0  -8.52271e-06  
8495.0  1.6449e-06    
8500.0  1.581138e-05  
8505.0  1.122503e-05  
8510.0  -1.466663e-05 
8515.0  -8.19402e-06  
8520.0  9.23424e-06   
8525.0  1.047254e-05  
8530.0  -3.99963e-06  
8535.0  -6.78653e-06  
8540.0  -2.9082e-06   
8545.0  4.21108e-06   
8550.0  -2.91706e-06  
8555.0  2.13555e-06   
8560.0  -1.610108e-05 
8565.0  -6.86e-07     
8570.0  -5.41654e-06  
8575.0  -1.57274e-06  
8580.0  -9.68339e-06  
8585.0  -6.04676e-06  
8590.0  9.17219e-06   
8595.0  -4.97149e-06  
8600.0  -6.02e-07     
8605.0  -1.36479e-06  
8610.0  -2.09033e-06  
8615.0  -1.133739e-05 
8620.0  -3.57198e-06  
8625.0  -2.75343e-06  
8630.0  -8.56061e-06  
8635.0  -4.07e-07     
8640.0  1.39274e-06   
8645.0  6.46765e-06   
8650.0  3.19644e-06   
8655.0  -7.06e-07     
8660.0  -2.03304e-06  
8665.0  -4.03881e-06  
8670.0  4.21e-07      
8675.0  -9.04e-07     
8680.0  -2.92153e-06  
8685.0  -1.66415e-06  
8690.0  1.02422e-06   
8695.0  9.11367e-06   
8700.0  5.38312e-06   
8705.0  -2.84485e-06  
8710.0  -1.403205e-05 
8715.0  -1.164171e-05 
8720.0  5.94466e-06   
8725.0  5.96574e-06   
8730.0  -4.02972e-06  
8735.0  -9.00769e-06  
8740.0  -1.03962e-06  
8745.0  1.622e-06     
8750.0  6.15996e-06   
8755.0  1.03766e-06   
8760.0  -9.25377e-06  
8765.0  9.46491e-06   
8770.0  -8.25e-08     
8775.0  -7.65492e-06  
8780.0  1.149586e-05  
8785.0  6.48579e-06   
8790.0  5.29512e-06   
8795.0  1.325618e-05  
8800.0  -1.60022e-06  
8805.0  -9.20901e-06  
8810.0  2.036256e-05  
8815.0  4.07e-08      
8820.0  1.122096e-05  
8825.0  -1.493957e-05 
8830.0  2.034816e-05  
8835.0  -1.547026e-05 
8840.0  -1.899166e-05 
8845.0  -1.39276e-06  
8850.0  1.146977e-05  
8855.0  -1.099442e-05 
8860.0  2.88748e-06   
8865.0  -1.865527e-05 
8870.0  -3.7007e-06   
8875.0  -8.30409e-06  
8880.0  4.28674e-06   
8885.0  -2.54536e-06  
8890.0  5.95668e-06   
8895.0  -2.592e-05    
8900.0  1.528857e-05  
8905.0  -1.627673e-05 
8910.0  3.262821e-05  
8915.0  1.94153e-06   
8920.0  -1.818273e-05 
8925.0  4.33371e-06   
8930.0  3.29417e-06   
8935.0  -1.597364e-05 
8940.0  -1.090573e-05 
8945.0  8.25e-07      
8950.0  -6.52453e-06  
8955.0  6.60978e-06   
8960.0  1.26091e-05   
8965.0  2.34302e-05   
8970.0  -2.43272e-05  
8975.0  -2.355156e-05 
8980.0  2.10506e-05   
8985.0  -3.82939e-06  
8990.0  -1.56047e-05  
8995.0  -0.00028219339
9000.0  -0.00024700308
9005.0  -0.00026566006
9010.0  -0.00026817378
9015.0  -0.00029274732
9020.0  -0.00029664952
9025.0  -0.00025370929
9030.0  -0.00025251141
9035.0  -0.00026478529
9040.0  -0.00026486922
9045.0  -0.00030786447
9050.0  -0.00028475322
9055.0  -0.00026083935
9060.0  -0.00030163405
9065.0  -0.00027258234
9070.0  -0.0002816383 
9075.0  -0.0002702729 
9080.0  -0.00027324833
9085.0  -0.00029028337
9090.0  -0.00025881719
9095.0  -0.00026420996
9100.0  -0.00026145449
9105.0  -0.00024272153
9110.0  -0.00024043564
9115.0  -0.00027691076
9120.0  -0.00028892344
9125.0  -0.00025627725
9130.0  -0.00024607528
9135.0  -0.00028205669
9140.0  -0.0002737828 
9145.0  -0.00026317913
9150.0  -0.00027063154
9155.0  -0.00026199264
9160.0  -0.00026027527
9165.0  -0.00025272381
9170.0  -0.00027618095
9175.0  -0.00022795741
9180.0  -0.00028496765
9185.0  -0.00026785919
9190.0  -0.00028528582
9195.0  -0.00029750209
9200.0  -0.00026033865
9205.0  -0.00027384046
9210.0  -0.00029803777
9215.0  -0.00028484231
9220.0  -0.00026200904
9225.0  -0.00027722266
9230.0  -0.00026790382
9235.0  -0.00024653196
9240.0  -0.00027088044
9245.0  -0.00027846577
9250.0  -0.00032332491
9255.0  -0.00026931169
9260.0  -0.00026420623
9265.0  -0.00025030101
9270.0  -0.00028800448
9275.0  -0.00029195236
9280.0  -0.00024781981
9285.0  -0.00027824029
9290.0  -0.00028379705
9295.0  -0.00028725952
9300.0  -0.00023730181
9305.0  -0.00029355396
9310.0  -0.00030644046
9315.0  -0.00027967667
9320.0  -0.00025815269
9325.0  -0.00027429184
9330.0  -0.00030520739
9335.0  -0.00026659627
9340.0  -0.00023323882
9345.0  -0.00028242977
9350.0  -0.00026644362
9355.0  -0.00028305314
9360.0  -0.00028928112
9365.0  -0.00026717812
9370.0  -0.00025552619
9375.0  -0.00028203245
9380.0  -0.00030809619
9385.0  -0.0002622088 
9390.0  -0.00020606315
9395.0  -0.00030124648
9400.0  -0.00027996531
9405.0  -0.00025122456
9410.0  -0.00028061172
9415.0  -0.00030261355
9420.0  -0.0002683441 
9425.0  -0.00026814144
9430.0  -0.00025263006
9435.0  -0.00026166696
9440.0  -0.0002580161 
9445.0  -0.000298208  
9450.0  -0.00027468381
9455.0  -0.00026811695
9460.0  -0.00025647754
9465.0  -0.00030378982
9470.0  -0.00025872136
9475.0  -0.0002596312 
9480.0  -0.00028137039
9485.0  -0.00027950155
9490.0  -0.00027524231
9495.0  -0.00027769431
9500.0  -0.0002764675 
9505.0  -0.00026931556
9510.0  -0.00026971634
9515.0  -0.00029258369
9520.0  -0.00028486926
9525.0  -0.00030772664
9530.0  -0.00027312204
9535.0  -0.0002629949 
9540.0  -0.00027028678
9545.0  -0.00028441422
9550.0  -0.00025884757
9555.0  -0.00028577499
9560.0  -0.00028452367
9565.0  -0.00031940684
9570.0  -0.0002602564 
9575.0  -0.00027686829
9580.0  -0.00028836325
9585.0  -0.00027513821
9590.0  -0.00027438326
9595.0  -0.00026035592
9600.0  -0.00028836442
9605.0  -0.00025631245
9610.0  -0.00026357118
9615.0  -0.00026820233
9620.0  -0.00027527628
9625.0  -0.00026463408
9630.0  -0.00027995443
9635.0  -0.00031952817
9640.0  -0.00031681947
9645.0  -0.00024759592
9650.0  -0.00025833402
9655.0  -0.00026265686
9660.0  -0.00027455147
9665.0  -0.00027683528
9670.0  -0.00028365795
9675.0  -0.0002707942 
9680.0  -0.00024050377
9685.0  -0.00030309102
9690.0  -0.00028682619
9695.0  -0.00024319576
9700.0  -0.00028231431
9705.0  -0.00024138626
9710.0  -0.00023652527
9715.0  -0.00030386986
9720.0  -0.00030273309
9725.0  -0.00029368117
9730.0  -0.00023607021
9735.0  -0.00024901068
9740.0  -0.00029429575
9745.0  -0.00025432196
9750.0  -0.00026634252
9755.0  -0.00029799879
9760.0  -0.00029535329
9765.0  -0.0002258868 
9770.0  -0.00029342964
9775.0  -0.00031761527
9780.0  -0.00030906163
9785.0  -0.00029151132
9790.0  -0.00026151646
9795.0  -0.00026550723
9800.0  -0.00025255688
9805.0  -0.00027692588
9810.0  -0.00026817035
9815.0  -0.00027135976
9820.0  -0.00026493965
9825.0  -0.00027952813
9830.0  -0.0002688865 
9835.0  -0.00024583263
9840.0  -0.00025378231
9845.0  -0.00032649219
9850.0  -0.00024037322
9855.0  -0.00022794604
9860.0  -0.00027580656
9865.0  -0.00024920469
9870.0  -0.00024137311
9875.0  -0.0002780314 
9880.0  -0.00029456014
9885.0  -0.00026552597
9890.0  -0.00022690522
9895.0  -0.00027901869
9900.0  -0.00030971639
9905.0  -0.00024481708
9910.0  -0.00025667738
9915.0  -0.00030902717
9920.0  -0.00022233309
9925.0  -0.00028414462
9930.0  -0.00020623378
9935.0  -0.00028939024
9940.0  -0.00026806578
9945.0  -0.00023711242
9950.0  -0.00024265694
9955.0  -0.00024057899
9960.0  -0.00025400991
9965.0  -0.00025462635
9970.0  -0.00019836947
9975.0  -0.00025898192
9980.0  -0.00023418078
9985.0  -0.00021097071
9990.0  -0.00024807759
9995.0  -0.00022619395
10000.0 -0.00019480258
10005.0 -0.00023820627
10010.0 -0.00020379856
10015.0 -0.00026195439
10020.0 -0.0002521023 
10025.0 -0.00022639614
10030.0 -0.0002301148 
10035.0 -0.00019518854
10040.0 -0.00018251495
10045.0 -0.00022806257
10050.0 -0.00024704   
10055.0 -0.00024649397
10060.0 -0.0002246999 
10065.0 -0.00019690419
10070.0 -0.00021719377
10075.0 -0.00024475573
10080.0 -0.00019774625
10085.0 -0.00026377166
10090.0 -0.00022989012
10095.0 -0.00017906716
10100.0 -0.00020873852
10105.0 -0.0002437146 
10110.0 -0.00018455599
10115.0 -0.00022385612
10120.0 -0.00022303956
10125.0 -0.00020962639
10130.0 -0.00023306778
10135.0 -0.00022968518
10140.0 -0.00025700508
10145.0 -0.000254393  
10150.0 -0.00020792395
10155.0 -0.00024977434
10160.0 -0.00024284298
10165.0 -0.0002230249 
10170.0 -0.00021670297
10175.0 -0.00021617349
10180.0 -0.00024882222
10185.0 -0.00018437149
10190.0 -0.00024802774
10195.0 -0.00023601713
10200.0 -0.00019383574
10205.0 -0.00024670206
10210.0 -0.00025683193
10215.0 -0.00020635005
10220.0 -0.00022667563
10225.0 -0.00023081115
10230.0 -0.00025387445
10235.0 -0.00022699727
10240.0 -0.000240032  
10245.0 -0.00022810122
10250.0 -0.00023898745
10255.0 -0.00022074148
10260.0 -0.00020932652
10265.0 -0.00021978127
10270.0 -0.00024268597
10275.0 -0.00024194475
10280.0 -0.00022436939
10285.0 -0.00022536928
10290.0 -0.0002219753 
10295.0 -0.00024606071
10300.0 -0.00026810804
10305.0 -0.00022011403
10310.0 -0.00022810655
10315.0 -0.00021897178
10320.0 -0.00022637047
10325.0 -0.00024112904
10330.0 -0.00023055281
10335.0 -0.00024168316
10340.0 -0.00024702616
10345.0 -0.00023003532
10350.0 -0.0002356399 
10355.0 -0.00023028076
10360.0 -0.00022482809
10365.0 -0.0002513203 
10370.0 -0.00025026504
10375.0 -0.00023519194
10380.0 -0.00021021599
10385.0 -0.0002028962 
10390.0 -0.00024536919
10395.0 -0.00021347376
10400.0 -0.00021863513
10405.0 -0.00015369795
10410.0 -0.00024487456
10415.0 -0.00027324276
10420.0 -0.00017835462
10425.0 -0.00022906294
10430.0 -0.00020030998
10435.0 -0.00020876214
10440.0 -0.00018435448
10445.0 -0.00018293627
10450.0 -0.00021843236
10455.0 -0.00023963304
10460.0 -0.00021100054
10465.0 -0.00019244744
10470.0 -0.00019605348
10475.0 -0.00021763813
10480.0 -0.00018473804
10485.0 -0.00019063897
10490.0 -0.0001823389 
10495.0 -0.00022286169
10500.0 -0.00018569803
10505.0 -0.00015020523
10510.0 -0.0001597015 
10515.0 -0.00020071663
10520.0 -0.00015925726
10525.0 -0.00015242529
10530.0 -0.00016351767
10535.0 -0.00018647457
10540.0 -0.00012126108
10545.0 -0.00015586154
10550.0 -0.00015560154
10555.0 -0.00012646394
10560.0 -0.00015497049
10565.0 -0.00014759662
10570.0 -0.00011536471
10575.0 -9.857048e-05 
10580.0 -0.00014980701
10585.0 -0.00010729128
10590.0 -0.00015960637
10595.0 -0.00014525414
10600.0 -0.00010658793
10605.0 -0.00014581599
10610.0 -0.00013395044
10615.0 -0.00010589863
10620.0 -0.00012838116
10625.0 -0.00013280398
10630.0 -0.00013167613
10635.0 -9.340331e-05 
10640.0 -0.00010157773
10645.0 -0.00010313648
10650.0 -0.00010565902
10655.0 -7.963242e-05 
10660.0 -0.0001231678 
10665.0 -9.416861e-05 
10670.0 -0.0001140177 
10675.0 -0.00010676801
10680.0 -6.349337e-05 
10685.0 -0.00012303717
10690.0 -7.13241e-05  
10695.0 -7.972219e-05 
10700.0 -0.00010624941
10705.0 -9.403287e-05 
10710.0 -6.926086e-05 
10715.0 -0.00010436089
10720.0 -9.531803e-05 
10725.0 -9.164461e-05 
10730.0 -5.520377e-05 
10735.0 -5.627014e-05 
10740.0 -4.939074e-05 
10745.0 -9.199454e-05 
10750.0 -9.827875e-05 
10755.0 -0.00010418741
10760.0 -7.99826e-05  
10765.0 -4.407324e-05 
10770.0 -5.269028e-05 
10775.0 -8.99264e-05  
10780.0 -7.993222e-05 
10785.0 -7.629915e-05 
10790.0 -5.242049e-05 
10795.0 -7.915492e-05 
10800.0 -7.992761e-05 
10805.0 -6.491993e-05 
10810.0 -3.065827e-05 
10815.0 -4.908932e-05 
10820.0 -4.630901e-05 
10825.0 -8.579721e-05 
10830.0 -6.013527e-05 
10835.0 -3.456934e-05 
10840.0 -4.62212e-05  
10845.0 -2.982174e-05 
10850.0 -4.470375e-05 
10855.0 -3.210198e-05 
10860.0 -2.062944e-05 
10865.0 -6.442171e-05 
10870.0 -4.479669e-05 
10875.0 -7.293761e-05 
10880.0 -1.55568e-06  
10885.0 -3.448529e-05 
10890.0 -2.500551e-05 
10895.0 -9.45207e-06  
10900.0 -6.266232e-05 
10905.0 -4.570339e-05 
10910.0 -1.50133e-05  
10915.0 -3.909532e-05 
10920.0 -7.54855e-06  
10925.0 -1.143408e-05 
10930.0 4.23283e-06   
10935.0 3.327659e-05  
10940.0 -3.9984e-06   
10945.0 1.636325e-05  
10950.0 2.028524e-05  
10955.0 3.495895e-05  
10960.0 -1.872867e-05 
10965.0 2.320944e-05  
10970.0 3.186446e-05  
10975.0 2.230051e-05  
10980.0 1.331794e-05  
10985.0 4.907621e-05  
10990.0 9.308744e-05  
10995.0 5.23648e-06   
11000.0 5.841089e-05  
11005.0 8.996258e-05  
11010.0 6.744538e-05  
11015.0 7.002286e-05  
11020.0 0.00010998189 
11025.0 0.00010365898 
11030.0 9.595946e-05  
11035.0 8.60653e-05   
11040.0 7.608578e-05  
11045.0 0.00016216865 
11050.0 0.00015555327 
11055.0 0.00011213774 
11060.0 0.00015416497 
11065.0 0.00017256903 
11070.0 0.00016210031 
11075.0 0.000144622   
11080.0 0.00021275632 
11085.0 0.00022980794 
11090.0 0.00018904841 
11095.0 0.00017180463 
11100.0 0.00025886184 
11105.0 0.0002196778  
11110.0 0.00021820519 
11115.0 0.00025339006 
11120.0 0.00023813251 
11125.0 0.00028180102 
11130.0 0.00024420116 
11135.0 0.00030244898 
11140.0 0.00029602146 
11145.0 0.00032451048 
11150.0 0.0003531963  
11155.0 0.00033261608 
11160.0 0.00037355389 
11165.0 0.00038428821 
11170.0 0.00038997307 
11175.0 0.00038611498 
11180.0 0.00040167671 
11185.0 0.00041739773 
11190.0 0.00040568952 
11195.0 0.00043586828 
11200.0 0.00046109039 
11205.0 0.00048645232 
11210.0 0.00043784812 
11215.0 0.00051600918 
11220.0 0.00052916218 
11225.0 0.0004973156  
11230.0 0.00051661946 
11235.0 0.00055597827 
11240.0 0.00057077151 
11245.0 0.00052922491 
11250.0 0.00057652719 
11255.0 0.00057377409 
11260.0 0.00060927115 
11265.0 0.00058022805 
11270.0 0.00060652442 
11275.0 0.00063141979 
11280.0 0.00065201744 
11285.0 0.00064012446 
11290.0 0.00066376448 
11295.0 0.00068890505 
11300.0 0.00066144317 
11305.0 0.00066640295 
11310.0 0.00070454307 
11315.0 0.00068752535 
11320.0 0.00071478546 
11325.0 0.00074751712 
11330.0 0.00070944309 
11335.0 0.00074494407 
11340.0 0.00076262176 
11345.0 0.00072987877 
11350.0 0.00074912444 
11355.0 0.00080902196 
11360.0 0.00074836388 
11365.0 0.00075250037 
11370.0 0.00080042273 
11375.0 0.00079847604 
11380.0 0.00078340843 
11385.0 0.00078098617 
11390.0 0.00080967337 
11395.0 0.00083685815 
11400.0 0.00080776893 
11405.0 0.00083458409 
11410.0 0.00082613446 
11415.0 0.00081042968 
11420.0 0.00085600667 
11425.0 0.00086912423 
11430.0 0.00083292156 
11435.0 0.00085199125 
11440.0 0.00085395508 
11445.0 0.00081642345 
11450.0 0.00085793585 
11455.0 0.00086009786 
11460.0 0.000896376   
11465.0 0.00082613222 
11470.0 0.00081883118 
11475.0 0.00090659924 
11480.0 0.00087690733 
11485.0 0.00088448867 
11490.0 0.00091752656 
11495.0 0.00090363555 
11500.0 0.00091530845 
11505.0 0.00091885604 
11510.0 0.00090435639 
11515.0 0.00088573314 
11520.0 0.00089251392 
11525.0 0.00094876491 
11530.0 0.00093446091 
11535.0 0.00092737623 
11540.0 0.00090963595 
11545.0 0.00097218059 
11550.0 0.0009634766  
11555.0 0.00096937694 
11560.0 0.00097483002 
11565.0 0.00099230118 
11570.0 0.00100548916 
11575.0 0.00099397063 
11580.0 0.00096990898 
11585.0 0.00096355893 
11590.0 0.00104627512 
11595.0 0.00102051601 
11600.0 0.00098931588 
11605.0 0.00100723222 
11610.0 0.00104278155 
11615.0 0.00105984792 
11620.0 0.00105503902 
11625.0 0.00108143106 
11630.0 0.00108944498 
11635.0 0.00108483434 
11640.0 0.00110934116 
11645.0 0.00111342967 
11650.0 0.00107918166 
11655.0 0.00116026342 
11660.0 0.00113124974 
11665.0 0.00116220154 
11670.0 0.00118138872 
11675.0 0.00116169594 
11680.0 0.00122051165 
11685.0 0.00122129478 
11690.0 0.00121053614 
11695.0 0.00121303089 
11700.0 0.00124662869 
11705.0 0.00127804309 
11710.0 0.00126274809 
11715.0 0.00130322784 
11720.0 0.0013156648  
11725.0 0.00132666767 
11730.0 0.00133269653 
11735.0 0.00137216687 
11740.0 0.00138083503 
11745.0 0.00143719271 
11750.0 0.00144084334 
11755.0 0.00143152446 
11760.0 0.0014530386  
11765.0 0.00146784529 
11770.0 0.00150859743 
11775.0 0.00149622187 
11780.0 0.00155297622 
11785.0 0.00154667378 
11790.0 0.00158075899 
11795.0 0.0016284503  
11800.0 0.00162447542 
11805.0 0.00163990825 
11810.0 0.00170563206 
11815.0 0.00171207339 
11820.0 0.00172187507 
11825.0 0.00172972545 
11830.0 0.00175822869 
11835.0 0.00182475582 
11840.0 0.00183501273 
11845.0 0.00185337097 
11850.0 0.0018853955  
11855.0 0.00189100325 
11860.0 0.00191343069 
11865.0 0.00200807482 
11870.0 0.00198357433 
11875.0 0.00203778431 
11880.0 0.00204405487 
11885.0 0.00208490059 
11890.0 0.00211348429 
11895.0 0.00217728943 
11900.0 0.00215857506 
11905.0 0.00221402451 
11910.0 0.0022634548  
11915.0 0.00223859057 
11920.0 0.00231085748 
11925.0 0.0023148945  
11930.0 0.00238934189 
11935.0 0.00238507316 
11940.0 0.00238923982 
11945.0 0.00247987896 
11950.0 0.00250865609 
11955.0 0.00255624086 
11960.0 0.00252505362 
11965.0 0.00262221217 
11970.0 0.00264286459 
11975.0 0.00264522672 
11980.0 0.00266790241 
11985.0 0.00277334124 
11990.0 0.00278356105 
11995.0 0.0027731055  
12000.0 0.0028288126  
