# http://abell.as.arizona.edu/~lbtsci/Instruments/LBC/lbc_description.html#filters.html
3000.0  0.00038442828
3005.0  0.00038679816
3010.0  0.00038637307
3015.0  0.00037850726
3020.0  0.00037632186
3025.0  0.00037583098
3030.0  0.00037983373
3035.0  0.0003656904 
3040.0  0.00037355829
3045.0  0.00037823278
3050.0  0.00038122766
3055.0  0.00039973766
3060.0  0.00039671946
3065.0  0.00039604872
3070.0  0.0003802567 
3075.0  0.00038999449
3080.0  0.00037849382
3085.0  0.00038153086
3090.0  0.00036590498
3095.0  0.00037001729
3100.0  0.00037963402
3105.0  0.00037321299
3110.0  0.00036288876
3115.0  0.00037619125
3120.0  0.00036900006
3125.0  0.00039320771
3130.0  0.00039350506
3135.0  0.00039179653
3140.0  0.00039489135
3145.0  0.00039467152
3150.0  0.00037567411
3155.0  0.00036913708
3160.0  0.00037561711
3165.0  0.00037929121
3170.0  0.00038649   
3175.0  0.00036812514
3180.0  0.00038571704
3185.0  0.00038012177
3190.0  0.00038480386
3195.0  0.00039348237
3200.0  0.00039393287
3205.0  0.00039599188
3210.0  0.00039295483
3215.0  0.00039972231
3220.0  0.00038354557
3225.0  0.00038909152
3230.0  0.00036935281
3235.0  0.00037008785
3240.0  0.00037648089
3245.0  0.0003549692 
3250.0  0.00037687592
3255.0  0.00037835173
3260.0  0.0003848511 
3265.0  0.00039802857
3270.0  0.00041789189
3275.0  0.0003920899 
3280.0  0.00040451009
3285.0  0.00038541872
3290.0  0.00039382551
3295.0  0.00039309036
3300.0  0.00037292756
3305.0  0.00037183423
3310.0  0.00036126807
3315.0  0.00035724875
3320.0  0.00037503492
3325.0  0.0003706184 
3330.0  0.0003766216 
3335.0  0.00039359771
3340.0  0.00041396055
3345.0  0.00039663021
3350.0  0.00041803472
3355.0  0.00039810468
3360.0  0.00038773064
3365.0  0.000379311  
3370.0  0.00037368599
3375.0  0.00038956869
3380.0  0.00036349196
3385.0  0.0003697142 
3390.0  0.00039512429
3395.0  0.00037807461
3400.0  0.00040432844
3405.0  0.00042216577
3410.0  0.00040344477
3415.0  0.00038904209
3420.0  0.0004063116 
3425.0  0.00037825953
3430.0  0.00036044329
3435.0  0.00038671661
3440.0  0.00036075514
3445.0  0.00038697537
3450.0  0.00040281266
3455.0  0.00041675162
3460.0  0.00042268667
3465.0  0.00042104129
3470.0  0.00040276702
3475.0  0.00039860051
3480.0  0.00039512664
3485.0  0.0003965722 
3490.0  0.00037853625
3495.0  0.00037703954
3500.0  0.00039636537
3505.0  0.00040986236
3510.0  0.00041541327
3515.0  0.00042923681
3520.0  0.0004154994 
3525.0  0.00040194489
3530.0  0.00042430647
3535.0  0.00040923946
3540.0  0.0003986619 
3545.0  0.00037729148
3550.0  0.00039232258
3555.0  0.00037171163
3560.0  0.00038028836
3565.0  0.00038826991
3570.0  0.00040805638
3575.0  0.00041032422
3580.0  0.00041521732
3585.0  0.00041564878
3590.0  0.00041618325
3595.0  0.00040676277
3600.0  0.00042091329
3605.0  0.00039411422
3610.0  0.00039063279
3615.0  0.00039987378
3620.0  0.00040130906
3625.0  0.00038604125
3630.0  0.00040393185
3635.0  0.00039008267
3640.0  0.00038726009
3645.0  0.00040352628
3650.0  0.00041923054
3655.0  0.0004155793 
3660.0  0.00041124873
3665.0  0.00041596659
3670.0  0.00042728372
3675.0  0.00040062647
3680.0  0.00041257795
3685.0  0.00040044788
3690.0  0.00040146276
3695.0  0.00039931897
3700.0  0.00039161526
3705.0  0.0003857192 
3710.0  0.00037935916
3715.0  0.0003966248 
3720.0  0.00040492781
3725.0  0.00039105363
3730.0  0.00040673979
3735.0  0.00041373711
3740.0  0.00042623796
3745.0  0.0004179842 
3750.0  0.00042369995
3755.0  0.00041578971
3760.0  0.0004187632 
3765.0  0.00040692575
3770.0  0.00040303785
3775.0  0.00039668947
3780.0  0.00039592437
3785.0  0.00040677518
3790.0  0.00040651094
3795.0  0.0003910837 
3800.0  0.00039086323
3805.0  0.00039825223
3810.0  0.00040868122
3815.0  0.00041215964
3820.0  0.00042372741
3825.0  0.00040344   
3830.0  0.00042796854
3835.0  0.00041503381
3840.0  0.00042127401
3845.0  0.00041859668
3850.0  0.00041660566
3855.0  0.00042129688
3860.0  0.00041844822
3865.0  0.00040819515
3870.0  0.00041633658
3875.0  0.00040764406
3880.0  0.00041538943
3885.0  0.00041198313
3890.0  0.00042792179
3895.0  0.00041221794
3900.0  0.00039453477
3905.0  0.00041622475
3910.0  0.00041710168
3915.0  0.00042404562
3920.0  0.00041610722
3925.0  0.00043133944
3930.0  0.00043938149
3935.0  0.00043502085
3940.0  0.00043366015
3945.0  0.0004298107 
3950.0  0.00042059984
3955.0  0.00043470446
3960.0  0.00042734303
3965.0  0.00042438075
3970.0  0.00040766671
3975.0  0.00041894291
3980.0  0.00041393463
3985.0  0.00041719176
3990.0  0.00041465275
3995.0  0.00039496072
4000.0  0.00043170851
4005.0  0.00040630817
4010.0  0.00041659608
4015.0  0.00042347431
4020.0  0.00042349238
4025.0  0.00042687394
4030.0  0.00042790763
4035.0  0.00044111293
4040.0  0.00045010518
4045.0  0.00043565068
4050.0  0.00042860735
4055.0  0.00042484634
4060.0  0.0004267282 
4065.0  0.000425702  
4070.0  0.00041002396
4075.0  0.00042980846
4080.0  0.00042125512
4085.0  0.00041952688
4090.0  0.0004230566 
4095.0  0.00042266525
4100.0  0.00042015404
4105.0  0.00042132981
4110.0  0.00040683903
4115.0  0.00041553825
4120.0  0.00042166807
4125.0  0.00042425022
4130.0  0.00042455897
4135.0  0.00042296276
4140.0  0.00042439979
4145.0  0.0004404331 
4150.0  0.00043781929
4155.0  0.00044048965
4160.0  0.00044035681
4165.0  0.00044134818
4170.0  0.00043029718
4175.0  0.00042276725
4180.0  0.00044354379
4185.0  0.00042723361
4190.0  0.00044183269
4195.0  0.00041888174
4200.0  0.00043192126
4205.0  0.00042772431
4210.0  0.0004445143 
4215.0  0.0004273374 
4220.0  0.00043426085
4225.0  0.00042787466
4230.0  0.00042562749
4235.0  0.00043745518
4240.0  0.00043753445
4245.0  0.0004366665 
4250.0  0.00043900356
4255.0  0.00043320641
4260.0  0.0004415103 
4265.0  0.00043710355
4270.0  0.00043930538
4275.0  0.00045022666
4280.0  0.00045145448
4285.0  0.00044324975
4290.0  0.00044585649
4295.0  0.00043315753
4300.0  0.0004283632 
4305.0  0.00044560239
4310.0  0.00043841336
4315.0  0.00044118583
4320.0  0.00043262716
4325.0  0.00043473918
4330.0  0.0004200159 
4335.0  0.00043576356
4340.0  0.00044782419
4345.0  0.00044010226
4350.0  0.00044463918
4355.0  0.00044305615
4360.0  0.00043792099
4365.0  0.00044484697
4370.0  0.00044161573
4375.0  0.00044772089
4380.0  0.00043309741
4385.0  0.00044959161
4390.0  0.00044843737
4395.0  0.00045588266
4400.0  0.00044581674
4405.0  0.00043097269
4410.0  0.00044878062
4415.0  0.00043983676
4420.0  0.00043599114
4425.0  0.00044782415
4430.0  0.00043552563
4435.0  0.0004576879 
4440.0  0.00043939095
4445.0  0.00045139268
4450.0  0.00043861259
4455.0  0.00044658892
4460.0  0.00045199815
4465.0  0.0004528404 
4470.0  0.000442871  
4475.0  0.0004506791 
4480.0  0.00044492811
4485.0  0.00044552825
4490.0  0.00045041766
4495.0  0.00045720004
4500.0  0.00043947026
4505.0  0.00045412693
4510.0  0.00043272499
4515.0  0.00043523684
4520.0  0.00044721082
4525.0  0.00044158123
4530.0  0.0004499083 
4535.0  0.00043368001
4540.0  0.00045836832
4545.0  0.00043858361
4550.0  0.00045314107
4555.0  0.00045853384
4560.0  0.00044662181
4565.0  0.00045685928
4570.0  0.00044488478
4575.0  0.00043887161
4580.0  0.00044829667
4585.0  0.00044422843
4590.0  0.0004472509 
4595.0  0.000432088  
4600.0  0.00043859825
4605.0  0.00045797724
4610.0  0.00044054016
4615.0  0.00044585973
4620.0  0.00045159236
4625.0  0.00044910595
4630.0  0.00045258217
4635.0  0.00046638541
4640.0  0.00046152174
4645.0  0.00046186499
4650.0  0.00046330716
4655.0  0.00044488423
4660.0  0.00046029545
4665.0  0.00044308111
4670.0  0.00045638822
4675.0  0.00043969076
4680.0  0.00044060763
4685.0  0.00045786817
4690.0  0.00045135491
4695.0  0.00044936229
4700.0  0.00045115866
4705.0  0.00046607409
4710.0  0.00043364819
4715.0  0.00047829703
4720.0  0.00045640245
4725.0  0.00045046691
4730.0  0.000469996  
4735.0  0.00044937793
4740.0  0.00046077628
4745.0  0.00044384658
4750.0  0.00045889635
4755.0  0.00045819234
4760.0  0.00046135347
4765.0  0.00045998015
4770.0  0.00046036046
4775.0  0.0004517629 
4780.0  0.00043387853
4785.0  0.0004608351 
4790.0  0.00044801801
4795.0  0.00044734262
4800.0  0.00045541048
4805.0  0.00045340449
4810.0  0.00046312463
4815.0  0.00046536703
4820.0  0.00044949546
4825.0  0.00044985939
4830.0  0.00046807218
4835.0  0.00045886576
4840.0  0.00045442674
4845.0  0.00045825269
4850.0  0.00044616438
4855.0  0.00044722233
4860.0  0.00045375597
4865.0  0.00045846131
4870.0  0.00046649214
4875.0  0.00045864187
4880.0  0.00046869993
4885.0  0.00045753397
4890.0  0.00045034237
4895.0  0.0004648168 
4900.0  0.00045213874
4905.0  0.000452401  
4910.0  0.00045248162
4915.0  0.00045902524
4920.0  0.0004633145 
4925.0  0.00044927552
4930.0  0.00047014423
4935.0  0.00045866903
4940.0  0.00043493226
4945.0  0.00044551522
4950.0  0.00046195127
4955.0  0.00048590902
4960.0  0.00045869049
4965.0  0.00047279343
4970.0  0.00046031222
4975.0  0.00046017848
4980.0  0.00045000102
4985.0  0.00044790637
4990.0  0.00045001619
4995.0  0.00045776714
5000.0  0.00045392875
5005.0  0.00047644407
5010.0  0.00046248589
5015.0  0.00045611586
5020.0  0.00045644175
5025.0  0.00045926292
5030.0  0.00044955507
5035.0  0.00046502981
5040.0  0.0004582243 
5045.0  0.00046741586
5050.0  0.00044766624
5055.0  0.00047085546
5060.0  0.00043956824
5065.0  0.00043613158
5070.0  0.00043531533
5075.0  0.00045166865
5080.0  0.0004655686 
5085.0  0.00045605574
5090.0  0.00045027789
5095.0  0.00045765471
5100.0  0.00045258071
5105.0  0.00045910459
5110.0  0.00045822341
5115.0  0.000454349  
5120.0  0.00045841232
5125.0  0.00044882406
5130.0  0.00045771651
5135.0  0.00046580795
5140.0  0.00047199819
5145.0  0.00044267122
5150.0  0.0004524789 
5155.0  0.00046654318
5160.0  0.0004659522 
5165.0  0.00046944279
5170.0  0.0004554902 
5175.0  0.00046963118
5180.0  0.00046274167
5185.0  0.00044813916
5190.0  0.00044953704
5195.0  0.00045240629
5200.0  0.00045679361
5205.0  0.00045710981
5210.0  0.00045588844
5215.0  0.00044958245
5220.0  0.00044907596
5225.0  0.00047532965
5230.0  0.00045257609
5235.0  0.00047478236
5240.0  0.0004630674 
5245.0  0.00046769883
5250.0  0.00046027154
5255.0  0.00046426557
5260.0  0.00046296611
5265.0  0.00044033106
5270.0  0.00045447998
5275.0  0.00046577882
5280.0  0.00045579806
5285.0  0.00047185503
5290.0  0.00046784785
5295.0  0.00047191426
5300.0  0.00044795167
5305.0  0.00045995247
5310.0  0.00046701651
5315.0  0.00046003062
5320.0  0.00044302873
5325.0  0.00045781922
5330.0  0.00046181779
5335.0  0.00046904776
5340.0  0.00046017233
5345.0  0.00046835482
5350.0  0.00045307215
5355.0  0.00047158111
5360.0  0.00046340384
5365.0  0.00046493225
5370.0  0.00046140451
5375.0  0.0004655439 
5380.0  0.00045450229
5385.0  0.00046070538
5390.0  0.0004732836 
5395.0  0.00046171013
5400.0  0.00045492787
5405.0  0.000456842  
5410.0  0.00045734279
5415.0  0.00046068039
5420.0  0.00046055406
5425.0  0.00045987759
5430.0  0.00046122994
5435.0  0.00045723371
5440.0  0.00045986362
5445.0  0.00045391314
5450.0  0.00046235528
5455.0  0.00045838758
5460.0  0.00046037249
5465.0  0.00046519749
5470.0  0.00046373967
5475.0  0.0004661632 
5480.0  0.00044734105
5485.0  0.00044924192
5490.0  0.00046154197
5495.0  0.00044626478
5500.0  0.00046000469
5505.0  0.00045071155
5510.0  0.00046714518
5515.0  0.00046957944
5520.0  0.00046329636
5525.0  0.00046967678
5530.0  0.000468973  
5535.0  0.00046038266
5540.0  0.00046045858
5545.0  0.00046403769
5550.0  0.00045685329
5555.0  0.00046037596
5560.0  0.00046086743
5565.0  0.00044776507
5570.0  0.00047070041
5575.0  0.00046375684
5580.0  0.00045946721
5585.0  0.00045825958
5590.0  0.00046349801
5595.0  0.00046294905
5600.0  0.00046270452
5605.0  0.00047697548
5610.0  0.00045356959
5615.0  0.0004697343 
5620.0  0.00045473866
5625.0  0.0004575542 
5630.0  0.00046728518
5635.0  0.00045861058
5640.0  0.00045489069
5645.0  0.00045496006
5650.0  0.00046828326
5655.0  0.00046748128
5660.0  0.00046061821
5665.0  0.00044969812
5670.0  0.00046414159
5675.0  0.00043933671
5680.0  0.00046007931
5685.0  0.0004623092 
5690.0  0.00045062993
5695.0  0.00047962502
5700.0  0.00044790372
5705.0  0.00045661259
5710.0  0.00046344578
5715.0  0.00046869341
5720.0  0.00046108618
5725.0  0.00045729995
5730.0  0.00047555294
5735.0  0.00047125299
5740.0  0.00045846459
5745.0  0.00046867244
5750.0  0.0004596585 
5755.0  0.00043412607
5760.0  0.00045798898
5765.0  0.00046105374
5770.0  0.00044297792
5775.0  0.00046184637
5780.0  0.00047010522
5785.0  0.0004715452 
5790.0  0.00046198472
5795.0  0.00046188414
5800.0  0.00045314219
5805.0  0.00046027858
5810.0  0.00045707259
5815.0  0.00045039989
5820.0  0.00045043036
5825.0  0.00045038838
5830.0  0.00045518678
5835.0  0.00045079198
5840.0  0.00045563649
5845.0  0.0004763481 
5850.0  0.00046187986
5855.0  0.00047029279
5860.0  0.00046256095
5865.0  0.00044987343
5870.0  0.0004482564 
5875.0  0.00045779664
5880.0  0.00045610949
5885.0  0.00046100311
5890.0  0.00045568883
5895.0  0.00042879973
5900.0  0.0004536498 
5905.0  0.00045499496
5910.0  0.00045740917
5915.0  0.00044274867
5920.0  0.00045447268
5925.0  0.00045305207
5930.0  0.00045700178
5935.0  0.00045465056
5940.0  0.00046318911
5945.0  0.00045669839
5950.0  0.00045919809
5955.0  0.00044796187
5960.0  0.00045425322
5965.0  0.00043601703
5970.0  0.00045727003
5975.0  0.00045457795
5980.0  0.0004507659 
5985.0  0.00045456816
5990.0  0.00044958446
5995.0  0.00045726057
6000.0  0.00044856224
6005.0  0.0004555035 
6010.0  0.00046207976
6015.0  0.00046536751
6020.0  0.00045192413
6025.0  0.00045728412
6030.0  0.00044534985
6035.0  0.00044117939
6040.0  0.00045444623
6045.0  0.00043192241
6050.0  0.00045827117
6055.0  0.000451869  
6060.0  0.00045762058
6065.0  0.00046173703
6070.0  0.00044788703
6075.0  0.00045279093
6080.0  0.00044903792
6085.0  0.00045023281
6090.0  0.00045834344
6095.0  0.00044734839
6100.0  0.00044473134
6105.0  0.00045124047
6110.0  0.00045013979
6115.0  0.0004562534 
6120.0  0.00045051441
6125.0  0.00042934027
6130.0  0.00044386644
6135.0  0.00044094648
6140.0  0.00045029748
6145.0  0.00045159072
6150.0  0.00043336477
6155.0  0.00044798978
6160.0  0.00044408031
6165.0  0.00045704447
6170.0  0.00043857597
6175.0  0.00043779686
6180.0  0.00044419084
6185.0  0.00045405023
6190.0  0.00045778714
6195.0  0.00045134537
6200.0  0.00043697029
6205.0  0.00044543311
6210.0  0.0004437919 
6215.0  0.00044206694
6220.0  0.0004478427 
6225.0  0.0004399709 
6230.0  0.00043993577
6235.0  0.0004369735 
6240.0  0.00043710191
6245.0  0.00043981209
6250.0  0.00045307081
6255.0  0.00043667249
6260.0  0.00043087926
6265.0  0.00044853039
6270.0  0.00044798791
6275.0  0.00044425704
6280.0  0.00043587055
6285.0  0.00044815231
6290.0  0.00045482896
6295.0  0.00045259919
6300.0  0.00045143753
6305.0  0.00044102538
6310.0  0.00044186827
6315.0  0.00044912331
6320.0  0.00042908501
6325.0  0.00045791235
6330.0  0.00044856492
6335.0  0.00044717379
6340.0  0.00044607446
6345.0  0.00044414531
6350.0  0.00043792933
6355.0  0.00044159517
6360.0  0.00043272767
6365.0  0.0004392207 
6370.0  0.00043586355
6375.0  0.00044246092
6380.0  0.00045704894
6385.0  0.000439482  
6390.0  0.00044429444
6395.0  0.00043717843
6400.0  0.00044201612
6405.0  0.00045251891
6410.0  0.00045495089
6415.0  0.00044454183
6420.0  0.00043921795
6425.0  0.00045075651
6430.0  0.00045925513
6435.0  0.00043490071
6440.0  0.00044286132
6445.0  0.00044702992
6450.0  0.00046083532
6455.0  0.00044430505
6460.0  0.00044354185
6465.0  0.000434823  
6470.0  0.00043329898
6475.0  0.00044201713
6480.0  0.00044123359
6485.0  0.00045125492
6490.0  0.00044018861
6495.0  0.00043358713
6500.0  0.00044299867
6505.0  0.00044980131
6510.0  0.0004308559 
6515.0  0.0004344245 
6520.0  0.00044285007
6525.0  0.00043502215
6530.0  0.00045209616
6535.0  0.00043240462
6540.0  0.0004574018 
6545.0  0.0004495807 
6550.0  0.00044952687
6555.0  0.0004465086 
6560.0  0.00044823918
6565.0  0.00043902911
6570.0  0.00045221291
6575.0  0.00043841735
6580.0  0.00044348538
6585.0  0.00044995084
6590.0  0.00043538157
6595.0  0.00043858036
6600.0  0.00043583091
6605.0  0.00044398226
6610.0  0.00043449048
6615.0  0.00042786721
6620.0  0.0004515541 
6625.0  0.00045576889
6630.0  0.00044342797
6635.0  0.00043967698
6640.0  0.00044883948
6645.0  0.00043384086
6650.0  0.00043312404
6655.0  0.00043715801
6660.0  0.00044543035
6665.0  0.00044895716
6670.0  0.00046068583
6675.0  0.00044643342
6680.0  0.0004471058 
6685.0  0.00045011334
6690.0  0.00044619016
6695.0  0.00045826346
6700.0  0.00043558922
6705.0  0.00043943062
6710.0  0.00044348016
6715.0  0.00044625297
6720.0  0.00044477992
6725.0  0.00044979546
6730.0  0.00045584649
6735.0  0.00043983627
6740.0  0.00043370508
6745.0  0.00044375088
6750.0  0.00044394873
6755.0  0.00043350309
6760.0  0.00044817839
6765.0  0.00044579592
6770.0  0.00044908054
6775.0  0.00044940203
6780.0  0.00044948671
6785.0  0.00043999754
6790.0  0.00044055317
6795.0  0.00042981658
6800.0  0.00045073252
6805.0  0.00044454902
6810.0  0.00045574598
6815.0  0.0004346472 
6820.0  0.00043543074
6825.0  0.00043794028
6830.0  0.00044056017
6835.0  0.00044999067
6840.0  0.00043236863
6845.0  0.00044227161
6850.0  0.00043970753
6855.0  0.00045414716
6860.0  0.0004487361 
6865.0  0.00046250913
6870.0  0.00043956369
6875.0  0.00044605091
6880.0  0.00044213541
6885.0  0.0004368164 
6890.0  0.00043626364
6895.0  0.00043862939
6900.0  0.00044476662
6905.0  0.00044010013
6910.0  0.00044891313
6915.0  0.00044646483
6920.0  0.00045325786
6925.0  0.0004534585 
6930.0  0.00045023672
6935.0  0.00042787645
6940.0  0.00044163097
6945.0  0.00045276109
6950.0  0.00043768294
6955.0  0.00042837244
6960.0  0.00043233465
6965.0  0.00044123791
6970.0  0.00045921132
6975.0  0.00044786055
6980.0  0.00044862565
6985.0  0.00045348313
6990.0  0.00044691801
6995.0  0.00043613005
7000.0  0.0004411345 
7005.0  0.00044074643
7010.0  0.00043929081
7015.0  0.00044472314
7020.0  0.00045352235
7025.0  0.0004478601 
7030.0  0.00044746477
7035.0  0.00044514526
7040.0  0.0004563383 
7045.0  0.00045131829
7050.0  0.0004359049 
7055.0  0.00043484315
7060.0  0.00043540139
7065.0  0.00043872066
7070.0  0.00046600461
7075.0  0.00044750717
7080.0  0.00045243774
7085.0  0.00046004474
7090.0  0.00045061782
7095.0  0.00045098066
7100.0  0.000455461  
7105.0  0.00044870984
7110.0  0.00043682512
7115.0  0.00044888679
7120.0  0.00042815838
7125.0  0.00043423586
7130.0  0.00045747273
7135.0  0.00044430487
7140.0  0.00046097923
7145.0  0.00046187881
7150.0  0.00045298617
7155.0  0.00044507951
7160.0  0.00045575768
7165.0  0.00045002732
7170.0  0.00045348603
7175.0  0.00043985307
7180.0  0.00045074251
7185.0  0.00043993983
7190.0  0.00044832755
7195.0  0.00044026904
7200.0  0.00046760794
7205.0  0.00045022327
7210.0  0.00047356375
7215.0  0.00045935936
7220.0  0.00046332881
7225.0  0.00045518491
7230.0  0.00046203453
7235.0  0.00045249537
7240.0  0.00046827685
7245.0  0.00045278829
7250.0  0.00045047261
7255.0  0.00044730008
7260.0  0.00044276576
7265.0  0.00044417519
7270.0  0.00045288831
7275.0  0.00044018716
7280.0  0.00045647867
7285.0  0.00043399587
7290.0  0.00044223662
7295.0  0.00046011101
7300.0  0.00046031207
7305.0  0.00046855174
7310.0  0.00047560353
7315.0  0.00047192354
7320.0  0.00045036852
7325.0  0.00044868864
7330.0  0.00045834623
7335.0  0.00045401491
7340.0  0.00045053318
7345.0  0.00044095069
7350.0  0.00044539377
7355.0  0.00044449586
7360.0  0.00043983631
7365.0  0.00044005141
7370.0  0.00044361148
7375.0  0.00044586409
7380.0  0.00046686482
7385.0  0.00047380909
7390.0  0.00047800459
7395.0  0.00046263736
7400.0  0.00045405164
7405.0  0.00045996137
7410.0  0.00043811973
7415.0  0.00044801727
7420.0  0.00045045249
7425.0  0.00044770259
7430.0  0.00043517422
7435.0  0.00045220815
7440.0  0.00046796486
7445.0  0.00046503365
7450.0  0.00048144922
7455.0  0.00047425371
7460.0  0.00046525866
7465.0  0.00045522284
7470.0  0.00046753507
7475.0  0.00045231525
7480.0  0.00043730635
7485.0  0.00044299744
7490.0  0.00044536009
7495.0  0.00044054072
7500.0  0.00045044471
7505.0  0.00045672115
7510.0  0.00047016218
7515.0  0.00047989115
7520.0  0.00046944544
7525.0  0.00046412058
7530.0  0.00046662766
7535.0  0.00047181062
7540.0  0.0004443197 
7545.0  0.00046732191
7550.0  0.00045627166
7555.0  0.00042863648
7560.0  0.0004443004 
7565.0  0.00046621125
7570.0  0.00045690689
7575.0  0.00042972136
7580.0  0.00046894081
7585.0  0.00049650092
7590.0  0.00049262393
7595.0  0.00049239945
7600.0  0.00047970701
7605.0  0.00048608441
7610.0  0.0004604743 
7615.0  0.00048019905
7620.0  0.00047002554
7625.0  0.00047220942
7630.0  0.00047160879
7635.0  0.00045847673
7640.0  0.00045104656
7645.0  0.00043914754
7650.0  0.00044770066
7655.0  0.00045713045
7660.0  0.0004281231 
7665.0  0.00044123761
7670.0  0.00044769201
7675.0  0.00045910545
7680.0  0.00045155782
7685.0  0.00045257468
7690.0  0.00046162784
7695.0  0.00047154833
7700.0  0.00046863653
7705.0  0.00048103381
7710.0  0.0004990733 
7715.0  0.00049179956
7720.0  0.0004949848 
7725.0  0.00051690497
7730.0  0.00049995862
7735.0  0.00049154129
7740.0  0.00050677441
7745.0  0.00052372925
7750.0  0.00048423376
7755.0  0.00048832245
7760.0  0.00050186761
7765.0  0.00049863976
7770.0  0.00052058451
7775.0  0.00051583316
7780.0  0.00049840752
7785.0  0.00048164032
7790.0  0.0005107858 
7795.0  0.00048120912
7800.0  0.00049971744
7805.0  0.00048641823
7810.0  0.0004847379 
7815.0  0.00047513101
7820.0  0.00047783852
7825.0  0.00049027096
7830.0  0.00048098773
7835.0  0.00045465466
7840.0  0.00049540721
7845.0  0.00046910252
7850.0  0.00045614414
7855.0  0.00047702763
7860.0  0.00049067147
7865.0  0.00050587457
7870.0  0.00051128149
7875.0  0.00052492794
7880.0  0.00053306255
7885.0  0.00054082107
7890.0  0.00057464559
7895.0  0.00055877067
7900.0  0.00056240063
7905.0  0.00056536783
7910.0  0.00058182526
7915.0  0.00056372911
7920.0  0.00054370426
7925.0  0.00056503482
7930.0  0.00052661024
7935.0  0.00053948518
7940.0  0.00055672746
7945.0  0.00052683633
7950.0  0.00055103291
7955.0  0.00053510714
7960.0  0.00053418472
7965.0  0.00059383236
7970.0  0.00058534928
7975.0  0.00061865512
7980.0  0.00067423619
7985.0  0.00067727283
7990.0  0.00071017407
7995.0  0.00075033054
8000.0  0.00076331615
8005.0  0.00076158963
8010.0  0.00075873822
8015.0  0.00072835349
8020.0  0.00076064818
8025.0  0.00079078637
8030.0  0.00075943545
8035.0  0.00078943916
8040.0  0.00075030498
8045.0  0.00078463458
8050.0  0.00083606839
8055.0  0.00091988765
8060.0  0.00097491302
8065.0  0.00103583701
8070.0  0.00110041976
8075.0  0.00117341161
8080.0  0.00123194732
8085.0  0.00128161833
8090.0  0.00129354298
8095.0  0.00140880391
8100.0  0.00145514771
8105.0  0.00150867119
8110.0  0.00162548453
8115.0  0.00169716537
8120.0  0.00181107476
8125.0  0.00191160396
8130.0  0.00202793658
8135.0  0.00218124285
8140.0  0.00232214451
8145.0  0.00245565832
8150.0  0.00267060548
8155.0  0.00283295244
8160.0  0.00309033364
8165.0  0.00338477165
8170.0  0.00365421981
8175.0  0.00401460558
8180.0  0.00435500532
8185.0  0.00479588568
8190.0  0.00521201193
8195.0  0.00569104433
8200.0  0.00622862458
8205.0  0.0068238759 
8210.0  0.00738093078
8215.0  0.00810741365
8220.0  0.00889968395
8225.0  0.00976832032
8230.0  0.01071786046
8235.0  0.01185171008
8240.0  0.01303845048
8245.0  0.01439171672
8250.0  0.01593631506
8255.0  0.01771380901
8260.0  0.01960638881
8265.0  0.02173485994
8270.0  0.02422305107
8275.0  0.02695915461
8280.0  0.03008922338
8285.0  0.03355848074
8290.0  0.03745741129
8295.0  0.04210518837
8300.0  0.04711418152
8305.0  0.05270144463
8310.0  0.05915932178
8315.0  0.06637506962
8320.0  0.07470180988
8325.0  0.08396624565
8330.0  0.09442542076
8335.0  0.1066524792 
8340.0  0.1198241806 
8345.0  0.1348376083 
8350.0  0.1522095394 
8355.0  0.1709347725 
8360.0  0.1914755249 
8365.0  0.215807457  
8370.0  0.2416200447 
8375.0  0.2703294182 
8380.0  0.3009362793 
8385.0  0.3343820953 
8390.0  0.3709627533 
8395.0  0.4091152954 
8400.0  0.4474255371 
8405.0  0.4887469101 
8410.0  0.5297319794 
8415.0  0.5724904633 
8420.0  0.6135086441 
8425.0  0.6532032013 
8430.0  0.6933654785 
8435.0  0.7288570404 
8440.0  0.7624318695 
8445.0  0.7937571716 
8450.0  0.8204714203 
8455.0  0.846590271  
8460.0  0.8674474335 
8465.0  0.8855646515 
8470.0  0.9018212891 
8475.0  0.9158827972 
8480.0  0.9253540802 
8485.0  0.9339118958 
8490.0  0.9407019043 
8495.0  0.9461109924 
8500.0  0.9493241119 
8505.0  0.9519918823 
8510.0  0.9528078461 
8515.0  0.9546948242 
8520.0  0.9556931305 
8525.0  0.9587264252 
8530.0  0.957482605  
8535.0  0.9587223053 
8540.0  0.9590965271 
8545.0  0.9570013428 
8550.0  0.959127655  
8555.0  0.9576786804 
8560.0  0.9588663483 
8565.0  0.9585359192 
8570.0  0.9582033539 
8575.0  0.9574989319 
8580.0  0.9582453918 
8585.0  0.9591300201 
8590.0  0.9577921295 
8595.0  0.9608776093 
8600.0  0.960398941  
8605.0  0.9615618896 
8610.0  0.9610483551 
8615.0  0.9627493286 
8620.0  0.9624724579 
8625.0  0.9651771545 
8630.0  0.9657627106 
8635.0  0.9651589966 
8640.0  0.9646147919 
8645.0  0.9647956085 
8650.0  0.9608370972 
8655.0  0.9663720703 
8660.0  0.9641360474 
8665.0  0.9655331421 
8670.0  0.9636949921 
8675.0  0.9634132385 
8680.0  0.9631590271 
8685.0  0.9661625671 
8690.0  0.9660869598 
8695.0  0.9667596436 
8700.0  0.9696412659 
8705.0  0.9702949524 
8710.0  0.9705106354 
8715.0  0.9689320374 
8720.0  0.9699542999 
8725.0  0.9637531281 
8730.0  0.965683136  
8735.0  0.9649529266 
8740.0  0.9684120178 
8745.0  0.9634403229 
8750.0  0.9629641724 
8755.0  0.9659620667 
8760.0  0.9609815216 
8765.0  0.9581938171 
8770.0  0.959210968  
8775.0  0.9600634766 
8780.0  0.9598005676 
8785.0  0.9614953613 
8790.0  0.9633847046 
8795.0  0.9661692047 
8800.0  0.9661497498 
8805.0  0.9660309601 
8810.0  0.9660586548 
8815.0  0.9663208008 
8820.0  0.9660320282 
8825.0  0.9656523895 
8830.0  0.9659091949 
8835.0  0.9659997559 
8840.0  0.9657474518 
8845.0  0.9654685211 
8850.0  0.9661103058 
8855.0  0.9657136536 
8860.0  0.9658964539 
8865.0  0.9656525421 
8870.0  0.9657686615 
8875.0  0.9653442383 
8880.0  0.965846405  
8885.0  0.9657226563 
8890.0  0.9658705902 
8895.0  0.9654036713 
8900.0  0.9656671906 
8905.0  0.9655347443 
8910.0  0.965714035  
8915.0  0.9653124237 
8920.0  0.965079422  
8925.0  0.9653656006 
8930.0  0.9649984741 
8935.0  0.9651969147 
8940.0  0.9648117065 
8945.0  0.9651071167 
8950.0  0.9645762634 
8955.0  0.9646212769 
8960.0  0.9643724823 
8965.0  0.9646626282 
8970.0  0.9639891052 
8975.0  0.9640274048 
8980.0  0.9637102509 
8985.0  0.9637390137 
8990.0  0.9633752441 
8995.0  0.9633844757 
9000.0  0.9628941345 
9005.0  0.9626908112 
9010.0  0.9627923584 
9015.0  0.9624493408 
9020.0  0.9624824524 
9025.0  0.9621144867 
9030.0  0.9620350647 
9035.0  0.9612506104 
9040.0  0.9614852142 
9045.0  0.9615722656 
9050.0  0.9613018036 
9055.0  0.9611683655 
9060.0  0.9608172607 
9065.0  0.9608081818 
9070.0  0.9604183197 
9075.0  0.9605802155 
9080.0  0.959982605  
9085.0  0.9600448608 
9090.0  0.9599648285 
9095.0  0.960346756  
9100.0  0.9598616791 
9105.0  0.9594777679 
9110.0  0.9597250366 
9115.0  0.9596656799 
9120.0  0.9596342468 
9125.0  0.9591433716 
9130.0  0.9598542786 
9135.0  0.9592877197 
9140.0  0.9595468903 
9145.0  0.958815155  
9150.0  0.9597185516 
9155.0  0.9593803406 
9160.0  0.9598177338 
9165.0  0.9590940094 
9170.0  0.9599058533 
9175.0  0.9594309998 
9180.0  0.9600801086 
9185.0  0.9593914795 
9190.0  0.9603369141 
9195.0  0.9604135132 
9200.0  0.9603096008 
9205.0  0.9604151917 
9210.0  0.9606510162 
9215.0  0.9609548187 
9220.0  0.9607460022 
9225.0  0.9607479858 
9230.0  0.961124649  
9235.0  0.9614839172 
9240.0  0.9612936401 
9245.0  0.9615927124 
9250.0  0.9619299316 
9255.0  0.9620075989 
9260.0  0.961886673  
9265.0  0.9621401215 
9270.0  0.962657547  
9275.0  0.9626236725 
9280.0  0.9623884583 
9285.0  0.9629184723 
9290.0  0.96301651   
9295.0  0.9632361603 
9300.0  0.9629462433 
9305.0  0.9633646393 
9310.0  0.9633148193 
9315.0  0.9635925293 
9320.0  0.9632913208 
9325.0  0.9639038849 
9330.0  0.9635958862 
9335.0  0.9640666199 
9340.0  0.9632744598 
9345.0  0.9644029999 
9350.0  0.9638004303 
9355.0  0.9638903809 
9360.0  0.9635770416 
9365.0  0.9640890503 
9370.0  0.963828125  
9375.0  0.9636852264 
9380.0  0.9636178589 
9385.0  0.9637141418 
9390.0  0.9636107635 
9395.0  0.9630573273 
9400.0  0.9635029602 
9405.0  0.9630810547 
9410.0  0.9633467865 
9415.0  0.9626038361 
9420.0  0.9631843567 
9425.0  0.9629605103 
9430.0  0.9627376556 
9435.0  0.9623713684 
9440.0  0.9626451874 
9445.0  0.9627849579 
9450.0  0.9621490479 
9455.0  0.9622935486 
9460.0  0.9625370789 
9465.0  0.9622590637 
9470.0  0.9621590424 
9475.0  0.962213974  
9480.0  0.9625350952 
9485.0  0.9622497559 
9490.0  0.9618645477 
9495.0  0.9619297028 
9500.0  0.962387619  
9505.0  0.9616518402 
9510.0  0.9620000458 
9515.0  0.9616173553 
9520.0  0.9622821045 
9525.0  0.9616139221 
9530.0  0.96151474   
9535.0  0.9618184662 
9540.0  0.9617380524 
9545.0  0.9615518951 
9550.0  0.9611212921 
9555.0  0.9620458984 
9560.0  0.961416626  
9565.0  0.9618060303 
9570.0  0.9612945557 
9575.0  0.961991272  
9580.0  0.9613248444 
9585.0  0.9617849731 
9590.0  0.9614289093 
9595.0  0.9620038605 
9600.0  0.9615760803 
9605.0  0.9618071747 
9610.0  0.9617053986 
9615.0  0.961714859  
9620.0  0.9618399811 
9625.0  0.9617540741 
9630.0  0.9615539551 
9635.0  0.9622556305 
9640.0  0.9617954254 
9645.0  0.961759491  
9650.0  0.9616038513 
9655.0  0.9623576355 
9660.0  0.96159935   
9665.0  0.9620307922 
9670.0  0.9624193573 
9675.0  0.9625528717 
9680.0  0.9624689484 
9685.0  0.9624155426 
9690.0  0.9625935364 
9695.0  0.9626067352 
9700.0  0.9623825836 
9705.0  0.9627303314 
9710.0  0.9624501801 
9715.0  0.9626739502 
9720.0  0.9624079895 
9725.0  0.9628227234 
9730.0  0.9625315094 
9735.0  0.9632738495 
9740.0  0.9627720642 
9745.0  0.9631082916 
9750.0  0.9627391815 
9755.0  0.9631355286 
9760.0  0.9630628967 
9765.0  0.9629531097 
9770.0  0.9631969452 
9775.0  0.962772522  
9780.0  0.9632541656 
9785.0  0.9629089355 
9790.0  0.9631324768 
9795.0  0.9628214264 
9800.0  0.9633177185 
9805.0  0.9626357269 
9810.0  0.9634984589 
9815.0  0.9628121948 
9820.0  0.9632598114 
9825.0  0.9629327393 
9830.0  0.9632790375 
9835.0  0.962795105  
9840.0  0.9631388092 
9845.0  0.9629398346 
9850.0  0.9629330444 
9855.0  0.962517395  
9860.0  0.962980423  
9865.0  0.962505188  
9870.0  0.9624206543 
9875.0  0.9626573944 
9880.0  0.9625961304 
9885.0  0.9624636078 
9890.0  0.9623210144 
9895.0  0.9622440338 
9900.0  0.9623757935 
9905.0  0.9618772888 
9910.0  0.9622711182 
9915.0  0.9615605164 
9920.0  0.9618899536 
9925.0  0.9614286804 
9930.0  0.9615484619 
9935.0  0.9613981628 
9940.0  0.9611397552 
9945.0  0.9612384796 
9950.0  0.9608052063 
9955.0  0.9611009979 
9960.0  0.9606978607 
9965.0  0.9609138489 
9970.0  0.9604933167 
9975.0  0.9607183075 
9980.0  0.9600041962 
9985.0  0.960815506  
9990.0  0.9597737122 
9995.0  0.9603874969 
10000.0 0.9596447754 
10005.0 0.9602038574 
10010.0 0.9591869354 
10015.0 0.9598516083 
10020.0 0.959468689  
10025.0 0.9594539642 
10030.0 0.959210968  
10035.0 0.9591570282 
10040.0 0.9592395782 
10045.0 0.9588684082 
10050.0 0.9590541077 
10055.0 0.9588040161 
10060.0 0.9589065552 
10065.0 0.9585790253 
10070.0 0.9587600708 
10075.0 0.9588024902 
10080.0 0.9584796143 
10085.0 0.9585598755 
10090.0 0.9586854553 
10095.0 0.9586387634 
10100.0 0.9583616638 
10105.0 0.9582836151 
10110.0 0.9584780121 
10115.0 0.9587364197 
10120.0 0.9585757446 
10125.0 0.9580510712 
10130.0 0.9586180115 
10135.0 0.9585273743 
10140.0 0.9587841797 
10145.0 0.9580934906 
10150.0 0.9589202881 
10155.0 0.958658371  
10160.0 0.9586965179 
10165.0 0.958249588  
10170.0 0.9589429474 
10175.0 0.9584642029 
10180.0 0.9587169647 
10185.0 0.9584452057 
10190.0 0.9591659546 
10195.0 0.9591569519 
10200.0 0.9592286682 
10205.0 0.9588538361 
10210.0 0.9593981934 
10215.0 0.9593735504 
10220.0 0.9597200012 
10225.0 0.9592836761 
10230.0 0.959727478  
10235.0 0.9598610687 
10240.0 0.9599345398 
10245.0 0.9596682739 
10250.0 0.9602749634 
10255.0 0.9602270508 
10260.0 0.9602552032 
10265.0 0.9602623749 
10270.0 0.9604673767 
10275.0 0.9605940247 
10280.0 0.9606497192 
10285.0 0.9608863831 
10290.0 0.9609671783 
10295.0 0.9610410309 
10300.0 0.9612295532 
10305.0 0.9612295532 
10310.0 0.9614794922 
10315.0 0.9614818573 
10320.0 0.96171875   
10325.0 0.961569519  
10330.0 0.9619705963 
10335.0 0.9616970825 
10340.0 0.9621873474 
10345.0 0.9618060303 
10350.0 0.9623343658 
10355.0 0.9621299744 
10360.0 0.9623696136 
10365.0 0.9623609924 
10370.0 0.9623233032 
10375.0 0.9626501465 
10380.0 0.962417984  
10385.0 0.9628234863 
10390.0 0.9624065399 
10395.0 0.9627935791 
10400.0 0.962313385  
10405.0 0.9628904724 
10410.0 0.9625848389 
10415.0 0.9629494476 
10420.0 0.9624155426 
10425.0 0.9628966522 
10430.0 0.9625015259 
10435.0 0.9627174377 
10440.0 0.9624652863 
10445.0 0.9627497864 
10450.0 0.9627307892 
10455.0 0.962485199  
10460.0 0.962414093  
10465.0 0.9624212646 
10470.0 0.9624298859 
10475.0 0.9619594574 
10480.0 0.962212677  
10485.0 0.9622103119 
10490.0 0.9622491455 
10495.0 0.9619125366 
10500.0 0.9619647217 
10505.0 0.9618913269 
10510.0 0.9616542816 
10515.0 0.9613161469 
10520.0 0.9613392639 
10525.0 0.961546402  
10530.0 0.9610654449 
10535.0 0.960765152  
10540.0 0.961071701  
10545.0 0.9607794952 
10550.0 0.9606666565 
10555.0 0.9599958038 
10560.0 0.9606117249 
10565.0 0.9599842072 
10570.0 0.9599452972 
10575.0 0.9593453979 
10580.0 0.9597597504 
10585.0 0.9591551208 
10590.0 0.9590975189 
10595.0 0.9585697937 
10600.0 0.9589455414 
10605.0 0.9584285736 
10610.0 0.9582169342 
10615.0 0.9581260681 
10620.0 0.957881546  
10625.0 0.957914505  
10630.0 0.9575655365 
10635.0 0.9574957275 
10640.0 0.9573155975 
10645.0 0.9570995331 
10650.0 0.9567092896 
10655.0 0.9570797729 
10660.0 0.95651474   
10665.0 0.9565142822 
10670.0 0.9558719635 
10675.0 0.9562349701 
10680.0 0.9555599976 
10685.0 0.9557046509 
10690.0 0.9554247284 
10695.0 0.9552720642 
10700.0 0.9550997925 
10705.0 0.9552520752 
10710.0 0.9548144531 
10715.0 0.9547394562 
10720.0 0.9547801971 
10725.0 0.9548209381 
10730.0 0.9544812775 
10735.0 0.9544493866 
10740.0 0.9540600586 
10745.0 0.9541056824 
10750.0 0.9537827301 
10755.0 0.9539367676 
10760.0 0.95340065   
10765.0 0.9536956024 
10770.0 0.9532810211 
10775.0 0.9532977295 
10780.0 0.9531104279 
10785.0 0.9532891846 
10790.0 0.9529338837 
10795.0 0.9534963226 
10800.0 0.9532309723 
10805.0 0.9536888885 
10810.0 0.9533023071 
10815.0 0.9534563446 
10820.0 0.9534057617 
10825.0 0.9535860443 
10830.0 0.9534328461 
10835.0 0.953546524  
10840.0 0.9533686066 
10845.0 0.9534493256 
10850.0 0.9537667847 
10855.0 0.9534291077 
10860.0 0.953791275  
10865.0 0.9533635712 
10870.0 0.953799057  
10875.0 0.953506012  
10880.0 0.9540223694 
10885.0 0.9539345551 
10890.0 0.9541646576 
10895.0 0.9539548492 
10900.0 0.9545717621 
10905.0 0.9546038818 
10910.0 0.9546633148 
10915.0 0.9546778107 
10920.0 0.954949646  
10925.0 0.9551545715 
10930.0 0.9553945923 
10935.0 0.9554831696 
10940.0 0.9556458282 
10945.0 0.9559036255 
10950.0 0.955859375  
10955.0 0.9559139252 
10960.0 0.9562120056 
10965.0 0.9563529205 
10970.0 0.9565006256 
10975.0 0.9565988922 
10980.0 0.9569826508 
10985.0 0.956854248  
10990.0 0.9574436188 
10995.0 0.9574089813 
11000.0 0.957723999  
