# http://abell.as.arizona.edu/~lbtsci/Instruments/LBC/lbc_description.html#filters.html
3000.0  0.00035980221 
3005.0  0.00037096486 
3010.0  0.00036237549 
3015.0  0.00037215069 
3020.0  0.00037106428 
3025.0  0.00037017319 
3030.0  0.00036341462 
3035.0  0.00036400657 
3040.0  0.00035797507 
3045.0  0.00038213514 
3050.0  0.00037160721 
3055.0  0.00037355717 
3060.0  0.00037034493 
3065.0  0.00036832076 
3070.0  0.00034823325 
3075.0  0.00036471032 
3080.0  0.00034851596 
3085.0  0.00036345921 
3090.0  0.00036146525 
3095.0  0.00035223689 
3100.0  0.00035612918 
3105.0  0.00035910301 
3110.0  0.00035546433 
3115.0  0.00035501216 
3120.0  0.000357458   
3125.0  0.00035542719 
3130.0  0.00036888562 
3135.0  0.00034876939 
3140.0  0.00035928849 
3145.0  0.00035875835 
3150.0  0.00037174441 
3155.0  0.00037924007 
3160.0  0.00037106514 
3165.0  0.00036152925 
3170.0  0.00037028577 
3175.0  0.00036869012 
3180.0  0.00037383515 
3185.0  0.00036915187 
3190.0  0.00036874268 
3195.0  0.00036609013 
3200.0  0.00035778277 
3205.0  0.00036119848 
3210.0  0.00035781618 
3215.0  0.00036072552 
3220.0  0.00037563778 
3225.0  0.00036767915 
3230.0  0.00035769559 
3235.0  0.00035998821 
3240.0  0.00036287874 
3245.0  0.00036753971 
3250.0  0.00034219258 
3255.0  0.00035148498 
3260.0  0.00036277466 
3265.0  0.00035516713 
3270.0  0.00036063831 
3275.0  0.00036676191 
3280.0  0.00036009539 
3285.0  0.00035659269 
3290.0  0.00036234722 
3295.0  0.00035753742 
3300.0  0.00037048932 
3305.0  0.0003562798  
3310.0  0.00036183126 
3315.0  0.00037030153 
3320.0  0.00036755234 
3325.0  0.00036653511 
3330.0  0.00036602713 
3335.0  0.00037534818 
3340.0  0.00037077341 
3345.0  0.00037423711 
3350.0  0.00036262941 
3355.0  0.00038496207 
3360.0  0.00037559763 
3365.0  0.00037055679 
3370.0  0.00038016651 
3375.0  0.0003639264  
3380.0  0.00038997568 
3385.0  0.00036239754 
3390.0  0.00038405553 
3395.0  0.0003521762  
3400.0  0.00034746386 
3405.0  0.00037483357 
3410.0  0.00036574028 
3415.0  0.00038299128 
3420.0  0.00037574645 
3425.0  0.00037095238 
3430.0  0.00037405901 
3435.0  0.00037193876 
3440.0  0.00038125839 
3445.0  0.00040253386 
3450.0  0.00039538287 
3455.0  0.00038562242 
3460.0  0.00039588075 
3465.0  0.00038361534 
3470.0  0.00038592026 
3475.0  0.00039425496 
3480.0  0.00038704731 
3485.0  0.00037718028 
3490.0  0.00037738189 
3495.0  0.00037664279 
3500.0  0.00037486583 
3505.0  0.00040030077 
3510.0  0.00038004711 
3515.0  0.00038390242 
3520.0  0.00039419901 
3525.0  0.00038145736 
3530.0  0.00037581373 
3535.0  0.00039426133 
3540.0  0.0003945018  
3545.0  0.00038766075 
3550.0  0.00039252657 
3555.0  0.00038660795 
3560.0  0.00040069021 
3565.0  0.00038806684 
3570.0  0.00038887363 
3575.0  0.00038280457 
3580.0  0.00037810624 
3585.0  0.00037204813 
3590.0  0.00036433406 
3595.0  0.00037730902 
3600.0  0.00036880743 
3605.0  0.00037817523 
3610.0  0.00038316548 
3615.0  0.00038338743 
3620.0  0.0003912792  
3625.0  0.0003937437  
3630.0  0.00039718904 
3635.0  0.00038344514 
3640.0  0.00038544279 
3645.0  0.00038979348 
3650.0  0.00036526058 
3655.0  0.00039762598 
3660.0  0.00038134445 
3665.0  0.00039583866 
3670.0  0.00039719202 
3675.0  0.00037843328 
3680.0  0.00038117792 
3685.0  0.00038016599 
3690.0  0.00038775649 
3695.0  0.00037529264 
3700.0  0.00037299383 
3705.0  0.00038213134 
3710.0  0.00038288094 
3715.0  0.00038290888 
3720.0  0.00039258339 
3725.0  0.00039325815 
3730.0  0.00039264023 
3735.0  0.00039207377 
3740.0  0.00040177565 
3745.0  0.00039182171 
3750.0  0.00040025733 
3755.0  0.00037823636 
3760.0  0.00038988739 
3765.0  0.00038286451 
3770.0  0.00038622245 
3775.0  0.00038008824 
3780.0  0.00039017301 
3785.0  0.00038282406 
3790.0  0.00038458399 
3795.0  0.00038890753 
3800.0  0.00039750095 
3805.0  0.00039096594 
3810.0  0.00039540276 
3815.0  0.00041264474 
3820.0  0.00040328451 
3825.0  0.00040203534 
3830.0  0.00039427511 
3835.0  0.00039001331 
3840.0  0.000406438   
3845.0  0.00038304295 
3850.0  0.00038172621 
3855.0  0.0003940326  
3860.0  0.00039875649 
3865.0  0.00040673431 
3870.0  0.00040491711 
3875.0  0.00040226597 
3880.0  0.00041387849 
3885.0  0.00040474363 
3890.0  0.00040838115 
3895.0  0.00039915714 
3900.0  0.0003927698  
3905.0  0.00040851381 
3910.0  0.00039874662 
3915.0  0.00040775809 
3920.0  0.00039809499 
3925.0  0.00040336572 
3930.0  0.00040633772 
3935.0  0.00040488295 
3940.0  0.00038970269 
3945.0  0.00041046645 
3950.0  0.00040169723 
3955.0  0.00041800395 
3960.0  0.00040881302 
3965.0  0.00039470851 
3970.0  0.0004002684  
3975.0  0.00041677527 
3980.0  0.00040984441 
3985.0  0.00040730029 
3990.0  0.00041317388 
3995.0  0.00040509932 
4000.0  0.00040189691 
4005.0  0.00042238455 
4010.0  0.00040823363 
4015.0  0.00041113034 
4020.0  0.00041327842 
4025.0  0.00039654978 
4030.0  0.00040400404 
4035.0  0.00040565819 
4040.0  0.00040353306 
4045.0  0.00040191256 
4050.0  0.00040743422 
4055.0  0.00040194061 
4060.0  0.00040467497 
4065.0  0.00041092113 
4070.0  0.00042492494 
4075.0  0.00039836071 
4080.0  0.00040939108 
4085.0  0.0004098795  
4090.0  0.00040888891 
4095.0  0.00041787665 
4100.0  0.00042146444 
4105.0  0.00041345008 
4110.0  0.00041232344 
4115.0  0.00041270602 
4120.0  0.00041474808 
4125.0  0.00041465569 
4130.0  0.00040988784 
4135.0  0.0004176423  
4140.0  0.00041567169 
4145.0  0.00041800894 
4150.0  0.00040556345 
4155.0  0.00042403445 
4160.0  0.00040922277 
4165.0  0.00042269904 
4170.0  0.0003943542  
4175.0  0.00041689571 
4180.0  0.0004117712  
4185.0  0.00041742455 
4190.0  0.00041306466 
4195.0  0.00040792242 
4200.0  0.00042104341 
4205.0  0.00041569803 
4210.0  0.0004208691  
4215.0  0.00041956145 
4220.0  0.00041625056 
4225.0  0.00041833606 
4230.0  0.00041162692 
4235.0  0.00042147301 
4240.0  0.00040523019 
4245.0  0.00043206558 
4250.0  0.00042768963 
4255.0  0.00042495202 
4260.0  0.00041512374 
4265.0  0.00042528093 
4270.0  0.00043540288 
4275.0  0.00042483415 
4280.0  0.00042009309 
4285.0  0.00041899025 
4290.0  0.00042368479 
4295.0  0.00042011861 
4300.0  0.00041349009 
4305.0  0.00043294936 
4310.0  0.00042161725 
4315.0  0.00042306401 
4320.0  0.00042713948 
4325.0  0.0004328569  
4330.0  0.00041974567 
4335.0  0.00042389963 
4340.0  0.00040922053 
4345.0  0.0004238864  
4350.0  0.00042198233 
4355.0  0.00042699199 
4360.0  0.00041989312 
4365.0  0.0004178657  
4370.0  0.00042587642 
4375.0  0.00042514004 
4380.0  0.00043193631 
4385.0  0.00042308051 
4390.0  0.00041412555 
4395.0  0.00042287786 
4400.0  0.00043305516 
4405.0  0.00042627878 
4410.0  0.00041608967 
4415.0  0.00042878535 
4420.0  0.00042651348 
4425.0  0.00042275351 
4430.0  0.00043093286 
4435.0  0.00042706873 
4440.0  0.0004215711  
4445.0  0.00043493304 
4450.0  0.00043197647 
4455.0  0.00041583154 
4460.0  0.0004260888  
4465.0  0.00042706911 
4470.0  0.00043795995 
4475.0  0.0004370176  
4480.0  0.00041492451 
4485.0  0.00044140488 
4490.0  0.00042372391 
4495.0  0.00041674815 
4500.0  0.00043035172 
4505.0  0.00042620771 
4510.0  0.00043307878 
4515.0  0.00042334989 
4520.0  0.00043385681 
4525.0  0.00043475684 
4530.0  0.00041727122 
4535.0  0.00041473556 
4540.0  0.00042721398 
4545.0  0.0004324545  
4550.0  0.00043773226 
4555.0  0.00044597071 
4560.0  0.00042503193 
4565.0  0.00042477053 
4570.0  0.00043128505 
4575.0  0.00043312024 
4580.0  0.00042709664 
4585.0  0.0004482967  
4590.0  0.00044146199 
4595.0  0.00044606093 
4600.0  0.00044897962 
4605.0  0.00043325409 
4610.0  0.00043482155 
4615.0  0.00043802314 
4620.0  0.00043050848 
4625.0  0.00044744547 
4630.0  0.00043087926 
4635.0  0.00044143505 
4640.0  0.0004355561  
4645.0  0.00044175655 
4650.0  0.0004470339  
4655.0  0.0004363073  
4660.0  0.00044236735 
4665.0  0.00043292932 
4670.0  0.00043085054 
4675.0  0.00044833105 
4680.0  0.0004477226  
4685.0  0.00044043936 
4690.0  0.00044362735 
4695.0  0.00043796867 
4700.0  0.00043445554 
4705.0  0.00043094359 
4710.0  0.00043347079 
4715.0  0.00042410109 
4720.0  0.00043772329 
4725.0  0.00042670541 
4730.0  0.00042564429 
4735.0  0.00043742739 
4740.0  0.00042167902 
4745.0  0.00043110956 
4750.0  0.00044316627 
4755.0  0.00042138621 
4760.0  0.00043256465 
4765.0  0.00042899389 
4770.0  0.00043450221 
4775.0  0.00043316506 
4780.0  0.00043775652 
4785.0  0.00046101924 
4790.0  0.00042233657 
4795.0  0.00043760754 
4800.0  0.00043335885 
4805.0  0.00043211415 
4810.0  0.0004373851  
4815.0  0.00043598447 
4820.0  0.00043681845 
4825.0  0.00044367537 
4830.0  0.00044158269 
4835.0  0.00043101359 
4840.0  0.00042666622 
4845.0  0.00044629503 
4850.0  0.00043423932 
4855.0  0.0004288483  
4860.0  0.00043244094 
4865.0  0.00044864476 
4870.0  0.00044742048 
4875.0  0.00043042332 
4880.0  0.0004291584  
4885.0  0.00042815261 
4890.0  0.00043527391 
4895.0  0.00042827208 
4900.0  0.00043541878 
4905.0  0.00045119148 
4910.0  0.00044842288 
4915.0  0.00045497581 
4920.0  0.0004472515  
4925.0  0.00043814823 
4930.0  0.00044046052 
4935.0  0.00045942206 
4940.0  0.00043992851 
4945.0  0.00043513577 
4950.0  0.00043327652 
4955.0  0.00044096004 
4960.0  0.00043647911 
4965.0  0.00044420514 
4970.0  0.00044444647 
4975.0  0.00043874327 
4980.0  0.00044824813 
4985.0  0.0004384087  
4990.0  0.00044900328 
4995.0  0.00043644    
5000.0  0.000445887   
5005.0  0.00044452783 
5010.0  0.00045581553 
5015.0  0.00043908939 
5020.0  0.00044218004 
5025.0  0.00044913549 
5030.0  0.0004262561  
5035.0  0.00044574462 
5040.0  0.0004500927  
5045.0  0.00044954959 
5050.0  0.00046192765 
5055.0  0.00044681028 
5060.0  0.00043029163 
5065.0  0.00044293117 
5070.0  0.00044840444 
5075.0  0.00044934791 
5080.0  0.00044237003 
5085.0  0.0004488742  
5090.0  0.0004396167  
5095.0  0.00044690281 
5100.0  0.00045853801 
5105.0  0.00044082019 
5110.0  0.00044206422 
5115.0  0.00043953829 
5120.0  0.00044009868 
5125.0  0.00044576731 
5130.0  0.00045396227 
5135.0  0.00043701857 
5140.0  0.00044172931 
5145.0  0.00044035699 
5150.0  0.00044247992 
5155.0  0.00045018729 
5160.0  0.00044822179 
5165.0  0.0004378381  
5170.0  0.00044473201 
5175.0  0.00044489738 
5180.0  0.0004476862  
5185.0  0.00044977009 
5190.0  0.00044143282 
5195.0  0.00044634745 
5200.0  0.00045205392 
5205.0  0.00044274721 
5210.0  0.00044571709 
5215.0  0.00045747723 
5220.0  0.00042911202 
5225.0  0.00043099258 
5230.0  0.00044712882 
5235.0  0.00044428699 
5240.0  0.00044439353 
5245.0  0.00043866858 
5250.0  0.0004458978  
5255.0  0.00043666594 
5260.0  0.00045697954 
5265.0  0.00046160549 
5270.0  0.0004415784  
5275.0  0.00046530187 
5280.0  0.00046658374 
5285.0  0.00045323711 
5290.0  0.00042830382 
5295.0  0.00045817014 
5300.0  0.00046300679 
5305.0  0.00046444632 
5310.0  0.00045256391 
5315.0  0.0004519932  
5320.0  0.00043907464 
5325.0  0.00046096589 
5330.0  0.0004426888  
5335.0  0.00043627255 
5340.0  0.00044224393 
5345.0  0.00044596165 
5350.0  0.00045360215 
5355.0  0.00044935338 
5360.0  0.00045544211 
5365.0  0.00045561247 
5370.0  0.00046034586 
5375.0  0.00043986704 
5380.0  0.00045085933 
5385.0  0.00045106031 
5390.0  0.00044949286 
5395.0  0.00043418057 
5400.0  0.00044558283 
5405.0  0.00045631725 
5410.0  0.00045611396 
5415.0  0.00045966778 
5420.0  0.00046236109 
5425.0  0.00045208484 
5430.0  0.00045644447 
5435.0  0.00044413541 
5440.0  0.00046175938 
5445.0  0.0004375181  
5450.0  0.00046510864 
5455.0  0.00046312679 
5460.0  0.00044197112 
5465.0  0.00046224978 
5470.0  0.00045922384 
5475.0  0.00046187367 
5480.0  0.00046597749 
5485.0  0.00048468694 
5490.0  0.00053266507 
5495.0  0.00059663586 
5500.0  0.00069318436 
5505.0  0.00082011059 
5510.0  0.00107746452 
5515.0  0.00143790171 
5520.0  0.00199032575 
5525.0  0.00279661715 
5530.0  0.0039261812  
5535.0  0.00550749779 
5540.0  0.00767812133 
5545.0  0.01052039146 
5550.0  0.01428237081 
5555.0  0.01906636357 
5560.0  0.02505442381 
5565.0  0.03254236698 
5570.0  0.04141949654 
5575.0  0.05203958035 
5580.0  0.06449034691 
5585.0  0.07847093582 
5590.0  0.09449183464 
5595.0  0.1120131874  
5600.0  0.1307572556  
5605.0  0.1518564796  
5610.0  0.1737086296  
5615.0  0.1972217178  
5620.0  0.222009964   
5625.0  0.2469737625  
5630.0  0.2732008934  
5635.0  0.2998180389  
5640.0  0.32583992    
5645.0  0.3534022522  
5650.0  0.3805252457  
5655.0  0.4074703598  
5660.0  0.4342242813  
5665.0  0.4598057938  
5670.0  0.4858738327  
5675.0  0.5113049316  
5680.0  0.5347694778  
5685.0  0.5584079742  
5690.0  0.5810000229  
5695.0  0.6017917252  
5700.0  0.6238577271  
5705.0  0.6428453064  
5710.0  0.6623108673  
5715.0  0.6802598572  
5720.0  0.6980445099  
5725.0  0.713853302   
5730.0  0.7297692871  
5735.0  0.7441868591  
5740.0  0.7584014893  
5745.0  0.7714015961  
5750.0  0.7839508057  
5755.0  0.7961307526  
5760.0  0.8070348358  
5765.0  0.817607193   
5770.0  0.8269044495  
5775.0  0.8367523956  
5780.0  0.8453704071  
5785.0  0.8531223297  
5790.0  0.860411377   
5795.0  0.8684218597  
5800.0  0.8741680145  
5805.0  0.8805219269  
5810.0  0.8859210968  
5815.0  0.8919898224  
5820.0  0.8961566162  
5825.0  0.9009513092  
5830.0  0.9048774719  
5835.0  0.909330368   
5840.0  0.9126553345  
5845.0  0.9161587524  
5850.0  0.9194329834  
5855.0  0.9230771637  
5860.0  0.9254478455  
5865.0  0.9281260681  
5870.0  0.9308952332  
5875.0  0.9334766388  
5880.0  0.9357711792  
5885.0  0.9377028656  
5890.0  0.9401957703  
5895.0  0.9421525574  
5900.0  0.9440385437  
5905.0  0.945463028   
5910.0  0.9478159332  
5915.0  0.9494390869  
5920.0  0.95070961    
5925.0  0.9521011353  
5930.0  0.9541270447  
5935.0  0.9555426788  
5940.0  0.9564874268  
5945.0  0.9579956818  
5950.0  0.9594467163  
5955.0  0.9603366852  
5960.0  0.9610136414  
5965.0  0.962634201   
5970.0  0.9636651611  
5975.0  0.9643024445  
5980.0  0.9651463318  
5985.0  0.966318512   
5990.0  0.9672373962  
5995.0  0.9677824402  
6000.0  0.9686321259  
6005.0  0.9690475464  
6010.0  0.9702125549  
6015.0  0.9701267242  
6020.0  0.9713095856  
6025.0  0.9714563751  
6030.0  0.9723560333  
6035.0  0.9723084259  
6040.0  0.9730739594  
6045.0  0.9732266998  
6050.0  0.974274826   
6055.0  0.9741503906  
6060.0  0.9750374603  
6065.0  0.9750798035  
6070.0  0.975916748   
6075.0  0.9759411621  
6080.0  0.9766956329  
6085.0  0.9770513916  
6090.0  0.9773692322  
6095.0  0.977330246   
6100.0  0.9778504181  
6105.0  0.9784715271  
6110.0  0.9784846497  
6115.0  0.9790363312  
6120.0  0.9789942169  
6125.0  0.9799217224  
6130.0  0.97958992    
6135.0  0.9803507996  
6140.0  0.9801820374  
6145.0  0.981388092   
6150.0  0.9804703522  
6155.0  0.9815734863  
6160.0  0.9811233521  
6165.0  0.982314682   
6170.0  0.9813549805  
6175.0  0.9825623322  
6180.0  0.9820127106  
6185.0  0.9828669739  
6190.0  0.9824424744  
6195.0  0.9830047607  
6200.0  0.9827277374  
6205.0  0.9830178833  
6210.0  0.9829509735  
6215.0  0.9827113342  
6220.0  0.9833301544  
6225.0  0.982910614   
6230.0  0.9830865479  
6235.0  0.9827540588  
6240.0  0.9830239105  
6245.0  0.9823562622  
6250.0  0.9828843689  
6255.0  0.9819852448  
6260.0  0.9827811432  
6265.0  0.9816416931  
6270.0  0.9821934509  
6275.0  0.9812876892  
6280.0  0.9815490723  
6285.0  0.9805763245  
6290.0  0.9809589386  
6295.0  0.9798243713  
6300.0  0.9797409058  
6305.0  0.9794658661  
6310.0  0.9788713074  
6315.0  0.9781282806  
6320.0  0.9778329468  
6325.0  0.9775293732  
6330.0  0.9769527435  
6335.0  0.9763977051  
6340.0  0.9756738281  
6345.0  0.9756073761  
6350.0  0.974513855   
6355.0  0.9740621185  
6360.0  0.9736873627  
6365.0  0.9733023071  
6370.0  0.9722523499  
6375.0  0.9719789886  
6380.0  0.9711331177  
6385.0  0.9713785553  
6390.0  0.9701205444  
6395.0  0.9700119019  
6400.0  0.9696152496  
6405.0  0.9698054504  
6410.0  0.9687171936  
6415.0  0.9688195801  
6420.0  0.968651123   
6425.0  0.9685731506  
6430.0  0.9681138611  
6435.0  0.968172226   
6440.0  0.9684477234  
6445.0  0.9685700989  
6450.0  0.9686321259  
6455.0  0.9686836243  
6460.0  0.9694103241  
6465.0  0.9691796112  
6470.0  0.9694043732  
6475.0  0.9701165771  
6480.0  0.9706814575  
6485.0  0.9710477448  
6490.0  0.9714328003  
6495.0  0.9723092651  
6500.0  0.9725640106  
6505.0  0.9730311584  
6510.0  0.973363266   
6515.0  0.9742334747  
6520.0  0.9749716187  
6525.0  0.9753844452  
6530.0  0.9760261536  
6535.0  0.9764810944  
6540.0  0.976882019   
6545.0  0.9769943237  
6550.0  0.977637558   
6555.0  0.9780488586  
6560.0  0.9787979889  
6565.0  0.9783681488  
6570.0  0.9792736053  
6575.0  0.9791410828  
6580.0  0.979726944   
6585.0  0.979382782   
6590.0  0.9807170105  
6595.0  0.9800525665  
6600.0  0.9808358765  
6605.0  0.9804647064  
6610.0  0.9814789581  
6615.0  0.9809388733  
6620.0  0.9814819336  
6625.0  0.9813860321  
6630.0  0.982382431   
6635.0  0.9820636749  
6640.0  0.9827826691  
6645.0  0.9833358765  
6650.0  0.9837293243  
6655.0  0.9840989685  
6660.0  0.9838951874  
6665.0  0.9853868866  
6670.0  0.9850631714  
6675.0  0.9858438873  
6680.0  0.9853227234  
6685.0  0.9864778137  
6690.0  0.9861862946  
6695.0  0.9870162964  
6700.0  0.9860037231  
6705.0  0.9869185638  
6710.0  0.9862768555  
6715.0  0.9864329529  
6720.0  0.9855796051  
6725.0  0.9858280182  
6730.0  0.9847109985  
6735.0  0.9841085815  
6740.0  0.9831072998  
6745.0  0.9827397156  
6750.0  0.981533432   
6755.0  0.9805942535  
6760.0  0.9797268677  
6765.0  0.9790610504  
6770.0  0.9781941986  
6775.0  0.9772555542  
6780.0  0.9768739319  
6785.0  0.9764733124  
6790.0  0.9764827728  
6795.0  0.9762268829  
6800.0  0.9769849396  
6805.0  0.9771713257  
6810.0  0.9781967163  
6815.0  0.9785679626  
6820.0  0.97970047    
6825.0  0.9795810699  
6830.0  0.9791529083  
6835.0  0.9777424622  
6840.0  0.9744366455  
6845.0  0.9691218567  
6850.0  0.9605742645  
6855.0  0.9489665222  
6860.0  0.9323705292  
6865.0  0.9101077271  
6870.0  0.8831247711  
6875.0  0.8488149261  
6880.0  0.8092720795  
6885.0  0.7643632507  
6890.0  0.713035202   
6895.0  0.6597390747  
6900.0  0.6034249115  
6905.0  0.5452882767  
6910.0  0.4901147079  
6915.0  0.4347671127  
6920.0  0.3837926483  
6925.0  0.3369825363  
6930.0  0.292348423   
6935.0  0.253577652   
6940.0  0.2197741699  
6945.0  0.1888158607  
6950.0  0.1627802467  
6955.0  0.1402987289  
6960.0  0.1202641392  
6965.0  0.1039077568  
6970.0  0.08914344788 
6975.0  0.07680175304 
6980.0  0.06663230896 
6985.0  0.05744447708 
6990.0  0.04992865086 
6995.0  0.04341992855 
7000.0  0.03772921801 
7005.0  0.03308726549 
7010.0  0.02888942242 
7015.0  0.02531874657 
7020.0  0.02234216928 
7025.0  0.01961386442 
7030.0  0.01735336304 
7035.0  0.01538764954 
7040.0  0.01361821175 
7045.0  0.01216611028 
7050.0  0.01080789924 
7055.0  0.00967234731 
7060.0  0.00870933294 
7065.0  0.00777008891 
7070.0  0.00700024962 
7075.0  0.00630576015 
7080.0  0.00571532905 
7085.0  0.00517013192 
7090.0  0.00468917549 
7095.0  0.00427303195 
7100.0  0.00390017808 
7105.0  0.00355338901 
7110.0  0.00327641517 
7115.0  0.00298644662 
7120.0  0.00275391698 
7125.0  0.00254909664 
7130.0  0.00234799296 
7135.0  0.00218946993 
7140.0  0.00206139222 
7145.0  0.00190957204 
7150.0  0.00177527636 
7155.0  0.00165623248 
7160.0  0.00154891089 
7165.0  0.00146734178 
7170.0  0.00138947934 
7175.0  0.00130535901 
7180.0  0.0012409284  
7185.0  0.00116447732 
7190.0  0.00111488    
7195.0  0.0010682746  
7200.0  0.00099920332 
7205.0  0.00096724175 
7210.0  0.00093167804 
7215.0  0.00091282688 
7220.0  0.00086259037 
7225.0  0.00083751455 
7230.0  0.00081147507 
7235.0  0.00078291535 
7240.0  0.00075639576 
7245.0  0.0007410977  
7250.0  0.00071717836 
7255.0  0.00069103889 
7260.0  0.00069075756 
7265.0  0.00066972069 
7270.0  0.00065070994 
7275.0  0.00064428009 
7280.0  0.00064117745 
7285.0  0.00061021332 
7290.0  0.00061047006 
7295.0  0.00060043432 
7300.0  0.00057754897 
7305.0  0.0005678365  
7310.0  0.00056862719 
7315.0  0.00054870017 
7320.0  0.00055194546 
7325.0  0.00054340571 
7330.0  0.00052696671 
7335.0  0.00053448517 
7340.0  0.00053463776 
7345.0  0.00053277764 
7350.0  0.00052995972 
7355.0  0.00052664038 
7360.0  0.0005148606  
7365.0  0.00050641544 
7370.0  0.00051348686 
7375.0  0.0004943518  
7380.0  0.00050677847 
7385.0  0.0004853652  
7390.0  0.00049517903 
7395.0  0.00048668217 
7400.0  0.00049252082 
7405.0  0.00048998922 
7410.0  0.00047194388 
7415.0  0.00048995662 
7420.0  0.00049179535 
7425.0  0.00049649224 
7430.0  0.00047714792 
7435.0  0.00048456483 
7440.0  0.00047478884 
7445.0  0.00045882143 
7450.0  0.00046747956 
7455.0  0.00045657936 
7460.0  0.0004532969  
7465.0  0.00045708854 
7470.0  0.00047284119 
7475.0  0.00047749031 
7480.0  0.00047590539 
7485.0  0.00046600681 
7490.0  0.00047075924 
7495.0  0.00045282889 
7500.0  0.00045839295 
7505.0  0.00045871712 
7510.0  0.00045654144 
7515.0  0.00045721557 
7520.0  0.00045491058 
7525.0  0.00047682919 
7530.0  0.00048098408 
7535.0  0.00047449999 
7540.0  0.00045771543 
7545.0  0.00046330307 
7550.0  0.00046244737 
7555.0  0.00044457715 
7560.0  0.00044919342 
7565.0  0.00045345929 
7570.0  0.00045138642 
7575.0  0.00046773989 
7580.0  0.00045480851 
7585.0  0.00046579693 
7590.0  0.00046634987 
7595.0  0.00045814056 
7600.0  0.00047476873 
7605.0  0.00046065576 
7610.0  0.00045180872 
7615.0  0.00045387708 
7620.0  0.00044482276 
7625.0  0.00045775156 
7630.0  0.00043813504 
7635.0  0.00047189217 
7640.0  0.00044962037 
7645.0  0.00046678707 
7650.0  0.00045844875 
7655.0  0.00046391163 
7660.0  0.00046034388 
7665.0  0.00046274826 
7670.0  0.00044843521 
7675.0  0.00045564588 
7680.0  0.00044805739 
7685.0  0.00044184875 
7690.0  0.00045734145 
7695.0  0.00044211641 
7700.0  0.00044473149 
7705.0  0.00044737883 
7710.0  0.00043853804 
7715.0  0.00044023331 
7720.0  0.00045812868 
7725.0  0.00046420358 
7730.0  0.00045092989 
7735.0  0.00045555811 
7740.0  0.00045936901 
7745.0  0.00045195293 
7750.0  0.00047387842 
7755.0  0.00046886075 
7760.0  0.00045431342 
7765.0  0.00044065006 
7770.0  0.0004599515  
7775.0  0.00045764945 
7780.0  0.00044387065 
7785.0  0.00043613717 
7790.0  0.00043605275 
7795.0  0.00045486517 
7800.0  0.00043466892 
7805.0  0.00043124188 
7810.0  0.00043972712 
7815.0  0.00045411166 
7820.0  0.00046025306 
7825.0  0.00046366781 
7830.0  0.00046716947 
7835.0  0.0004607771  
7840.0  0.00047853291 
7845.0  0.00047183119 
7850.0  0.00044948582 
7855.0  0.00045091927 
7860.0  0.00045883775 
7865.0  0.00046491221 
7870.0  0.00046179883 
7875.0  0.00046187878 
7880.0  0.00045818694 
7885.0  0.00044699073 
7890.0  0.00044580247 
7895.0  0.00046821319 
7900.0  0.00047602065 
7905.0  0.000457047   
7910.0  0.00046785582 
7915.0  0.00047214597 
7920.0  0.00045604207 
7925.0  0.00046531037 
7930.0  0.00048193581 
7935.0  0.00044643581 
7940.0  0.00045411233 
7945.0  0.00046492588 
7950.0  0.00045803703 
7955.0  0.0004732766  
7960.0  0.00044886269 
7965.0  0.00043560211 
7970.0  0.00044409044 
7975.0  0.00048040327 
7980.0  0.0004729721  
7985.0  0.00047131095 
7990.0  0.00047530603 
7995.0  0.00044398796 
8000.0  0.00043874644 
8005.0  0.00043026805 
8010.0  0.00044253942 
8015.0  0.00043551315 
8020.0  0.00047541574 
8025.0  0.0005057621  
8030.0  0.00048168328 
8035.0  0.00049107157 
8040.0  0.00044073965 
8045.0  0.00046121057 
8050.0  0.00043217551 
8055.0  0.00044058315 
8060.0  0.00044587314 
8065.0  0.00043670449 
8070.0  0.00043344632 
8075.0  0.0004241335  
8080.0  0.00046884488 
8085.0  0.00049390912 
8090.0  0.00049509965 
8095.0  0.00046502352 
8100.0  0.00044456288 
8105.0  0.00047741331 
8110.0  0.00047545377 
8115.0  0.00046219867 
8120.0  0.00045288187 
8125.0  0.0004294569  
8130.0  0.00042409044 
8135.0  0.0004184657  
8140.0  0.00045873217 
8145.0  0.00045950383 
8150.0  0.0004710409  
8155.0  0.00046887547 
8160.0  0.00051340763 
8165.0  0.00048078198 
8170.0  0.00046853524 
8175.0  0.00045223907 
8180.0  0.00043608446 
8185.0  0.00046745215 
8190.0  0.00044877563 
8195.0  0.00043833919 
8200.0  0.00044462025 
8205.0  0.0004435211  
8210.0  0.00041115098 
8215.0  0.00042045604 
8220.0  0.00039597262 
8225.0  0.00042572219 
8230.0  0.00047493409 
8235.0  0.00049121793 
8240.0  0.0004805439  
8245.0  0.00047624093 
8250.0  0.00046015698 
8255.0  0.00048360154 
8260.0  0.00046273418 
8265.0  0.00048577886 
8270.0  0.00047508135 
8275.0  0.00045091212 
8280.0  0.0004579464  
8285.0  0.00043800108 
8290.0  0.00043784142 
8295.0  0.00041013598 
8300.0  0.00040817726 
8305.0  0.00039650679 
8310.0  0.00042977598 
8315.0  0.00039832726 
8320.0  0.00043356758 
8325.0  0.00047862202 
8330.0  0.00046287816 
8335.0  0.00046181895 
8340.0  0.00045262717 
8345.0  0.00051217176 
8350.0  0.00047736056 
8355.0  0.00048127446 
8360.0  0.00047609311 
8365.0  0.00048577834 
8370.0  0.00045232978 
8375.0  0.00042037573 
8380.0  0.00043745011 
8385.0  0.00041207716 
8390.0  0.00042096507 
8395.0  0.00040249016 
8400.0  0.00040759083 
8405.0  0.00047894035 
8410.0  0.00046474114 
8415.0  0.00040253952 
8420.0  0.00055057734 
8425.0  0.00061150741 
8430.0  0.00042100325 
8435.0  0.00043011315 
8440.0  0.00035804264 
8445.0  0.00033772092 
8450.0  0.00022975838 
8455.0  0.00039981049 
8460.0  0.00021805471 
8465.0  0.00041182473 
8470.0  0.00064822853 
8475.0  0.00055550568 
8480.0  0.00060712256 
8485.0  0.00046124451 
8490.0  0.00042558368 
8495.0  0.00044711564 
8500.0  0.00018360162 
8505.0  0.00027488012 
8510.0  0.00024640631 
8515.0  0.00020125989 
8520.0  0.00066193372 
8525.0  0.00058968395 
8530.0  0.00064928345 
8535.0  0.00066882439 
8540.0  0.00044044245 
8545.0  0.00071881086 
8550.0  0.00026006375 
8555.0  0.00023944786 
8560.0  0.00020360883 
8565.0  0.00050945695 
8570.0  0.00085702278 
8575.0  0.00075309634 
8580.0  0.00077992253 
8585.0  0.00053520616 
8590.0  0.00042710006 
8595.0  0.00046207026 
8600.0  0.00024789002 
8605.0  0.00035552066 
8610.0  -1.879204e-05 
8615.0  -0.00032756858
8620.0  -0.00042281173
8625.0  0.00022036925 
8630.0  0.00068214677 
8635.0  0.00101480573 
8640.0  0.00086743861 
8645.0  0.00074957855 
8650.0  0.00076951489 
8655.0  0.00053890388 
8660.0  0.00090943366 
8665.0  0.00080610752 
8670.0  0.00010606557 
8675.0  0.0007996466  
8680.0  0.00039746184 
8685.0  0.00048381958 
8690.0  0.00032209158 
8695.0  -0.00013492122
8700.0  -0.0002003625 
8705.0  -0.00157347769
8710.0  -0.00068095982
8715.0  -0.00102833271
8720.0  -0.00098497771
8725.0  -0.00049986273
8730.0  -0.00013623291
8735.0  -0.00026406176
8740.0  -0.00039504182
8745.0  -0.00077451073
8750.0  -0.0012824592 
8755.0  -0.00125270814
8760.0  -0.00037741147
8765.0  -0.00030121533
8770.0  -0.00029394513
8775.0  -0.00050643798
8780.0  -2.605472e-05 
8785.0  0.00086643398 
8790.0  -7.371637e-05 
8795.0  0.00029209221 
8800.0  0.00026405251 
8805.0  0.00024898646 
8810.0  0.00036795754 
8815.0  0.00028278103 
8820.0  0.00025374964 
8825.0  0.00032259427 
8830.0  0.00022445157 
8835.0  0.00028776994 
8840.0  0.00029310619 
8845.0  0.00028532246 
8850.0  0.00030178793 
8855.0  0.00026625985 
8860.0  0.0002672947  
8865.0  0.00028170934 
8870.0  0.00027046962 
8875.0  0.00030226333 
8880.0  0.00025770819 
8885.0  0.00027414411 
8890.0  0.00032784171 
8895.0  0.00026579503 
8900.0  0.00026620835 
8905.0  0.0002663219  
8910.0  0.00028827485 
8915.0  0.00030614119 
8920.0  0.00025121158 
8925.0  0.00029655915 
8930.0  0.00026849611 
8935.0  0.00024341324 
8940.0  0.0003284239  
8945.0  0.00033486269 
8950.0  0.00021709125 
8955.0  0.0002471013  
8960.0  0.00033121608 
8965.0  0.00027999472 
8970.0  0.000255257   
8975.0  0.00024627538 
8980.0  0.00033448827 
8985.0  0.00028054245 
8990.0  0.00028514225 
8995.0  0.00030144002 
9000.0  0.00027291393 
9005.0  0.00027260007 
9010.0  0.0002641296  
9015.0  0.00027566697 
9020.0  0.00029890111 
9025.0  0.0002643707  
9030.0  0.00026821578 
9035.0  0.00020790029 
9040.0  0.00027137224 
9045.0  0.00029418251 
9050.0  0.00024963243 
9055.0  0.00023490936 
9060.0  0.00026174553 
9065.0  0.00024281438 
9070.0  0.0003057076  
9075.0  0.00026477251 
9080.0  0.00023901453 
9085.0  0.00028185334 
9090.0  0.00026046986 
9095.0  0.00028094076 
9100.0  0.00029657518 
9105.0  0.00025620861 
9110.0  0.00025015846 
9115.0  0.00025304724 
9120.0  0.00029552367 
9125.0  0.00029057939 
9130.0  0.00022444425 
9135.0  0.00025080806 
9140.0  0.00029685451 
9145.0  0.00024934946 
9150.0  0.00027089717 
9155.0  0.00031633776 
9160.0  0.00026807658 
9165.0  0.00024157885 
9170.0  0.00027204793 
9175.0  0.00025255585 
9180.0  0.00022332627 
9185.0  0.00026646743 
9190.0  0.00028677661 
9195.0  0.00027412951 
9200.0  0.00021197841 
9205.0  0.00028902665 
9210.0  0.00029074892 
9215.0  0.00020328142 
9220.0  0.00030448603 
9225.0  0.00030255333 
9230.0  0.00022939662 
9235.0  0.00028728524 
9240.0  0.00027187174 
9245.0  0.00023865417 
9250.0  0.00027305089 
9255.0  0.00030064717 
9260.0  0.00026090665 
9265.0  0.00026812224 
9270.0  0.00023842888 
9275.0  0.00027396601 
9280.0  0.0002908954  
9285.0  0.00027481116 
9290.0  0.00023841912 
9295.0  0.00024383957 
9300.0  0.00028407512 
9305.0  0.00030726785 
9310.0  0.00021660097 
9315.0  0.00022446707 
9320.0  0.00030535584 
9325.0  0.00028645797 
9330.0  0.00027996855 
9335.0  0.00022876389 
9340.0  0.00025071105 
9345.0  0.00029720945 
9350.0  0.00030116918 
9355.0  0.00024274338 
9360.0  0.00030760001 
9365.0  0.00025053214 
9370.0  0.00025165608 
9375.0  0.00023179179 
9380.0  0.00026107538 
9385.0  0.00028542176 
9390.0  0.00026761977 
9395.0  0.00019619687 
9400.0  0.00024715267 
9405.0  0.00031670548 
9410.0  0.00027488137 
9415.0  0.00025293764 
9420.0  0.00024733262 
9425.0  0.00024504038 
9430.0  0.0002541423  
9435.0  0.00025483737 
9440.0  0.00030438494 
9445.0  0.00029473808 
9450.0  0.00024474898 
9455.0  0.00028075567 
9460.0  0.00029416626 
9465.0  0.00022335874 
9470.0  0.00027389714 
9475.0  0.00028951269 
9480.0  0.00025800006 
9485.0  0.00024186201 
9490.0  0.00025278931 
9495.0  0.00021349397 
9500.0  0.00031022858 
9505.0  0.00027961813 
9510.0  0.00023191087 
9515.0  0.00022883033 
9520.0  0.00028776538 
9525.0  0.00027575208 
9530.0  0.00022521077 
9535.0  0.00024368886 
9540.0  0.00032106075 
9545.0  0.00027198222 
9550.0  0.00021572195 
9555.0  0.00027516335 
9560.0  0.00024875704 
9565.0  0.00025925383 
9570.0  0.00025016945 
9575.0  0.00027035177 
9580.0  0.00025820913 
9585.0  0.00025880992 
9590.0  0.00024332151 
9595.0  0.0002348808  
9600.0  0.00024895722 
9605.0  0.00030782942 
9610.0  0.00023239022 
9615.0  0.00025617471 
9620.0  0.00027259104 
9625.0  0.00022405954 
9630.0  0.00021773979 
9635.0  0.00022447953 
9640.0  0.00024356298 
9645.0  0.00021320401 
9650.0  0.00023459183 
9655.0  0.00027909666 
9660.0  0.00026311317 
9665.0  0.00025214596 
9670.0  0.00023791181 
9675.0  0.00024009934 
9680.0  0.00028233722 
9685.0  0.00023976373 
9690.0  0.00024246369 
9695.0  0.00026823657 
9700.0  0.00025049958 
9705.0  0.0002944036  
9710.0  0.00025227195 
9715.0  0.00026041502 
9720.0  0.00026938289 
9725.0  0.00023508891 
9730.0  0.00024900489 
9735.0  0.00025685215 
9740.0  0.00026991835 
9745.0  0.0002351515  
9750.0  0.00026730349 
9755.0  0.00027716719 
9760.0  0.00026676262 
9765.0  0.00022515498 
9770.0  0.00026382688 
9775.0  0.0002894827  
9780.0  0.00026427681 
9785.0  0.00019800205 
9790.0  0.00027671389 
9795.0  0.00026986126 
9800.0  0.00015869174 
9805.0  0.00025339689 
9810.0  0.00026155073 
9815.0  0.00026151001 
9820.0  0.00021729369 
9825.0  0.00025071794 
9830.0  0.00024718156 
9835.0  0.00026647586 
9840.0  0.00027337251 
9845.0  0.00023855044 
9850.0  0.00025717892 
9855.0  0.00022420781 
9860.0  0.00027254317 
9865.0  0.00025671901 
9870.0  0.00023226164 
9875.0  0.00027122371 
9880.0  0.00025494397 
9885.0  0.00023139158 
9890.0  0.00022884332 
9895.0  0.00030492263 
9900.0  0.00025618263 
9905.0  0.00021245793 
9910.0  0.00022536937 
9915.0  0.00025785327 
9920.0  0.00024497954 
9925.0  0.00022115212 
9930.0  0.00027368527 
9935.0  0.00022840677 
9940.0  0.0002382851  
9945.0  0.00027311543 
9950.0  0.00021301638 
9955.0  0.00023558956 
9960.0  0.00021397894 
9965.0  0.00021933462 
9970.0  0.00024888562 
9975.0  0.00027706804 
9980.0  0.00024354534 
9985.0  0.00022470586 
9990.0  0.00028785883 
9995.0  0.00021909174 
10000.0 0.00019046335 
10005.0 0.00024866855 
10010.0 0.00029224116 
10015.0 0.0002652655  
10020.0 0.00021550283 
10025.0 0.00026469201 
10030.0 0.00021369234 
10035.0 0.00026533589 
10040.0 0.00023691067 
10045.0 0.00023303624 
10050.0 0.00025460532 
10055.0 0.00022158893 
10060.0 0.00025845993 
10065.0 0.0002164151  
10070.0 0.00028598743 
10075.0 0.00024131687 
10080.0 0.0002358808  
10085.0 0.00022814885 
10090.0 0.00021703105 
10095.0 0.00024654567 
10100.0 0.00026409235 
10105.0 0.00020677285 
10110.0 0.00028349735 
10115.0 0.00020486727 
10120.0 0.0002086254  
10125.0 0.00026345475 
10130.0 0.00026212431 
10135.0 0.00019710759 
10140.0 0.0002112654  
10145.0 0.00029162774 
10150.0 0.00026309418 
10155.0 0.00024811391 
10160.0 0.00023862721 
10165.0 0.0002173344  
10170.0 0.00024498776 
10175.0 0.0002640578  
10180.0 0.00022052716 
10185.0 0.00024028309 
10190.0 0.00030270049 
10195.0 0.0002479649  
10200.0 0.00021383982 
10205.0 0.00023645461 
10210.0 0.00025202796 
10215.0 0.00024624119 
10220.0 0.00021415833 
10225.0 0.00024204608 
10230.0 0.00022602145 
10235.0 0.00022048416 
10240.0 0.00023128947 
10245.0 0.00025205925 
10250.0 0.00024755972 
10255.0 0.00023417119 
10260.0 0.00026180964 
10265.0 0.00026388669 
10270.0 0.00024761941 
10275.0 0.00022099257 
10280.0 0.00021996833 
10285.0 0.00025563361 
10290.0 0.00023495687 
10295.0 0.00020530891 
10300.0 0.00031139931 
10305.0 0.00023271386 
10310.0 0.00023356555 
10315.0 0.00029391842 
10320.0 0.00025262497 
10325.0 0.00023855822 
10330.0 0.0002157159  
10335.0 0.00025167188 
10340.0 0.00022363579 
10345.0 0.00027753128 
10350.0 0.00025779722 
10355.0 0.00023615429 
10360.0 0.00025090892 
10365.0 0.00025572171 
10370.0 0.00024858877 
10375.0 0.00022752753 
10380.0 0.00025269771 
10385.0 0.0002345966  
10390.0 0.0002235857  
10395.0 0.00026772998 
10400.0 0.00021467583 
10405.0 0.00024125014 
10410.0 0.00023749188 
10415.0 0.00027834341 
10420.0 0.00028003456 
10425.0 0.00020993354 
10430.0 0.00021147724 
10435.0 0.00025650181 
10440.0 0.00022555759 
10445.0 0.00025192514 
10450.0 0.00026369769 
10455.0 0.00026180776 
10460.0 0.00025730787 
10465.0 0.00027018549 
10470.0 0.0002397122  
10475.0 0.00024693567 
10480.0 0.00028108681 
10485.0 0.00024545193 
10490.0 0.00022480194 
10495.0 0.00020691205 
10500.0 0.00022700759 
10505.0 0.00024758462 
10510.0 0.00023523957 
10515.0 0.00023454385 
10520.0 0.00025010254 
10525.0 0.00021667441 
10530.0 0.00027985504 
10535.0 0.00021654503 
10540.0 0.00021935286 
10545.0 0.0002257419  
10550.0 0.00024905631 
10555.0 0.00023761502 
10560.0 0.00022231312 
10565.0 0.00022007495 
10570.0 0.00023374321 
10575.0 0.00021771757 
10580.0 0.00020867348 
10585.0 0.00024859855 
10590.0 0.00022657517 
10595.0 0.00026013706 
10600.0 0.00021760385 
10605.0 0.00022999927 
10610.0 0.00021474486 
10615.0 0.00025148006 
10620.0 0.00022916097 
10625.0 0.00023103341 
10630.0 0.00023099361 
10635.0 0.00026857091 
10640.0 0.00024343105 
10645.0 0.00025246846 
10650.0 0.00022254989 
10655.0 0.00024087699 
10660.0 0.00025985567 
10665.0 0.00021860791 
10670.0 0.00021761429 
10675.0 0.00023894994 
10680.0 0.00024307517 
10685.0 0.00016797729 
10690.0 0.00022212105 
10695.0 0.00024941174 
10700.0 0.00026237581 
10705.0 0.0002342305  
10710.0 0.00023172153 
10715.0 0.00020217866 
10720.0 0.00022478331 
10725.0 0.00027691189 
10730.0 0.00024633424 
10735.0 0.0002523073  
10740.0 0.00023313558 
10745.0 0.00025708633 
10750.0 0.00023049511 
10755.0 0.00027775869 
10760.0 0.00024748743 
10765.0 0.00024346501 
10770.0 0.00021517163 
10775.0 0.00025795624 
10780.0 0.00025608487 
10785.0 0.00022680927 
10790.0 0.00022309097 
10795.0 0.00022807607 
10800.0 0.00025121341 
10805.0 0.00025731709 
10810.0 0.00021254083 
10815.0 0.00023482835 
10820.0 0.00026748147 
10825.0 0.00025330644 
10830.0 0.00025104504 
10835.0 0.00023459002 
10840.0 0.00024292907 
10845.0 0.00022906315 
10850.0 0.000238108   
10855.0 0.00021758998 
10860.0 0.00024939431 
10865.0 0.00025564531 
10870.0 0.00021265741 
10875.0 0.00021720544 
10880.0 0.00029084707 
10885.0 0.00024699574 
10890.0 0.00022161046 
10895.0 0.00024651254 
10900.0 0.0002533376  
10905.0 0.00021917343 
10910.0 0.00023528857 
10915.0 0.00024358025 
10920.0 0.00023553576 
10925.0 0.00023713512 
10930.0 0.00026652092 
10935.0 0.00026185334 
10940.0 0.00023908511 
10945.0 0.00025567768 
10950.0 0.00024519468 
10955.0 0.00029213924 
10960.0 0.0002512881  
10965.0 0.00022158666 
10970.0 0.00027201802 
10975.0 0.00032111622 
10980.0 0.00025097555 
10985.0 0.00024665669 
10990.0 0.00027658319 
10995.0 0.00025254365 
11000.0 0.0002442294  
