# http://abell.as.arizona.edu/~lbtsci/Instruments/LBC/lbc_description.html#filters.html
3000.0  0.00037541289 
3005.0  0.00037374225 
3010.0  0.00037832472 
3015.0  0.00036574733 
3020.0  0.00037218384 
3025.0  0.00037182067 
3030.0  0.00038470186 
3035.0  0.00037829395 
3040.0  0.00037572246 
3045.0  0.00036919862 
3050.0  0.00037156291 
3055.0  0.00036839098 
3060.0  0.00038579021 
3065.0  0.0003804139  
3070.0  0.00037262168 
3075.0  0.00037477996 
3080.0  0.00036857072 
3085.0  0.00037327215 
3090.0  0.00036582079 
3095.0  0.00037938293 
3100.0  0.00036837772 
3105.0  0.00037314713 
3110.0  0.00037926935 
3115.0  0.00037612781 
3120.0  0.00035913333 
3125.0  0.0003611812  
3130.0  0.00036414374 
3135.0  0.00037589226 
3140.0  0.00038060535 
3145.0  0.00035979874 
3150.0  0.00038117956 
3155.0  0.00035498895 
3160.0  0.0003806679  
3165.0  0.00037120614 
3170.0  0.00036213379 
3175.0  0.00037154075 
3180.0  0.00038679857 
3185.0  0.00038006283 
3190.0  0.000390848   
3195.0  0.00038784925 
3200.0  0.00036619704 
3205.0  0.00038168758 
3210.0  0.00037965301 
3215.0  0.00036706597 
3220.0  0.00038293969 
3225.0  0.00036928236 
3230.0  0.00036873311 
3235.0  0.00038068179 
3240.0  0.00037415415 
3245.0  0.0003657613  
3250.0  0.00037797682 
3255.0  0.00038179602 
3260.0  0.00037007626 
3265.0  0.000372141   
3270.0  0.00038561326 
3275.0  0.00038135055 
3280.0  0.00037769761 
3285.0  0.00039403487 
3290.0  0.00037686195 
3295.0  0.00037952345 
3300.0  0.00037370782 
3305.0  0.0003756538  
3310.0  0.00037018247 
3315.0  0.00038104203 
3320.0  0.00037727613 
3325.0  0.0003688021  
3330.0  0.00037007395 
3335.0  0.00038043071 
3340.0  0.00037515409 
3345.0  0.00036801782 
3350.0  0.00038802288 
3355.0  0.00040265054 
3360.0  0.00039173018 
3365.0  0.00039268643 
3370.0  0.00037656438 
3375.0  0.0003823575  
3380.0  0.00037667695 
3385.0  0.00038486619 
3390.0  0.00036369223 
3395.0  0.0003883408  
3400.0  0.00040128868 
3405.0  0.00039236721 
3410.0  0.00039002888 
3415.0  0.00038229935 
3420.0  0.00036154907 
3425.0  0.00037576631 
3430.0  0.00035855114 
3435.0  0.00036875743 
3440.0  0.0003663101  
3445.0  0.00035897527 
3450.0  0.00036168527 
3455.0  0.00037432257 
3460.0  0.00038334847 
3465.0  0.00038605165 
3470.0  0.00036958553 
3475.0  0.00037790507 
3480.0  0.00036064684 
3485.0  0.000377733   
3490.0  0.00037479036 
3495.0  0.00039343446 
3500.0  0.00039164145 
3505.0  0.00038297866 
3510.0  0.00038832448 
3515.0  0.00038769018 
3520.0  0.00036998607 
3525.0  0.00037166491 
3530.0  0.00037972111 
3535.0  0.0003711405  
3540.0  0.00038104933 
3545.0  0.00036572564 
3550.0  0.00036940958 
3555.0  0.00037400667 
3560.0  0.00037263766 
3565.0  0.0003783517  
3570.0  0.00039595917 
3575.0  0.00038620692 
3580.0  0.00038468421 
3585.0  0.000387417   
3590.0  0.00039390258 
3595.0  0.0003984141  
3600.0  0.00039000623 
3605.0  0.00040253766 
3610.0  0.00038911954 
3615.0  0.00038542572 
3620.0  0.00039200511 
3625.0  0.000417668   
3630.0  0.00040782761 
3635.0  0.00039032135 
3640.0  0.00038299225 
3645.0  0.00039121255 
3650.0  0.00037513126 
3655.0  0.00039383482 
3660.0  0.00038973212 
3665.0  0.0004003479  
3670.0  0.00037903905 
3675.0  0.00038724128 
3680.0  0.00040350039 
3685.0  0.00039618373 
3690.0  0.00039440468 
3695.0  0.0004060841  
3700.0  0.00040811863 
3705.0  0.00039571449 
3710.0  0.00041682426 
3715.0  0.00038868651 
3720.0  0.00039074682 
3725.0  0.00039702773 
3730.0  0.0003951605  
3735.0  0.00038668115 
3740.0  0.00037458785 
3745.0  0.00038917635 
3750.0  0.00038322162 
3755.0  0.00039059542 
3760.0  0.00039891798 
3765.0  0.00038667999 
3770.0  0.00040273309 
3775.0  0.00039453249 
3780.0  0.00039635651 
3785.0  0.00039770737 
3790.0  0.00040455543 
3795.0  0.00040158171 
3800.0  0.0004107162  
3805.0  0.00040409621 
3810.0  0.00040250171 
3815.0  0.00039880775 
3820.0  0.00040969919 
3825.0  0.00040065818 
3830.0  0.00039865501 
3835.0  0.00040197182 
3840.0  0.00039618053 
3845.0  0.00039466143 
3850.0  0.00039987866 
3855.0  0.00040063754 
3860.0  0.00039528724 
3865.0  0.00040463824 
3870.0  0.00040743399 
3875.0  0.00039560661 
3880.0  0.00040730003 
3885.0  0.00040462647 
3890.0  0.00042235062 
3895.0  0.00039663121 
3900.0  0.0004075443  
3905.0  0.00040157985 
3910.0  0.00041341707 
3915.0  0.00040960573 
3920.0  0.00041185711 
3925.0  0.00041705981 
3930.0  0.00040815964 
3935.0  0.00041059844 
3940.0  0.00041074675 
3945.0  0.00042564996 
3950.0  0.00041602079 
3955.0  0.00042063843 
3960.0  0.00041610643 
3965.0  0.0004253228  
3970.0  0.00041005727 
3975.0  0.00042389523 
3980.0  0.00040973086 
3985.0  0.00041754004 
3990.0  0.00040709969 
3995.0  0.00041329406 
4000.0  0.00039979909 
4005.0  0.00041897386 
4010.0  0.00040151134 
4015.0  0.00041112889 
4020.0  0.00041064061 
4025.0  0.00043694049 
4030.0  0.00039048579 
4035.0  0.00041671641 
4040.0  0.00041858938 
4045.0  0.00043178547 
4050.0  0.00042015906 
4055.0  0.00041517276 
4060.0  0.00041251224 
4065.0  0.00040475275 
4070.0  0.00042484291 
4075.0  0.00042726249 
4080.0  0.00040992491 
4085.0  0.00043471016 
4090.0  0.00041736536 
4095.0  0.00041574724 
4100.0  0.00042256322 
4105.0  0.00042379525 
4110.0  0.00041702297 
4115.0  0.00043031186 
4120.0  0.00042741552 
4125.0  0.00041852258 
4130.0  0.00042889953 
4135.0  0.00042953551 
4140.0  0.00042185139 
4145.0  0.00042616058 
4150.0  0.00043664444 
4155.0  0.00042858578 
4160.0  0.00041933663 
4165.0  0.00043881975 
4170.0  0.00042556152 
4175.0  0.00040979881 
4180.0  0.00040208716 
4185.0  0.00042876448 
4190.0  0.00040332261 
4195.0  0.00040219352 
4200.0  0.00041888513 
4205.0  0.00041077811 
4210.0  0.0004187654  
4215.0  0.0004101688  
4220.0  0.00042196691 
4225.0  0.00041636486 
4230.0  0.0004287776  
4235.0  0.00042099398 
4240.0  0.00041304067 
4245.0  0.00041250121 
4250.0  0.00041036274 
4255.0  0.00041752122 
4260.0  0.00041168239 
4265.0  0.00042465843 
4270.0  0.00041723792 
4275.0  0.00042968266 
4280.0  0.00042559203 
4285.0  0.00043329336 
4290.0  0.00041959148 
4295.0  0.00041868042 
4300.0  0.00042448774 
4305.0  0.00042249244 
4310.0  0.00042955067 
4315.0  0.00041211084 
4320.0  0.0004369149  
4325.0  0.00043019418 
4330.0  0.00043135416 
4335.0  0.00040156182 
4340.0  0.00041652184 
4345.0  0.00041752197 
4350.0  0.0004185871  
4355.0  0.00043349795 
4360.0  0.00042918839 
4365.0  0.00042919602 
4370.0  0.00042744197 
4375.0  0.00042673904 
4380.0  0.00042323116 
4385.0  0.0004158197  
4390.0  0.00042834088 
4395.0  0.00041293234 
4400.0  0.00041806191 
4405.0  0.00044223849 
4410.0  0.00043338384 
4415.0  0.00042679612 
4420.0  0.00042518135 
4425.0  0.00043341815 
4430.0  0.00042826291 
4435.0  0.0004314331  
4440.0  0.00042453673 
4445.0  0.00042473197 
4450.0  0.00043077189 
4455.0  0.00042840917 
4460.0  0.00043446768 
4465.0  0.0004157285  
4470.0  0.00042221114 
4475.0  0.00042181041 
4480.0  0.00043052416 
4485.0  0.00042699162 
4490.0  0.00043770675 
4495.0  0.0004451625  
4500.0  0.00042550832 
4505.0  0.00042064283 
4510.0  0.00042250212 
4515.0  0.00043287132 
4520.0  0.00042692259 
4525.0  0.00044135034 
4530.0  0.0004452993  
4535.0  0.00042354774 
4540.0  0.00043242618 
4545.0  0.000428457   
4550.0  0.00044503301 
4555.0  0.00042430505 
4560.0  0.00043014936 
4565.0  0.00043679368 
4570.0  0.00044882637 
4575.0  0.0004324203  
4580.0  0.00042635135 
4585.0  0.00042662475 
4590.0  0.00043725483 
4595.0  0.00042585518 
4600.0  0.00043364834 
4605.0  0.00042770017 
4610.0  0.00044386428 
4615.0  0.00044080801 
4620.0  0.00042427842 
4625.0  0.00043222234 
4630.0  0.00043433122 
4635.0  0.00043629352 
4640.0  0.00043485053 
4645.0  0.0004359214  
4650.0  0.00043900602 
4655.0  0.00044312317 
4660.0  0.00043287653 
4665.0  0.00044271708 
4670.0  0.00043546248 
4675.0  0.00045067459 
4680.0  0.00042424519 
4685.0  0.00042289421 
4690.0  0.00044158101 
4695.0  0.00043443535 
4700.0  0.00042580962 
4705.0  0.00041935235 
4710.0  0.00045933433 
4715.0  0.00044993792 
4720.0  0.00044075567 
4725.0  0.00044287238 
4730.0  0.00046297275 
4735.0  0.00043599293 
4740.0  0.0004355903  
4745.0  0.00043922294 
4750.0  0.00044541359 
4755.0  0.00043603979 
4760.0  0.00045953613 
4765.0  0.00044509705 
4770.0  0.00044621233 
4775.0  0.00044342056 
4780.0  0.00044652157 
4785.0  0.00043937538 
4790.0  0.00043976884 
4795.0  0.00043626044 
4800.0  0.00044139843 
4805.0  0.00044305593 
4810.0  0.00044614036 
4815.0  0.00044552311 
4820.0  0.00044923283 
4825.0  0.00043378085 
4830.0  0.00045324262 
4835.0  0.00044268761 
4840.0  0.00044267304 
4845.0  0.00044364091 
4850.0  0.00045165505 
4855.0  0.00043628324 
4860.0  0.0004534002  
4865.0  0.00043883275 
4870.0  0.00041484386 
4875.0  0.00042912707 
4880.0  0.00044623703 
4885.0  0.000438031   
4890.0  0.00044799067 
4895.0  0.00044744022 
4900.0  0.00043483991 
4905.0  0.00044212285 
4910.0  0.00043655567 
4915.0  0.00045157012 
4920.0  0.00044386573 
4925.0  0.00042992953 
4930.0  0.00044496816 
4935.0  0.00044272345 
4940.0  0.00044932555 
4945.0  0.00044310007 
4950.0  0.00044679541 
4955.0  0.00043830048 
4960.0  0.00044500157 
4965.0  0.00043517474 
4970.0  0.0004367587  
4975.0  0.00044716358 
4980.0  0.00043497149 
4985.0  0.00044406235 
4990.0  0.00043646201 
4995.0  0.00042876612 
5000.0  0.00044167466 
5005.0  0.0004361302  
5010.0  0.0004306668  
5015.0  0.0004390081  
5020.0  0.00043167409 
5025.0  0.00044421203 
5030.0  0.00044150926 
5035.0  0.00043805841 
5040.0  0.00043896817 
5045.0  0.00043495096 
5050.0  0.00043766074 
5055.0  0.00044060946 
5060.0  0.00045392189 
5065.0  0.00042424027 
5070.0  0.0004318019  
5075.0  0.00044727944 
5080.0  0.00044165764 
5085.0  0.0004467801  
5090.0  0.00043404825 
5095.0  0.00044683807 
5100.0  0.00044253685 
5105.0  0.00044763289 
5110.0  0.00044190552 
5115.0  0.00044836447 
5120.0  0.00044404097 
5125.0  0.00042404924 
5130.0  0.0004482466  
5135.0  0.00043891739 
5140.0  0.00042906664 
5145.0  0.00044159744 
5150.0  0.00045065034 
5155.0  0.00043132596 
5160.0  0.00043558661 
5165.0  0.00042864595 
5170.0  0.00043764878 
5175.0  0.00043710738 
5180.0  0.00043642029 
5185.0  0.00044407293 
5190.0  0.00043292679 
5195.0  0.00044342138 
5200.0  0.00043664031 
5205.0  0.00043499388 
5210.0  0.00043942172 
5215.0  0.0004428719  
5220.0  0.00043949943 
5225.0  0.00044273466 
5230.0  0.0004359981  
5235.0  0.00043867182 
5240.0  0.00043323223 
5245.0  0.00044209849 
5250.0  0.00044238526 
5255.0  0.0004233535  
5260.0  0.00043182652 
5265.0  0.00044552442 
5270.0  0.00043944463 
5275.0  0.00042408813 
5280.0  0.00044071645 
5285.0  0.00042249296 
5290.0  0.00043667141 
5295.0  0.00043856058 
5300.0  0.00044618249 
5305.0  0.0004266049  
5310.0  0.00044690993 
5315.0  0.00045337096 
5320.0  0.00044812419 
5325.0  0.00044121493 
5330.0  0.00044470247 
5335.0  0.00044325747 
5340.0  0.00044575486 
5345.0  0.00043612093 
5350.0  0.00044373788 
5355.0  0.00043171059 
5360.0  0.00043337815 
5365.0  0.00044603609 
5370.0  0.00043656245 
5375.0  0.00044594578 
5380.0  0.00043624192 
5385.0  0.00043633372 
5390.0  0.00043615133 
5395.0  0.00044655114 
5400.0  0.00044046924 
5405.0  0.00042829361 
5410.0  0.00044750422 
5415.0  0.00044805348 
5420.0  0.00043292433 
5425.0  0.00044904694 
5430.0  0.00044150628 
5435.0  0.0004532041  
5440.0  0.00042624854 
5445.0  0.00043325752 
5450.0  0.00044563331 
5455.0  0.00044230498 
5460.0  0.00042957373 
5465.0  0.00044771954 
5470.0  0.00044555049 
5475.0  0.00044869579 
5480.0  0.00043913011 
5485.0  0.0004382398  
5490.0  0.00043280751 
5495.0  0.00044309702 
5500.0  0.00044266216 
5505.0  0.00044529919 
5510.0  0.00045104917 
5515.0  0.00044587635 
5520.0  0.00044248365 
5525.0  0.00043120839 
5530.0  0.00043188646 
5535.0  0.00043319624 
5540.0  0.0004375143  
5545.0  0.00044383459 
5550.0  0.00044935428 
5555.0  0.00044234615 
5560.0  0.00043863714 
5565.0  0.00045644116 
5570.0  0.00044844069 
5575.0  0.00043097265 
5580.0  0.00043087285 
5585.0  0.0004437197  
5590.0  0.00041746967 
5595.0  0.0004378878  
5600.0  0.0004356103  
5605.0  0.00044487838 
5610.0  0.00043696798 
5615.0  0.00044042971 
5620.0  0.00043463942 
5625.0  0.00044305831 
5630.0  0.00044075057 
5635.0  0.00043982975 
5640.0  0.00042971533 
5645.0  0.00043750521 
5650.0  0.00043658316 
5655.0  0.00043185566 
5660.0  0.0004428722  
5665.0  0.00044913866 
5670.0  0.00044014722 
5675.0  0.00043590989 
5680.0  0.00043790571 
5685.0  0.00044991653 
5690.0  0.00044723142 
5695.0  0.0004217732  
5700.0  0.00043204147 
5705.0  0.00044150371 
5710.0  0.0004470361  
5715.0  0.00043707456 
5720.0  0.00043537613 
5725.0  0.00044150662 
5730.0  0.00044353884 
5735.0  0.00043355346 
5740.0  0.00042844854 
5745.0  0.00043100186 
5750.0  0.00040796086 
5755.0  0.00043267664 
5760.0  0.00044739932 
5765.0  0.00043561142 
5770.0  0.00044889402 
5775.0  0.00043410812 
5780.0  0.00042608485 
5785.0  0.00042810798 
5790.0  0.00043653332 
5795.0  0.00045530546 
5800.0  0.00044002317 
5805.0  0.00043709219 
5810.0  0.00043416735 
5815.0  0.00042264882 
5820.0  0.00043783359 
5825.0  0.00043061409 
5830.0  0.00042706933 
5835.0  0.00042884815 
5840.0  0.00044150978 
5845.0  0.00042775325 
5850.0  0.00044249691 
5855.0  0.00042401657 
5860.0  0.00043955743 
5865.0  0.00041705601 
5870.0  0.00044272557 
5875.0  0.00043511853 
5880.0  0.00044030599 
5885.0  0.00043168187 
5890.0  0.00042772524 
5895.0  0.00043348439 
5900.0  0.0004219589  
5905.0  0.00043335933 
5910.0  0.00042455189 
5915.0  0.00044147052 
5920.0  0.0004327707  
5925.0  0.00041635536 
5930.0  0.00042279322 
5935.0  0.00043640472 
5940.0  0.00043300055 
5945.0  0.00042822257 
5950.0  0.00043248419 
5955.0  0.0004303601  
5960.0  0.00042690035 
5965.0  0.0004402177  
5970.0  0.00044162877 
5975.0  0.00042525064 
5980.0  0.0004405069  
5985.0  0.00043093957 
5990.0  0.00042477205 
5995.0  0.00044322435 
6000.0  0.00042081241 
6005.0  0.00043903563 
6010.0  0.00043001011 
6015.0  0.00043279044 
6020.0  0.00041678425 
6025.0  0.00043980017 
6030.0  0.00042654101 
6035.0  0.0004115187  
6040.0  0.0004288289  
6045.0  0.00043948539 
6050.0  0.00043070242 
6055.0  0.00042896204 
6060.0  0.00042871617 
6065.0  0.00043097574 
6070.0  0.00043773931 
6075.0  0.00042180099 
6080.0  0.0004250557  
6085.0  0.0004392517  
6090.0  0.00042016078 
6095.0  0.00042357393 
6100.0  0.00042011969 
6105.0  0.00043321606 
6110.0  0.0004227066  
6115.0  0.00044040855 
6120.0  0.00042744629 
6125.0  0.00043428011 
6130.0  0.00040930655 
6135.0  0.00042262893 
6140.0  0.00042447217 
6145.0  0.00041763011 
6150.0  0.00041885342 
6155.0  0.00043463774 
6160.0  0.00042997386 
6165.0  0.0004216484  
6170.0  0.00042579781 
6175.0  0.00042286158 
6180.0  0.0004305914  
6185.0  0.00043130152 
6190.0  0.00043220453 
6195.0  0.00040971898 
6200.0  0.00042955145 
6205.0  0.00042811316 
6210.0  0.00043283384 
6215.0  0.00042478412 
6220.0  0.00043399632 
6225.0  0.0004198806  
6230.0  0.00043104026 
6235.0  0.00041758023 
6240.0  0.00041908953 
6245.0  0.00041614078 
6250.0  0.00040868677 
6255.0  0.00042560317 
6260.0  0.00041276816 
6265.0  0.00042458206 
6270.0  0.00042987674 
6275.0  0.00042475939 
6280.0  0.0004237204  
6285.0  0.00043029621 
6290.0  0.00041771889 
6295.0  0.00044132669 
6300.0  0.00043175817 
6305.0  0.00042574052 
6310.0  0.00042383168 
6315.0  0.00042056844 
6320.0  0.00042185526 
6325.0  0.00042138338 
6330.0  0.00043406688 
6335.0  0.00041182343 
6340.0  0.00042821959 
6345.0  0.00043421473 
6350.0  0.00042447425 
6355.0  0.00042897161 
6360.0  0.00041113056 
6365.0  0.00043032087 
6370.0  0.00041662108 
6375.0  0.00042464647 
6380.0  0.00041663814 
6385.0  0.00042053267 
6390.0  0.00041245714 
6395.0  0.00042309795 
6400.0  0.00042864569 
6405.0  0.00041088488 
6410.0  0.00043091103 
6415.0  0.00041255347 
6420.0  0.00040598422 
6425.0  0.00041825775 
6430.0  0.00042878527 
6435.0  0.00041915119 
6440.0  0.00041447677 
6445.0  0.00042063598 
6450.0  0.00042442814 
6455.0  0.00041257121 
6460.0  0.00041711234 
6465.0  0.00041836396 
6470.0  0.00042679802 
6475.0  0.00041342564 
6480.0  0.00041855328 
6485.0  0.00041632246 
6490.0  0.00041769303 
6495.0  0.00042285193 
6500.0  0.00040402003 
6505.0  0.0004125471  
6510.0  0.00042508725 
6515.0  0.00042664763 
6520.0  0.00041667603 
6525.0  0.00041661527 
6530.0  0.00043486502 
6535.0  0.00042509057 
6540.0  0.00042283248 
6545.0  0.00042544175 
6550.0  0.00042516384 
6555.0  0.00042127211 
6560.0  0.00042082816 
6565.0  0.00043786708 
6570.0  0.00043697141 
6575.0  0.00044184186 
6580.0  0.00044168871 
6585.0  0.00044548545 
6590.0  0.00044137593 
6595.0  0.00044993054 
6600.0  0.00046705578 
6605.0  0.00048155461 
6610.0  0.00047897752 
6615.0  0.00050881773 
6620.0  0.00052762851 
6625.0  0.00054486729 
6630.0  0.00057150546 
6635.0  0.00062209833 
6640.0  0.00066765435 
6645.0  0.00070523143 
6650.0  0.00077942103 
6655.0  0.00086616203 
6660.0  0.00096940123 
6665.0  0.00106978066 
6670.0  0.00124998532 
6675.0  0.00140361756 
6680.0  0.00160910532 
6685.0  0.00184619352 
6690.0  0.00214467496 
6695.0  0.00250000835 
6700.0  0.00288662523 
6705.0  0.00341708779 
6710.0  0.00397784412 
6715.0  0.00464023054 
6720.0  0.00543564618 
6725.0  0.00631715238 
6730.0  0.00739488006 
6735.0  0.008645823   
6740.0  0.01001681566 
6745.0  0.01166241288 
6750.0  0.01348247886 
6755.0  0.01563585043 
6760.0  0.01805076241 
6765.0  0.02069429636 
6770.0  0.02375397205 
6775.0  0.02712045193 
6780.0  0.03081184149 
6785.0  0.03503643274 
6790.0  0.03955294847 
6795.0  0.04458022118 
6800.0  0.05020936012 
6805.0  0.05616549015 
6810.0  0.06282170773 
6815.0  0.06986526966 
6820.0  0.07747746468 
6825.0  0.08563833237 
6830.0  0.09440092087 
6835.0  0.1039134598  
6840.0  0.1137643051  
6845.0  0.1239369202  
6850.0  0.1353844833  
6855.0  0.1469179058  
6860.0  0.1590908813  
6865.0  0.1720221901  
6870.0  0.1848950386  
6875.0  0.1987686157  
6880.0  0.212689991   
6885.0  0.2269413185  
6890.0  0.2420910835  
6895.0  0.2569011497  
6900.0  0.272223835   
6905.0  0.2881759071  
6910.0  0.3036269188  
6915.0  0.3197790337  
6920.0  0.3357287216  
6925.0  0.3515318298  
6930.0  0.3681194305  
6935.0  0.3844197083  
6940.0  0.4002407074  
6945.0  0.417012825   
6950.0  0.4327178955  
6955.0  0.4485934067  
6960.0  0.4647378159  
6965.0  0.4799116898  
6970.0  0.4957702637  
6975.0  0.5112560272  
6980.0  0.5259040451  
6985.0  0.5408260345  
6990.0  0.5552061844  
6995.0  0.5692688751  
7000.0  0.5835462189  
7005.0  0.5966602707  
7010.0  0.6100136185  
7015.0  0.6230725479  
7020.0  0.6353719711  
7025.0  0.6481255341  
7030.0  0.6592705536  
7035.0  0.671374588   
7040.0  0.6823779297  
7045.0  0.692954483   
7050.0  0.7035079956  
7055.0  0.7140999603  
7060.0  0.7231995392  
7065.0  0.7335015869  
7070.0  0.741930542   
7075.0  0.7514794922  
7080.0  0.7598937988  
7085.0  0.7684832001  
7090.0  0.7758795929  
7095.0  0.7842515564  
7100.0  0.7912098694  
7105.0  0.7987939453  
7110.0  0.8050357056  
7115.0  0.8120742798  
7120.0  0.818014679   
7125.0  0.823904953   
7130.0  0.8298009491  
7135.0  0.8352435303  
7140.0  0.8406761932  
7145.0  0.8457891083  
7150.0  0.8508734894  
7155.0  0.8554047394  
7160.0  0.8603463745  
7165.0  0.8638358307  
7170.0  0.8687488556  
7175.0  0.8724004364  
7180.0  0.8766271973  
7185.0  0.879573822   
7190.0  0.883767395   
7195.0  0.8863970184  
7200.0  0.8902520752  
7205.0  0.8926656342  
7210.0  0.8957692719  
7215.0  0.8986082458  
7220.0  0.9015365601  
7225.0  0.903846283   
7230.0  0.9068724823  
7235.0  0.9086457825  
7240.0  0.9109441376  
7245.0  0.9131306458  
7250.0  0.9150637817  
7255.0  0.9174811554  
7260.0  0.9190776062  
7265.0  0.9209792328  
7270.0  0.9226379395  
7275.0  0.9246694183  
7280.0  0.9262942505  
7285.0  0.9271619415  
7290.0  0.9286519623  
7295.0  0.9305665588  
7300.0  0.9315788269  
7305.0  0.9330895233  
7310.0  0.9341896057  
7315.0  0.9356426239  
7320.0  0.9363143158  
7325.0  0.9378118134  
7330.0  0.9387825012  
7335.0  0.9396738434  
7340.0  0.9404707336  
7345.0  0.9417173004  
7350.0  0.9427307892  
7355.0  0.9434928894  
7360.0  0.9440952301  
7365.0  0.9446968079  
7370.0  0.9457131958  
7375.0  0.9461921692  
7380.0  0.946506958   
7385.0  0.9477275848  
7390.0  0.9481400299  
7395.0  0.9487594604  
7400.0  0.9490377045  
7405.0  0.9497428894  
7410.0  0.9501620483  
7415.0  0.9507342529  
7420.0  0.9508628082  
7425.0  0.9517228699  
7430.0  0.9520262146  
7435.0  0.9528303528  
7440.0  0.9524546814  
7445.0  0.9533412933  
7450.0  0.9531889343  
7455.0  0.9540297699  
7460.0  0.9534309387  
7465.0  0.9542678833  
7470.0  0.9544633484  
7475.0  0.9549668121  
7480.0  0.9549894714  
7485.0  0.9551953125  
7490.0  0.9556583405  
7495.0  0.9557639313  
7500.0  0.9555657959  
7505.0  0.9556993103  
7510.0  0.9566397858  
7515.0  0.9560038757  
7520.0  0.9564021301  
7525.0  0.9560749817  
7530.0  0.9572531891  
7535.0  0.9566087341  
7540.0  0.9574253845  
7545.0  0.9568180847  
7550.0  0.9575030518  
7555.0  0.956809082   
7560.0  0.9579559326  
7565.0  0.9576660919  
7570.0  0.9580861664  
7575.0  0.9576348877  
7580.0  0.9582680511  
7585.0  0.9580586243  
7590.0  0.9588835144  
7595.0  0.9584518433  
7600.0  0.9585349274  
7605.0  0.9590021515  
7610.0  0.9587921906  
7615.0  0.9586243439  
7620.0  0.9588280487  
7625.0  0.9588594055  
7630.0  0.9596014404  
7635.0  0.9594419861  
7640.0  0.9596385956  
7645.0  0.9596473694  
7650.0  0.9597939301  
7655.0  0.9593321228  
7660.0  0.9602742767  
7665.0  0.9604512024  
7670.0  0.9603772736  
7675.0  0.960158844   
7680.0  0.9610462952  
7685.0  0.960820694   
7690.0  0.9610292053  
7695.0  0.9608669281  
7700.0  0.961115036   
7705.0  0.9610321045  
7710.0  0.9613977051  
7715.0  0.9613103485  
7720.0  0.9613332367  
7725.0  0.9617443085  
7730.0  0.9619140625  
7735.0  0.9620326996  
7740.0  0.9616514587  
7745.0  0.9624832153  
7750.0  0.9621408081  
7755.0  0.9622880554  
7760.0  0.9619355011  
7765.0  0.9628018951  
7770.0  0.9622187805  
7775.0  0.9626866913  
7780.0  0.9622544861  
7785.0  0.9628488159  
7790.0  0.9623932648  
7795.0  0.9629141998  
7800.0  0.9626346588  
7805.0  0.9632937622  
7810.0  0.9626174164  
7815.0  0.9626522064  
7820.0  0.9621465302  
7825.0  0.9630632782  
7830.0  0.9627770233  
7835.0  0.9630899048  
7840.0  0.9629131317  
7845.0  0.9629050446  
7850.0  0.9637030029  
7855.0  0.963193512   
7860.0  0.9631537628  
7865.0  0.9633110809  
7870.0  0.9639997864  
7875.0  0.9629779816  
7880.0  0.9639231873  
7885.0  0.96349617    
7890.0  0.9637843323  
7895.0  0.9634513092  
7900.0  0.9645959473  
7905.0  0.9641956329  
7910.0  0.9643025208  
7915.0  0.9635978699  
7920.0  0.9642292786  
7925.0  0.9640299225  
7930.0  0.9641670227  
7935.0  0.9640395355  
7940.0  0.9643114471  
7945.0  0.9636060333  
7950.0  0.9634259796  
7955.0  0.9630525208  
7960.0  0.9635674286  
7965.0  0.9635913086  
7970.0  0.9623360443  
7975.0  0.9623451233  
7980.0  0.9620018005  
7985.0  0.9615991211  
7990.0  0.9613417816  
7995.0  0.9606921387  
8000.0  0.9596185303  
8005.0  0.9590436554  
8010.0  0.9579250336  
8015.0  0.9577455139  
8020.0  0.9568493652  
8025.0  0.9557868195  
8030.0  0.9547998047  
8035.0  0.9543815613  
8040.0  0.9527863312  
8045.0  0.9520076752  
8050.0  0.9506303406  
8055.0  0.9502561188  
8060.0  0.9484725952  
8065.0  0.9479277039  
8070.0  0.9465546417  
8075.0  0.9461994934  
8080.0  0.9448521423  
8085.0  0.9440756989  
8090.0  0.9421359253  
8095.0  0.9414276123  
8100.0  0.9400260162  
8105.0  0.940052948   
8110.0  0.9390829468  
8115.0  0.9385557556  
8120.0  0.9377854919  
8125.0  0.936753006   
8130.0  0.9368969727  
8135.0  0.9363852692  
8140.0  0.9358952332  
8145.0  0.9354486084  
8150.0  0.9359844971  
8155.0  0.9352862549  
8160.0  0.9359402466  
8165.0  0.9354328156  
8170.0  0.935508194   
8175.0  0.9358358765  
8180.0  0.9365646362  
8185.0  0.9366519165  
8190.0  0.9373216248  
8195.0  0.9373873138  
8200.0  0.9380561829  
8205.0  0.9375991821  
8210.0  0.9392812347  
8215.0  0.9394712067  
8220.0  0.9391959381  
8225.0  0.9399794769  
8230.0  0.9403630066  
8235.0  0.9401805115  
8240.0  0.9391728973  
8245.0  0.9395884705  
8250.0  0.9399107361  
8255.0  0.9402360535  
8260.0  0.9389630127  
8265.0  0.9389846802  
8270.0  0.93861763    
8275.0  0.9381757355  
8280.0  0.9363487244  
8285.0  0.9357615662  
8290.0  0.9344461823  
8295.0  0.9332955933  
8300.0  0.9321347046  
8305.0  0.9303826904  
8310.0  0.9289443207  
8315.0  0.9276611328  
8320.0  0.9258087158  
8325.0  0.9231890106  
8330.0  0.9212379456  
8335.0  0.9190303802  
8340.0  0.9157772827  
8345.0  0.9123959351  
8350.0  0.9080878448  
8355.0  0.9036077881  
8360.0  0.8967749786  
8365.0  0.8902867126  
8370.0  0.8819099426  
8375.0  0.8715974426  
8380.0  0.8580757141  
8385.0  0.8442667389  
8390.0  0.8262364197  
8395.0  0.8061724854  
8400.0  0.7825416565  
8405.0  0.7567047119  
8410.0  0.7272533417  
8415.0  0.6947887421  
8420.0  0.6600405884  
8425.0  0.6229087067  
8430.0  0.5816038895  
8435.0  0.5418240356  
8440.0  0.5000455475  
8445.0  0.4590764236  
8450.0  0.4193228531  
8455.0  0.3800543976  
8460.0  0.341586113   
8465.0  0.3071918869  
8470.0  0.2741404724  
8475.0  0.2442004395  
8480.0  0.2171564674  
8485.0  0.1918178749  
8490.0  0.1701141548  
8495.0  0.1500707245  
8500.0  0.1324879074  
8505.0  0.1173680305  
8510.0  0.1030540276  
8515.0  0.09124315262 
8520.0  0.08063778877 
8525.0  0.07091001987 
8530.0  0.06294556141 
8535.0  0.05564326286 
8540.0  0.04916074753 
8545.0  0.04347788334 
8550.0  0.0389277339  
8555.0  0.03438695908 
8560.0  0.03058897972 
8565.0  0.02714552641 
8570.0  0.02415092945 
8575.0  0.02141679287 
8580.0  0.01907017827 
8585.0  0.01698429465 
8590.0  0.01535930395 
8595.0  0.01413461804 
8600.0  0.01227738976 
8605.0  0.01091228962 
8610.0  0.01020039916 
8615.0  0.00939996541 
8620.0  0.00893389642 
8625.0  0.00791772485 
8630.0  0.00754711568 
8635.0  0.00718830824 
8640.0  0.00611941159 
8645.0  0.00643725693 
8650.0  0.00533818662 
8655.0  0.00575151146 
8660.0  0.00511866689 
8665.0  0.00491238326 
8670.0  0.00462296546 
8675.0  0.00415984482 
8680.0  0.00342728049 
8685.0  0.00352498263 
8690.0  0.00368886709 
8695.0  0.00368919194 
8700.0  0.00329485863 
8705.0  0.00377750039 
8710.0  0.00275175542 
8715.0  0.00357386202 
8720.0  0.00107814454 
8725.0  0.00383292288 
8730.0  0.00205343634 
8735.0  0.00275437713 
8740.0  0.00243413746 
8745.0  0.00092205897 
8750.0  -0.00180569544
8755.0  -0.00135321811
8760.0  -0.00246257514
8765.0  0.00307322174 
8770.0  0.00039912954 
8775.0  0.00037649628 
8780.0  -0.00132654533
8785.0  -0.00031259287
8790.0  -0.00138004258
8795.0  0.0008765541  
8800.0  0.00084824339 
8805.0  0.00077428535 
8810.0  0.00074889034 
8815.0  0.0007178586  
8820.0  0.00067416288 
8825.0  0.00067401022 
8830.0  0.00064729892 
8835.0  0.00059600361 
8840.0  0.00057554774 
8845.0  0.00056522712 
8850.0  0.0005968621  
8855.0  0.00052288342 
8860.0  0.00047513235 
8865.0  0.0004963189  
8870.0  0.00048773769 
8875.0  0.00046737671 
8880.0  0.00047307163 
8885.0  0.00046801444 
8890.0  0.00040645111 
8895.0  0.00043538801 
8900.0  0.00040930916 
8905.0  0.00036718756 
8910.0  0.00040867224 
8915.0  0.00041670293 
8920.0  0.00035930656 
8925.0  0.00037568398 
8930.0  0.00041240033 
8935.0  0.00032346405 
8940.0  0.00030248689 
8945.0  0.00042388275 
8950.0  0.00032709245 
8955.0  0.00034790851 
8960.0  0.00031250969 
8965.0  0.00033426303 
8970.0  0.00031572603 
8975.0  0.00033606511 
8980.0  0.00035734721 
8985.0  0.00032007452 
8990.0  0.00032396197 
8995.0  0.00034687985 
9000.0  0.00031101806 
9005.0  0.00030188985 
9010.0  0.00031004597 
9015.0  0.0002554387  
9020.0  0.00034834482 
9025.0  0.0003153925  
9030.0  0.00026532957 
9035.0  0.00029311324 
9040.0  0.00029100804 
9045.0  0.00029403126 
9050.0  0.00029394558 
9055.0  0.00029514933 
9060.0  0.00029195338 
9065.0  0.0002916893  
9070.0  0.00027777176 
9075.0  0.00032848954 
9080.0  0.00026117908 
9085.0  0.00030083466 
9090.0  0.000292993   
9095.0  0.00029479759 
9100.0  0.00028212784 
9105.0  0.00027104538 
9110.0  0.00026014065 
9115.0  0.0002675337  
9120.0  0.00029078456 
9125.0  0.00029594708 
9130.0  0.00029685674 
9135.0  0.000252528   
9140.0  0.00026067657 
9145.0  0.0002454181  
9150.0  0.00022226775 
9155.0  0.00028971998 
9160.0  0.00032580066 
9165.0  0.00024765247 
9170.0  0.00028400414 
9175.0  0.00023564084 
9180.0  0.00023033615 
9185.0  0.00029144166 
9190.0  0.00026000477 
9195.0  0.00025677769 
9200.0  0.00023479199 
9205.0  0.00025654534 
9210.0  0.00029954944 
9215.0  0.00027295617 
9220.0  0.00025104973 
9225.0  0.00027141325 
9230.0  0.0002559188  
9235.0  0.00025306217 
9240.0  0.0002707867  
9245.0  0.0002492485  
9250.0  0.0002646964  
9255.0  0.00024483301 
9260.0  0.00026817134 
9265.0  0.0002633358  
9270.0  0.0002162707  
9275.0  0.00024459997 
9280.0  0.00027730467 
9285.0  0.00029325174 
9290.0  0.00023321021 
9295.0  0.00024274312 
9300.0  0.00029353574 
9305.0  0.00025518855 
9310.0  0.00023583438 
9315.0  0.00026743993 
9320.0  0.00024004089 
9325.0  0.00024925234 
9330.0  0.00028383562 
9335.0  0.00024242856 
9340.0  0.00024964096 
9345.0  0.00025069652 
9350.0  0.00024728799 
9355.0  0.00022489812 
9360.0  0.00023601081 
9365.0  0.0002499879  
9370.0  0.0002437331  
9375.0  0.00028675137 
9380.0  0.00024956491 
9385.0  0.00020905716 
9390.0  0.00025030501 
9395.0  0.00023658831 
9400.0  0.00024816943 
9405.0  0.00026491327 
9410.0  0.00024500143 
9415.0  0.0002292496  
9420.0  0.00022891859 
9425.0  0.00028512007 
9430.0  0.00028321546 
9435.0  0.00020393496 
9440.0  0.00027306404 
9445.0  0.00025321864 
9450.0  0.00024543161 
9455.0  0.00029806772 
9460.0  0.00018236365 
9465.0  0.00024405412 
9470.0  0.00028263789 
9475.0  0.00024185367 
9480.0  0.00023729278 
9485.0  0.00019683015 
9490.0  0.00024039125 
9495.0  0.00025948102 
9500.0  0.00026927697 
9505.0  0.00023374146 
9510.0  0.00022427995 
9515.0  0.00028293923 
9520.0  0.00024635714 
9525.0  0.00018768165 
9530.0  0.000272907   
9535.0  0.00023588067 
9540.0  0.0002642248  
9545.0  0.00024654079 
9550.0  0.0002624136  
9555.0  0.00024487207 
9560.0  0.00023279345 
9565.0  0.00027456868 
9570.0  0.00029214874 
9575.0  0.00023188159 
9580.0  0.00022075525 
9585.0  0.00024777263 
9590.0  0.00024703221 
9595.0  0.00025129991 
9600.0  0.00020840561 
9605.0  0.00024923325 
9610.0  0.00025746631 
9615.0  0.00023081983 
9620.0  0.00022797983 
9625.0  0.00024822267 
9630.0  0.00025784047 
9635.0  0.00024036709 
9640.0  0.00027345065 
9645.0  0.00023808703 
9650.0  0.00019369245 
9655.0  0.00022935135 
9660.0  0.00022069853 
9665.0  0.00023215011 
9670.0  0.00021817027 
9675.0  0.00025740158 
9680.0  0.00020472931 
9685.0  0.00020895885 
9690.0  0.00031415164 
9695.0  0.00022664975 
9700.0  0.00022678476 
9705.0  0.00022030417 
9710.0  0.00024124205 
9715.0  0.0002493313  
9720.0  0.00024075774 
9725.0  0.00024296613 
9730.0  0.00021070328 
9735.0  0.00022989115 
9740.0  0.00027439227 
9745.0  0.00025433075 
9750.0  0.00022700135 
9755.0  0.00025836449 
9760.0  0.00023671927 
9765.0  0.00024857843 
9770.0  0.00024232911 
9775.0  0.00025247471 
9780.0  0.000251361   
9785.0  0.00022377931 
9790.0  0.00022978861 
9795.0  0.00023729542 
9800.0  0.00023666417 
9805.0  0.0002170635  
9810.0  0.00025818953 
9815.0  0.00025065294 
9820.0  0.00021251109 
9825.0  0.00024009392 
9830.0  0.00028924733 
9835.0  0.00023745947 
9840.0  0.00021947172 
9845.0  0.00025839515 
9850.0  0.00023131736 
9855.0  0.0002526365  
9860.0  0.00019570803 
9865.0  0.00021560939 
9870.0  0.00028119266 
9875.0  0.00026279625 
9880.0  0.00021450793 
9885.0  0.00021106249 
9890.0  0.00025333535 
9895.0  0.00022510875 
9900.0  0.00025210783 
9905.0  0.00024972929 
9910.0  0.00022572517 
9915.0  0.00026895555 
9920.0  0.00025282137 
9925.0  0.00022929573 
9930.0  0.00026408903 
9935.0  0.000249281   
9940.0  0.00018402087 
9945.0  0.00020733749 
9950.0  0.00021438906 
9955.0  0.00026574939 
9960.0  0.00023816863 
9965.0  0.00022343941 
9970.0  0.00026562789 
9975.0  0.00022949642 
9980.0  0.00021458322 
9985.0  0.00027572829 
9990.0  0.00023260769 
9995.0  0.0002015437  
10000.0 0.00022191474 
10005.0 0.00026285732 
10010.0 0.00023170484 
10015.0 0.00026045335 
10020.0 0.00025743224 
10025.0 0.00025339492 
10030.0 0.000216184   
10035.0 0.00025001045 
10040.0 0.00024802048 
10045.0 0.00020902064 
10050.0 0.00023333784 
10055.0 0.00025722394 
10060.0 0.00023236625 
10065.0 0.00019731542 
10070.0 0.00023335017 
10075.0 0.00028900109 
10080.0 0.00018372243 
10085.0 0.00020645138 
10090.0 0.00028240604 
10095.0 0.00021622518 
10100.0 0.00021580741 
10105.0 0.00025499426 
10110.0 0.00022703227 
10115.0 0.00020349961 
10120.0 0.00027839404 
10125.0 0.00025251398 
10130.0 0.00021259004 
10135.0 0.0002296056  
10140.0 0.00021158801 
10145.0 0.00021989156 
10150.0 0.00018912541 
10155.0 0.00024798082 
10160.0 0.00024060635 
10165.0 0.0002612734  
10170.0 0.00022081753 
10175.0 0.0002376858  
10180.0 0.00019937996 
10185.0 0.00022541918 
10190.0 0.00022472775 
10195.0 0.00028114533 
10200.0 0.00023998663 
10205.0 0.00025154237 
10210.0 0.0002126083  
10215.0 0.00023400668 
10220.0 0.00020128248 
10225.0 0.00021101743 
10230.0 0.00023116903 
10235.0 0.00027138684 
10240.0 0.00022180777 
10245.0 0.00020830929 
10250.0 0.00020703331 
10255.0 0.00023874816 
10260.0 0.00020387452 
10265.0 0.00020142276 
10270.0 0.00024031175 
10275.0 0.00022977414 
10280.0 0.00020521244 
10285.0 0.00021712059 
10290.0 0.00026009997 
10295.0 0.00022348883 
10300.0 0.00018414358 
10305.0 0.00024023093 
10310.0 0.0002590929  
10315.0 0.00019234842 
10320.0 0.00022268863 
10325.0 0.00022359069 
10330.0 0.00022445574 
10335.0 0.00018477306 
10340.0 0.0002431787  
10345.0 0.00024950178 
10350.0 0.00022325901 
10355.0 0.00024044843 
10360.0 0.00023852754 
10365.0 0.00024678206 
10370.0 0.00017664859 
10375.0 0.00024151195 
10380.0 0.00027428532 
10385.0 0.00025142046 
10390.0 0.00022677008 
10395.0 0.00023385361 
10400.0 0.00019044964 
10405.0 0.00021501517 
10410.0 0.00027372936 
10415.0 0.00024309605 
10420.0 0.00021357926 
10425.0 0.00022579435 
10430.0 0.00024926947 
10435.0 0.00023908012 
10440.0 0.00021453375 
10445.0 0.00022922834 
10450.0 0.00021925345 
10455.0 0.00023389066 
10460.0 0.00024221413 
10465.0 0.00023772325 
10470.0 0.00025066908 
10475.0 0.00025023634 
10480.0 0.00021132473 
10485.0 0.0002228535  
10490.0 0.00028943839 
10495.0 0.0002115519  
10500.0 0.00021960227 
10505.0 0.00019988922 
10510.0 0.00025368877 
10515.0 0.00022638906 
10520.0 0.00022165967 
10525.0 0.0002271259  
10530.0 0.00022983449 
10535.0 0.00022228945 
10540.0 0.00024251135 
10545.0 0.0002232584  
10550.0 0.00024654301 
10555.0 0.00021018703 
10560.0 0.00022284072 
10565.0 0.00021583358 
10570.0 0.00021431865 
10575.0 0.00021548025 
10580.0 0.00026032923 
10585.0 0.00021352412 
10590.0 0.00022620207 
10595.0 0.00023026312 
10600.0 0.00023626037 
10605.0 0.00023642018 
10610.0 0.00022762107 
10615.0 0.00020687483 
10620.0 0.00023428265 
10625.0 0.00022302505 
10630.0 0.00019679677 
10635.0 0.00021985596 
10640.0 0.00024414266 
10645.0 0.0002151816  
10650.0 0.00019336557 
10655.0 0.00024095401 
10660.0 0.00022918593 
10665.0 0.00020713778 
10670.0 0.00021575693 
10675.0 0.00019997388 
10680.0 0.0002367248  
10685.0 0.00023634905 
10690.0 0.00024154879 
10695.0 0.00022764448 
10700.0 0.0001918379  
10705.0 0.00020064764 
10710.0 0.00023170743 
10715.0 0.00028133336 
10720.0 0.00020172428 
10725.0 0.000253435   
10730.0 0.00024384437 
10735.0 0.00024691748 
10740.0 0.00021815037 
10745.0 0.00020397069 
10750.0 0.00025449166 
10755.0 0.0002025784  
10760.0 0.00022198958 
10765.0 0.00022634422 
10770.0 0.00023925323 
10775.0 0.00020216534 
10780.0 0.0002277473  
10785.0 0.00022845965 
10790.0 0.00022808891 
10795.0 0.00024109004 
10800.0 0.00022035113 
10805.0 0.00021534227 
10810.0 0.00023275778 
10815.0 0.00021249007 
10820.0 0.00022376087 
10825.0 0.00023592124 
10830.0 0.00022362622 
10835.0 0.0001983076  
10840.0 0.00020135412 
10845.0 0.0002460441  
10850.0 0.00022293394 
10855.0 0.00025899321 
10860.0 0.00020647084 
10865.0 0.00023673292 
10870.0 0.00024467463 
10875.0 0.00024539934 
10880.0 0.00021368638 
10885.0 0.00026807964 
10890.0 0.00024899798 
10895.0 0.00022325482 
10900.0 0.0002109394  
10905.0 0.00023839772 
10910.0 0.00023578929 
10915.0 0.00022324825 
10920.0 0.00022438729 
10925.0 0.00021161109 
10930.0 0.00023778072 
10935.0 0.00021771185 
10940.0 0.00022182668 
10945.0 0.00024150845 
10950.0 0.00025384495 
10955.0 0.0002489333  
10960.0 0.00022569066 
10965.0 0.00026098102 
10970.0 0.00026330076 
10975.0 0.00028283378 
10980.0 0.00024016224 
10985.0 0.00020839527 
10990.0 0.00029764267 
10995.0 0.00028635411 
11000.0 0.00019947823 
