400  1e-09
401  1e-09
402  1e-09
403  1e-09
404  1e-09
405  1e-09
406  1e-09
407  1e-09
408  1e-09
409  1e-09
410  1e-09
411  1e-09
412  1e-09
413  1e-09
414  1e-09
415  1e-09
416  1e-09
417  1e-09
418  1e-09
419  1e-09
420  1e-09
421  1e-09
422  1e-09
423  1e-09
424  1e-09
425  1e-09
426  1e-09
427  1e-09
428  1e-09
429  1e-09
430  1e-09
431  1e-09
432  1e-09
433  1e-09
434  1e-09
435  1e-09
436  1e-09
437  1e-09
438  1e-09
439  1e-09
440  1e-09
441  1e-09
442  1e-09
443  1e-09
444  1e-09
445  1e-09
446  1e-09
447  1e-09
448  1e-09
449  1e-09
450  1e-09
451  1e-09
452  1e-09
453  1e-09
454  1e-09
455  1e-09
456  1e-09
457  1e-09
458  1e-09
459  1e-09
460  1e-09
461  1e-09
462  1e-09
463  1e-09
464  1e-09
465  1e-09
466  1e-09
467  1e-09
468  1e-09
469  1e-09
470  1e-09
471  1e-09
472  1e-09
473  1e-09
474  1e-09
475  1e-09
476  1e-09
477  1e-09
478  1e-09
479  1e-09
480  1e-09
481  1e-09
482  1e-09
483  1e-09
484  1e-09
485  1e-09
486  1e-09
487  1e-09
488  1e-09
489  1e-09
490  1e-09
491  1e-09
492  1e-09
493  1e-09
494  1e-09
495  1e-09
496  1e-09
497  1e-09
498  1e-09
499  1e-09
500  1e-09
501  1e-09
502  1e-09
503  1e-09
504  1e-09
505  1e-09
506  1e-09
507  1e-09
508  1e-09
509  1e-09
510  1e-09
511  1e-09
512  1e-09
513  1e-09
514  1e-09
515  1e-09
516  1e-09
517  1e-09
518  1e-09
519  1e-09
520  1e-09
521  1e-09
522  1e-09
523  1e-09
524  1e-09
525  1e-09
526  1e-09
527  1e-09
528  1e-09
529  1e-09
530  1e-09
531  1e-09
532  1e-09
533  1e-09
534  1e-09
535  1e-09
536  1e-09
537  1e-09
538  1e-09
539  1e-09
540  1e-09
541  1e-09
542  1e-09
543  1e-09
544  1e-09
545  1e-09
546  1e-09
547  1e-09
548  1e-09
549  1e-09
550  1e-09
551  1e-09
552  1e-09
553  1e-09
554  1e-09
555  1e-09
556  1e-09
557  1e-09
558  1e-09
559  1e-09
560  1e-09
561  1e-09
562  1e-09
563  1e-09
564  1e-09
565  1e-09
566  1e-09
567  1e-09
568  1e-09
569  1e-09
570  1e-09
571  1e-09
572  1e-09
573  1e-09
574  1e-09
575  1e-09
576  1e-09
577  1e-09
578  1e-09
579  1e-09
580  1e-09
581  1e-09
582  1e-09
583  1e-09
584  1e-09
585  1e-09
586  1e-09
587  1e-09
588  1e-09
589  1e-09
590  1e-09
591  1e-09
592  1e-09
593  1e-09
594  1e-09
595  1e-09
596  1e-09
597  1e-09
598  1e-09
599  1e-09
600  1e-09
601  1e-09
602  1e-09
603  1e-09
604  1e-09
605  1e-09
606  1e-09
607  1e-09
608  1e-09
609  1e-09
610  1e-09
611  1e-09
612  1e-09
613  1e-09
614  1e-09
615  1e-09
616  1e-09
617  1e-09
618  1e-09
619  1e-09
620  1e-09
621  1e-09
622  1e-09
623  1e-09
624  1e-09
625  1e-09
626  1e-09
627  1e-09
628  1e-09
629  1e-09
630  1e-09
631  1e-09
632  1e-09
633  1e-09
634  1e-09
635  1e-09
636  1e-09
637  1e-09
638  1e-09
639  1e-09
640  1e-09
641  1e-09
642  1e-09
643  1e-09
644  1e-09
645  1e-09
646  1e-09
647  1e-09
648  1e-09
649  1e-09
650  1e-09
651  1e-09
652  1e-09
653  1e-09
654  1e-09
655  1e-09
656  1e-09
657  1e-09
658  1e-09
659  1e-09
660  1e-09
661  1e-09
662  1e-09
663  1e-09
664  1e-09
665  1e-09
666  1e-09
667  1e-09
668  1e-09
669  1e-09
670  1e-09
671  1e-09
672  1e-09
673  1e-09
674  1e-09
675  1e-09
676  1e-09
677  1e-09
678  1e-09
679  1e-09
680  1e-09
681  1e-09
682  1e-09
683  1e-09
684  1e-09
685  1e-09
686  1e-09
687  1e-09
688  1e-09
689  1e-09
690  1e-09
691  1e-09
692  1e-09
693  1e-09
694  1e-09
695  1e-09
696  1e-09
697  1e-09
698  1e-09
699  1e-09
700  1e-09
701  1e-09
702  1e-09
703  1e-09
704  1e-09
705  1e-09
706  1e-09
707  1e-09
708  1e-09
709  1e-09
710  1e-09
711  1e-09
712  1e-09
713  1e-09
714  1e-09
715  1e-09
716  1e-09
717  1e-09
718  1e-09
719  1e-09
720  1e-09
721  1e-09
722  1e-09
723  1e-09
724  1e-09
725  1e-09
726  1e-09
727  1e-09
728  1e-09
729  1e-09
730  1e-09
731  1e-09
732  1e-09
733  1e-09
734  1e-09
735  1e-09
736  1e-09
737  1e-09
738  1e-09
739  1e-09
740  1e-09
741  1e-09
742  1e-09
743  1e-09
744  1e-09
745  1e-09
746  1e-09
747  1e-09
748  1e-09
749  1e-09
750  1e-09
751  1e-09
752  1e-09
753  1e-09
754  1e-09
755  1e-09
756  1e-09
757  1e-09
758  1e-09
759  1e-09
760  1e-09
761  1e-09
762  1e-09
763  1e-09
764  1e-09
765  1e-09
766  1e-09
767  1e-09
768  1e-09
769  1e-09
770  1e-09
771  1e-09
772  1e-09
773  1e-09
774  1e-09
775  1e-09
776  1e-09
777  1e-09
778  1e-09
779  1e-09
780  1e-09
781  1e-09
782  1e-09
783  1e-09
784  1e-09
785  1e-09
786  1e-09
787  1e-09
788  1e-09
789  1e-09
790  1e-09
791  1e-09
792  1e-09
793  1e-09
794  1e-09
795  1e-09
796  1e-09
797  1e-09
798  1e-09
799  1e-09
800  1e-09
801  1e-09
802  1e-09
803  1e-09
804  1e-09
805  1e-09
806  1e-09
807  1e-09
808  1e-09
809  1e-09
810  1e-09
811  1e-09
812  1e-09
813  1e-09
814  1e-09
815  1e-09
816  1e-09
817  1e-09
818  1e-09
819  1e-09
820  1e-09
821  1e-09
822  1e-09
823  1e-09
824  1e-09
825  1e-09
826  1e-09
827  1e-09
828  1e-09
829  1e-09
830  1e-09
831  1e-09
832  1e-09
833  1e-09
834  1e-09
835  1e-09
836  1e-09
837  1e-09
838  1e-09
839  1e-09
840  1e-09
841  1e-09
842  1e-09
843  1e-09
844  1e-09
845  1e-09
846  1e-09
847  1e-09
848  1e-09
849  1e-09
850  1e-09
851  1e-09
852  1e-09
853  1e-09
854  1e-09
855  1e-09
856  1e-09
857  1e-09
858  1e-09
859  1e-09
860  1e-09
861  1e-09
862  1e-09
863  1e-09
864  1e-09
865  1e-09
866  1e-09
867  1e-09
868  1e-09
869  1e-09
870  1e-09
871  1e-09
872  1e-09
873  1e-09
874  1e-09
875  1e-09
876  1e-09
877  1e-09
878  1e-09
879  1e-09
880  1e-09
881  1e-09
882  1e-09
883  1e-09
884  1e-09
885  1e-09
886  1e-09
887  1e-09
888  1e-09
889  1e-09
890  1e-09
891  1e-09
892  1e-09
893  1e-09
894  1e-09
895  1e-09
896  1e-09
897  1e-09
898  1e-09
899  1e-09
900  1e-09
901  1e-09
902  1e-09
903  1e-09
904  1e-09
905  1e-09
906  1e-09
907  1e-09
908  1e-09
909  1e-09
910  1e-09
911  1e-09
912  1e-09
913  1e-09
914  1e-09
915  1e-09
916  1e-09
917  1e-09
918  1e-09
919  1e-09
920  1e-09
921  1e-09
922  1e-09
923  1.16455446283
924  0.927188704326
925  0.897705547314
926  0.377930310868
927  0.605018893767
928  0.496980435396
929  0.734509975393
930  0.564802532329
931  1.25848413895
932  0.792736483532
933  0.331022172838
934  1.05460361342
935  1.17296315321
936  0.987058312171
937  1.15826967244
938  0.921157065899
939  1.13010994751
940  1.37083454596
941  0.931750921757
942  1.36503754342
943  1.39097320324
944  1.63061532982
945  1.85876299448
946  1.65066968852
947  1.09365967916
948  1.11876031238
949  0.836469466174
950  0.860784686494
951  1.22513168973
952  1.31795200982
953  1.57377706041
954  1.00574210322
955  1.53342721407
956  1.82238165094
957  1.54711101695
958  1.37164028518
959  1.41055795173
960  1.58750239435
961  1.66968330175
962  1.49802814596
963  1.7511144464
964  1.33379015264
965  1.44017082238
966  1.41342472995
967  1.24969472243
968  1.62262676327
969  1.87262615119
970  1.1335625248
971  0.865517099729
972  0.79046975641
973  1.03069458333
974  0.905896479932
975  1.08069411357
976  0.939012016046
977  0.972657683276
978  1.27337249327
979  1.29192856977
980  1.53542439567
981  1.95955207022
982  1.68081159541
983  1.61961621447
984  1.31441540057
985  1.55862353369
986  1.42469877635
987  1.20615077821
988  1.14436066311
989  1.02661531444
990  1.07930388271
991  1.55345336825
992  1.39350299707
993  1.41670584029
994  1.64678101354
995  1.36770655615
996  1.6451844534
997  1.76535380545
998  1.29700960817
999  1.64381230163
1000 1.82671826866
1001 1.62185948409
1002 1.53581096654
1003 1.69528824621
1004 1.65180188501
1005 1.70220638036
1006 1.74407642177
1007 1.53581238943
1008 1.63503434433
1009 1.72403678263
1010 1.53116015467
1011 1.21440654202
1012 1.44500482932
1013 1.35136564086
1014 1.65837310891
1015 1.51753834222
1016 1.35366034339
1017 1.33054121988
1018 1.38122795821
1019 1.52176699779
1020 1.47348984937
1021 1.25564783369
1022 0.991327159379
1023 0.983475550216
1024 0.748949087743
1025 0.699907872337
1026 0.529122226777
1027 0.601152256976
1028 0.902216942204
1029 1.1491458738
1030 1.22122015134
1031 1.33458454663
1032 1.49949004647
1033 1.26724015853
1034 1.47886464013
1035 1.42504838804
1036 1.11482057556
1037 1.18959566744
1038 1.52693108167
1039 1.72217351704
1040 1.72300001714
1041 2.13055219344
1042 2.22955370031
1043 2.26915309785
1044 2.26818853826
1045 2.20877052976
1046 2.12388829277
1047 2.14078804725
1048 1.96187296757
1049 2.01775523081
1050 1.97738848303
1051 2.16062914767
1052 2.07734471267
1053 2.04115119334
1054 2.24398644272
1055 2.05873219115
1056 2.00308290054
1057 1.95872831996
1058 2.11550008681
1059 2.08867569785
1060 2.09007893822
1061 1.915205765
1062 1.73176398998
1063 1.47300177371
1064 1.60753521072
1065 1.68604751799
1066 1.70411459185
1067 1.94270490421
1068 1.85918775625
1069 2.00471868369
1070 1.90864859731
1071 2.04728096775
1072 1.96738100006
1073 1.99174115121
1074 1.88745560385
1075 1.98093777607
1076 2.03151539184
1077 2.06383706182
1078 2.05399570179
1079 1.92692161951
1080 2.04104015802
1081 1.93996100123
1082 1.83651251481
1083 1.51667963889
1084 1.5194155435
1085 1.43594536349
1086 1.77924991985
1087 1.95789360386
1088 1.90795492083
1089 2.03843032579
1090 2.02216674591
1091 2.05698190693
1092 2.04952900518
1093 2.06461863603
1094 2.01728987463
1095 1.94951254855
1096 1.80187290534
1097 1.86050726195
1098 1.85459061586
1099 1.87053623314
1100 1.95163177306
1101 1.93842228683
1102 1.9178958097
1103 1.97882752506
1104 2.04553191488
1105 2.05182299185
1106 1.96216034115
1107 1.82805401749
1108 1.77237212433
1109 1.85817893198
1110 1.79229791578
1111 1.75078047327
1112 1.80607502451
1113 1.81827982864
1114 1.87767142616
1115 1.74496190682
1116 1.92693501694
1117 1.85883884365
1118 1.99761074874
1119 1.94718385123
1120 1.8667549885
1121 1.73121420097
1122 1.59863604009
1123 1.598625352
1124 1.72918520733
1125 1.83737473389
1126 1.67465157438
1127 1.78764943918
1128 1.63420345451
1129 1.65043915054
1130 1.82150217086
1131 1.79890359797
1132 1.78441815628
1133 1.8347331098
1134 1.64951023955
1135 1.71844051631
1136 1.79800921142
1137 2.04048833597
1138 1.91884693402
1139 1.92432621106
1140 1.74640384841
1141 1.79771438748
1142 1.63763057426
1143 1.53111010164
1144 1.5642538603
1145 1.62625766963
1146 1.8474380576
1147 1.90017986557
1148 1.95808827528
1149 2.0988570882
1150 1.94283564209
1151 1.81117638363
1152 1.83344982402
1153 1.82032056682
1154 1.80839238491
1155 1.88828093868
1156 1.88313695297
1157 1.90305098372
1158 1.85924352692
1159 1.78704701316
1160 1.89440615345
1161 1.92799620028
1162 1.91940231086
1163 1.82017850972
1164 1.81310248716
1165 1.90291626847
1166 1.85204811913
1167 1.90676616373
1168 1.80988145223
1169 1.7509545731
1170 1.81105417291
1171 1.86261551711
1172 1.75253002369
1173 1.58594633712
1174 1.44892911601
1175 1.27800831763
1176 1.35387271082
1177 1.31049326073
1178 1.6812514065
1179 1.75569853416
1180 1.76981859331
1181 1.7752481086
1182 1.81499087558
1183 1.69189067728
1184 1.70504679536
1185 1.65381466787
1186 1.6607971471
1187 1.72184297645
1188 1.55319551817
1189 1.37944810122
1190 1.10845951109
1191 1.0609042311
1192 0.99811409887
1193 1.15045290688
1194 1.39828633244
1195 1.72107190784
1196 1.75322545717
1197 1.75549727193
1198 1.67072496737
1199 1.54531740907
1200 1.4432325064
1201 1.32884569991
1202 1.28190339461
1203 1.210884875
1204 1.08150406033
1205 0.9993729123
1206 0.852425336725
1207 0.850085288636
1208 0.888408784895
1209 1.1178942356
1210 1.1009707341
1211 1.01352605084
1212 1.23571213728
1213 1.66411775511
1214 2.49173673563
1215 4.44353251429
1216 8.76113579156
1217 11.7098186178
1218 9.98951762033
1219 5.98373993245
1220 3.25799873028
1221 2.13491146327
1222 1.83892959883
1223 1.818140931
1224 1.97455572855
1225 1.90603883119
1226 1.9802299842
1227 2.0137361809
1228 1.98115281832
1229 1.88726610121
1230 1.98442439389
1231 1.99744643507
1232 2.08647305495
1233 2.0700239104
1234 2.12829588091
1235 2.17876952133
1236 2.10441799538
1237 2.05614474914
1238 2.17780220912
1239 2.19069280685
1240 2.24941386278
1241 2.42613991238
1242 2.48236909784
1243 2.69081993017
1244 2.74596714872
1245 2.7789821164
1246 2.60349203606
1247 2.51180760321
1248 2.53858716533
1249 2.51160053191
1250 2.4699561033
1251 2.42007800133
1252 2.43931799066
1253 2.4959848428
1254 2.42753190492
1255 2.55755323538
1256 2.4964521859
1257 2.416320492
1258 2.05149627795
1259 1.54357895389
1260 1.32189076451
1261 1.62240465827
1262 2.11069097368
1263 2.59524372553
1264 2.81367384667
1265 2.77796326461
1266 2.8851030784
1267 2.68401605622
1268 2.5624603027
1269 2.58304588405
1270 2.5829910714
1271 2.60443261377
1272 2.63474209527
1273 2.69847132488
1274 2.69985087161
1275 2.57726415757
1276 2.55646212344
1277 2.475535003
1278 2.62401009908
1279 2.57132440366
1280 2.60258100003
1281 2.61505828041
1282 2.54189248859
1283 2.60136387795
1284 2.62348845827
1285 2.57423598811
1286 2.53649379784
1287 2.61337608237
1288 2.57412075354
1289 2.68661582943
1290 2.59108218649
1291 2.61819481926
1292 2.49208308697
1293 2.58544383771
1294 2.48101988085
1295 2.35414089384
1296 2.36705785085
1297 2.37233458259
1298 2.27215287498
1299 2.19174797168
1300 1.91776508031
1301 1.53437765615
1302 1.2171476574
1303 1.2859536174
1304 1.59839335963
1305 2.23194844065
1306 2.59129340102
1307 2.76262594477
1308 2.73580794848
1309 3.05561548509
1310 2.98284064197
1311 2.78186767285
1312 2.66963609144
1313 2.65697592478
1314 2.60319563408
1315 2.60106597491
1316 2.60235278489
1317 2.55587769726
1318 2.62067197875
1319 2.68289368009
1320 2.66507569754
1321 2.59667119678
1322 2.53210118608
1323 2.52295502152
1324 2.52484639517
1325 2.52409813695
1326 2.60604204657
1327 2.60142786733
1328 2.5138466514
1329 2.62436998466
1330 2.5575219371
1331 2.43501452314
1332 2.00505983941
1333 1.53088279835
1334 1.32210555739
1335 1.62996332885
1336 2.20645055546
1337 2.53347834692
1338 2.61285009015
1339 2.66756612387
1340 2.56913351609
1341 2.53305735218
1342 2.56123641851
1343 2.37682654567
1344 2.50005813976
1345 2.5304259282
1346 2.6186766706
1347 2.6573156951
1348 2.57707413172
1349 2.5260668913
1350 2.5719785187
1351 2.49036307023
1352 2.5840747785
1353 2.5721838062
1354 2.5836923837
1355 2.57856452351
1356 2.53492502396
1357 2.55063879909
1358 2.5384801937
1359 2.47753526859
1360 2.54208798769
1361 2.59595346866
1362 2.44501171353
1363 2.54697264867
1364 2.57733366185
1365 2.45158458389
1366 2.48280915206
1367 2.50300818927
1368 2.5134678893
1369 2.44553754645
1370 2.37776765368
1371 2.48892210099
1372 2.46593690021
1373 2.41576683349
1374 2.49808800848
1375 2.3934353324
1376 2.43726175674
1377 2.4631383555
1378 2.47852231704
1379 2.43515231817
1380 2.3906527288
1381 2.3838128589
1382 2.46119540641
1383 2.37423915095
1384 2.40041287654
1385 2.37444749993
1386 2.35482114851
1387 2.31370917375
1388 2.19816122328
1389 2.25725628658
1390 2.22171169209
1391 2.0237943531
1392 1.694415963
1393 1.53999448952
1394 1.77436042321
1395 2.01892291268
1396 2.18282137319
1397 2.26976798091
1398 2.35781777566
1399 2.26898387896
1400 2.128732309
1401 2.05273587806
1402 1.84413837637
1403 1.9465526008
1404 2.16259209914
1405 2.53174180317
1406 2.45484244038
1407 2.51479029504
1408 2.46985146681
1409 2.29151137141
1410 2.2963132647
1411 2.49367481065
1412 2.436396985
1413 2.37597287508
1414 2.24436567651
1415 2.31766286197
1416 2.32072685342
1417 2.36258270382
1418 2.31127956051
1419 2.3387523423
1420 2.29976889607
1421 2.29376711448
1422 2.3570476251
1423 2.39694943009
1424 2.31140461197
1425 2.39017009847
1426 2.40135070145
1427 2.37377138633
1428 2.30509772831
1429 2.30790403906
1430 2.28650411479
1431 2.28511509949
1432 2.29149840807
1433 2.32853379254
1434 2.41084299697
1435 2.42631481759
1436 2.3744738615
1437 2.25161182662
1438 2.27772308989
1439 2.37282448056
1440 2.32129178768
1441 2.38869528545
1442 2.38795644278
1443 2.38471879395
1444 2.41105361796
1445 2.25431347835
1446 2.2671089857
1447 2.22252157312
1448 2.17496456891
1449 2.3410964761
1450 2.34982911061
1451 2.27840601787
1452 2.25406197083
1453 2.25479841813
1454 2.21719455258
1455 2.15186352995
1456 2.21120762849
1457 2.2931312832
1458 2.24378806409
1459 2.29176715967
1460 2.25997786485
1461 2.23371570549
1462 2.38414703946
1463 2.40985449927
1464 2.26413655523
1465 2.26595825754
1466 2.30663402168
1467 2.20723437243
1468 2.29088206871
1469 2.24087888628
1470 2.30490407658
1471 2.23399052494
1472 2.2847440141
1473 2.33534511331
1474 2.28288590641
1475 2.2581885585
1476 2.24874197279
1477 2.1851225039
1478 2.17033595425
1479 2.15441227182
1480 2.17559742996
1481 2.1955625956
1482 2.22230803676
1483 2.21097017589
1484 2.17460788801
1485 2.32245078615
1486 2.16997424469
1487 2.26473856518
1488 2.29549493043
1489 2.24030779221
1490 2.25382054601
1491 2.20144101629
1492 2.2100743112
1493 2.21274618696
1494 2.25355608056
1495 2.16617237079
1496 2.24607660135
1497 2.1442991766
1498 2.19012224954
1499 2.2344449762
1500 2.09112891415
1501 2.01555451893
1502 1.93513319414
1503 2.06314777263
1504 2.10641451617
1505 2.11445215181
1506 2.02968324347
1507 2.22718409864
1508 2.18776375353
1509 2.18412973421
1510 2.0941269459
1511 2.0794367859
1512 2.06858884247
1513 2.085766765
1514 2.05311585375
1515 2.03384603605
1516 2.00985141012
1517 2.03692109363
1518 2.1114004742
1519 2.07466653695
1520 2.13868701602
1521 2.10226913321
1522 2.03893904251
1523 2.04777141647
1524 1.73442733875
1525 1.32292270951
1526 1.23982040046
1527 1.30155193283
1528 1.60144993033
1529 1.89114765658
1530 1.96178208699
1531 1.97742396124
1532 2.07414291603
1533 2.21119989562
1534 2.34476881496
1535 2.1999893239
1536 1.93362288139
1537 1.83483553186
1538 1.86986845064
1539 1.81853243817
1540 1.82599394047
1541 1.79706993635
1542 1.7403743053
1543 1.7072386297
1544 1.66187488937
1545 1.63347608952
1546 1.38214343006
1547 1.2031543729
1548 1.26325757813
1549 1.36470108094
1550 1.53441950807
1551 1.86843604212
1552 2.15981289877
1553 2.27628280769
1554 2.15118495347
1555 2.14584352908
1556 2.11542674349
1557 2.01169216454
1558 1.99106392613
1559 2.0427155073
1560 2.0083393106
1561 1.86542752431
1562 1.90461636327
1563 1.91251010295
1564 1.97196359025
1565 1.93196571322
1566 1.82304399651
1567 1.91484129934
1568 2.02165167137
1569 1.8978572657
1570 1.94068076917
1571 1.97530736831
1572 2.02243850147
1573 2.02529568933
1574 1.99669479724
1575 1.96576417081
1576 1.8736867159
1577 1.90869775389
1578 1.96540719331
1579 1.88908799971
1580 1.87908030027
1581 1.90920650206
1582 1.92323426903
1583 1.96330949832
1584 2.04615494798
1585 1.96189256295
1586 2.00713525772
1587 2.07260809
1588 2.0477364844
1589 1.96527359224
1590 1.99106708463
1591 1.90490179649
1592 1.86259083904
1593 1.88363322403
1594 1.93403201535
1595 1.94271869925
1596 1.94769450331
1597 2.0003158433
1598 1.93528021335
1599 1.87600266716
1600 1.91614071486
1601 1.88119369684
1602 1.87525734952
1603 1.85620771474
1604 1.77181770248
1605 1.77166354124
1606 1.72345052119
1607 1.56642515225
1608 1.52850079984
1609 1.53159749328
1610 1.66677442366
1611 1.71309280519
1612 1.81543794687
1613 1.82364212075
1614 1.79902507282
1615 1.84511804975
1616 1.9028551876
1617 1.92234647654
1618 2.03048594754
1619 1.90616228318
1620 1.79281801424
1621 1.76431400292
1622 1.76153869081
1623 1.78262334664
1624 1.81673327922
1625 1.95131860598
1626 1.87895028241
1627 1.78630081791
1628 1.80343704669
1629 1.89676479941
1630 1.80388444651
1631 1.81813617264
1632 1.7946268803
1633 1.82982322704
1634 1.77280008516
1635 1.77653834896
1636 1.95345935872
1637 1.8911893389
1638 1.98156909059
1639 2.04747563752
1640 2.10207765615
1641 2.04060380161
1642 1.98909431505
1643 2.06781326969
1644 2.01726283505
1645 1.9187966599
1646 1.89973112456
1647 1.88860208326
1648 1.89179316713
1649 1.92720213263
1650 1.84581029417
1651 1.81371544623
1652 1.83551016331
1653 1.78451263491
1654 1.75512164503
1655 1.8109502738
1656 1.69427035778
1657 1.77927940883
1658 1.71099426422
1659 1.77539255135
1660 1.80397230951
1661 1.87001033433
1662 1.78694039402
1663 1.77589290105
1664 1.85007018318
1665 1.86602958173
1666 1.98088058855
1667 1.80520569548
1668 1.66060814594
1669 1.38084043475
1670 1.30324971201
1671 1.39505064879
1672 1.52185652955
1673 1.6101263482
1674 1.60222066913
1675 1.57927560547
1676 1.75102798688
1677 1.76122104916
1678 1.72213683558
1679 1.70153618059
1680 1.74901445826
1681 1.68237096266
1682 1.69954202288
1683 1.68081744514
1684 1.70400200645
1685 1.82362648157
1686 1.82107048284
1687 1.73100476659
1688 1.62339525856
1689 1.73341267397
1690 1.77235830772
1691 1.67421851545
1692 1.65024298147
1693 1.66900678768
1694 1.58759552713
1695 1.64828127674
1696 1.68623156953
1697 1.66597836599
1698 1.66544173053
1699 1.63270305261
1700 1.67182908937
1701 1.7759369609
1702 1.71914014645
1703 1.66525848015
1704 1.70653371573
1705 1.67828167401
1706 1.67508477207
1707 1.63132309729
1708 1.50826030542
1709 1.48436221125
1710 1.57012766061
1711 1.65957648753
1712 1.62818411667
1713 1.61173477892
1714 1.64052551247
1715 1.66909935485
1716 1.60290610987
1717 1.53472913907
1718 1.5914590808
1719 1.50134410632
1720 1.55460760447
1721 1.51496814508
1722 1.4886570818
1723 1.57523278592
1724 1.50955648177
1725 1.61407022308
1726 1.51531322887
1727 1.61673412539
1728 1.56902803538
1729 1.57653918111
1730 1.57733058905
1731 1.5405096739
1732 1.64737103589
1733 1.59707174666
1734 1.60517723347
1735 1.64547234423
1736 1.5979767706
1737 1.62008710739
1738 1.61699741721
1739 1.5396437135
1740 1.52887577339
1741 1.50894969458
1742 1.4526542587
1743 1.49813959068
1744 1.52469400352
1745 1.58763658903
1746 1.56688216738
1747 1.4886213205
1748 1.5158387613
1749 1.57064661339
1750 1.51905841126
1751 1.42695176136
1752 1.58165281109
1753 1.54971060523
1754 1.66805191885
1755 1.5513363992
1756 1.62019406145
1757 1.5186567279
1758 1.52989146811
1759 1.48266550561
1760 1.48269448837
1761 1.51714010791
1762 1.60093790377
1763 1.59006574141
1764 1.49399667934
1765 1.51363586109
1766 1.48503511019
1767 1.49019021754
1768 1.57003076119
1769 1.60991356369
1770 1.55955519239
1771 1.54702232238
1772 1.52858269444
1773 1.48398920172
1774 1.4631902579
1775 1.61223339785
1776 1.62438970575
1777 1.56255934073
1778 1.44759050088
1779 1.57532144433
1780 1.65309082356
1781 1.6834643541
1782 1.57892685845
1783 1.54962775238
1784 1.51025822608
1785 1.64484750709
1786 1.59317569583
1787 1.57838739203
1788 1.56528454865
1789 1.47772295513
1790 1.51374406003
1791 1.53086875605
1792 1.49603913178
1793 1.51020254268
1794 1.4818241014
1795 1.58811140089
1796 1.59334303419
1797 1.46971335826
1798 1.46937034157
1799 1.44982670223
1800 1.54237835246
1801 1.55250327839
1802 1.49625957038
1803 1.53698663573
1804 1.4533567374
1805 1.47505557182
1806 1.43421849734
1807 1.45833206323
1808 1.4296350086
1809 1.47827384175
1810 1.47022736275
1811 1.5694078699
1812 1.54185130859
1813 1.53950189676
1814 1.5174159421
1815 1.45424978263
1816 1.52115216625
1817 1.48123861106
1818 1.51278899054
1819 1.51507288763
1820 1.48694065516
1821 1.56516757833
1822 1.46655841162
1823 1.45154686432
1824 1.50049960613
1825 1.48068262332
1826 1.34618942699
1827 1.54288135498
1828 1.58443951775
1829 1.50392633342
1830 1.52754805064
1831 1.36330459088
1832 1.49533601839
1833 1.45053857535
1834 1.51870171682
1835 1.44625648821
1836 1.46645401185
1837 1.46054455424
1838 1.4412399751
1839 1.4089727004
1840 1.39455780744
1841 1.33470136854
1842 1.24300089409
1843 1.32831350796
1844 1.29942792276
1845 1.29870998459
1846 1.41416394296
1847 1.30766785866
1848 1.2214018379
1849 1.19291859697
1850 1.30302724778
1851 1.33590416646
1852 1.20618780631
1853 1.13875252079
1854 1.23023347301
1855 1.09113843654
1856 1.19683587022
1857 1.4125325836
1858 1.36100623055
1859 1.39777741919
1860 1.16451677358
1861 1.28865243699
1862 1.25986886924
1863 1.16809159202
1864 1.22399879567
1865 1.21100891336
1866 1.16250731661
1867 1.14685036423
1868 1.24782750179
1869 1.25805173574
1870 1.31250145839
1871 1.22749248728
1872 1.29066820804
1873 1.25573918008
1874 1.372980444
1875 1.260427953
1876 1.31222850515
1877 1.35092427885
1878 1.48600425683
1879 1.37439422771
1880 1.26325439997
1881 1.32063239716
1882 1.43759127643
1883 1.36713034176
1884 1.36336507551
1885 1.26343278909
1886 1.24539323399
1887 1.21632971394
1888 1.11110157692
1889 1.33320363486
1890 1.26967711909
1891 1.36223892072
1892 1.15179491521
1893 1.13474323547
1894 1.24951055837
1895 1.32394815557
1896 1.25949398473
1897 1.29250984834
1898 1.28119796281
1899 1.32222281561
1900 1.32590941634
1901 1.29108065881
1902 1.29637436587
1903 1.22292586107
1904 1.38176730522
1905 1.34271989232
1906 1.40538652375
1907 1.50930537876
1908 1.58116278021
1909 1.70184944103
1910 1.55436957932
1911 1.47093185686
1912 1.42910894588
1913 1.4032380094
1914 1.33616867664
1915 1.37093644251
1916 1.23145076598
1917 1.23013590355
1918 1.14080273667
1919 1.3241617838
1920 1.21280472627
1921 1.35574700699
1922 1.25342169077
1923 1.233905459
1924 1.32021235367
1925 1.28535949087
1926 1.33798064996
1927 1.15192292312
1928 1.19275180532
1929 1.10129253348
1930 1.24150188588
1931 1.18789782702
1932 1.26037290305
1933 1.36242625394
1934 1.3018974416
1935 1.25474709441
1936 1.18571304514
1937 1.28265876608
1938 1.08894963175
1939 1.09510099028
1940 1.1679302719
1941 1.27757625845
1942 1.2229983687
1943 1.16772137997
1944 1.23447182465
1945 1.05956636762
1946 1.10291155173
1947 1.27761000003
1948 1.21297622376
1949 1.1513615658
1950 1.0925144161
1951 1.07533126266
1952 0.891109233599
1953 1.02755494527
1954 0.999301106912
1955 1.02812578654
1956 1.19271550443
1957 1.1787172953
1958 1.27994364579
1959 1.01896644342
1960 1.32685401237
1961 1.24438053372
1962 1.27903822901
1963 1.00704969742
1964 1.16193259441
1965 1.25782336059
1966 1.19477983913
1967 1.26544238045
1968 1.05208081806
1969 1.16444036743
1970 0.989476669336
1971 1.09894339623
1972 1.09788679245
1973 1.09683018868
1974 1.09577358491
1975 1.09471698113
1976 1.09366037736
1977 1.09260377358
1978 1.09154716981
1979 1.09049056604
1980 1.08943396226
1981 1.08837735849
1982 1.08732075472
1983 1.08626415094
1984 1.08520754717
1985 1.0841509434
1986 1.08309433962
1987 1.08203773585
1988 1.08098113208
1989 1.0799245283
1990 1.07886792453
1991 1.07781132075
1992 1.07675471698
1993 1.07569811321
1994 1.07464150943
1995 1.07358490566
1996 1.07252830189
1997 1.07147169811
1998 1.07041509434
1999 1.06935849057
2000 1.06830188679
2001 1.06724528302
2002 1.06618867925
2003 1.06513207547
2004 1.0640754717
2005 1.06301886792
2006 1.06196226415
2007 1.06090566038
2008 1.0598490566
2009 1.05879245283
2010 1.05773584906
2011 1.05667924528
2012 1.05562264151
2013 1.05456603774
2014 1.05350943396
2015 1.05245283019
2016 1.05139622642
2017 1.05033962264
2018 1.04928301887
2019 1.04822641509
2020 1.04716981132
2021 1.04611320755
2022 1.04505660377
2023 1.044
2024 1.04294339623
2025 1.04188679245
2026 1.04083018868
2027 1.03977358491
2028 1.03871698113
2029 1.03766037736
2030 1.03660377358
2031 1.03554716981
2032 1.03449056604
2033 1.03343396226
2034 1.03237735849
2035 1.03132075472
2036 1.03026415094
2037 1.02920754717
2038 1.0281509434
2039 1.02709433962
2040 1.02603773585
2041 1.02498113208
2042 1.0239245283
2043 1.02286792453
2044 1.02181132075
2045 1.02075471698
2046 1.01969811321
2047 1.01864150943
2048 1.01758490566
2049 1.01652830189
2050 1.01547169811
2051 1.01441509434
2052 1.01335849057
2053 1.01230188679
2054 1.01124528302
2055 1.01018867925
2056 1.00913207547
2057 1.0080754717
2058 1.00701886792
2059 1.00596226415
2060 1.00490566038
2061 1.0038490566
2062 1.00279245283
2063 1.00173584906
2064 1.00067924528
2065 0.999622641509
2066 0.998566037736
2067 0.997509433962
2068 0.996452830189
2069 0.995396226415
2070 0.994339622642
2071 0.993283018868
2072 0.992226415094
2073 0.991169811321
2074 0.990113207547
2075 0.989056603774
2076 0.988
2077 0.986943396226
2078 0.985886792453
2079 0.984830188679
2080 0.983773584906
2081 0.982716981132
2082 0.981660377358
2083 0.980603773585
2084 0.979547169811
2085 0.978490566038
2086 0.977433962264
2087 0.976377358491
2088 0.975320754717
2089 0.974264150943
2090 0.97320754717
2091 0.972150943396
2092 0.971094339623
2093 0.970037735849
2094 0.968981132075
2095 0.967924528302
2096 0.966867924528
2097 0.965811320755
2098 0.964754716981
2099 0.963698113208
2100 0.962641509434
2101 0.96158490566
2102 0.960528301887
2103 0.959471698113
2104 0.95841509434
2105 0.957358490566
2106 0.956301886792
2107 0.955245283019
2108 0.954188679245
2109 0.953132075472
2110 0.952075471698
2111 0.951018867925
2112 0.949962264151
2113 0.948905660377
2114 0.947849056604
2115 0.94679245283
2116 0.945735849057
2117 0.944679245283
2118 0.943622641509
2119 0.942566037736
2120 0.941509433962
2121 0.940452830189
2122 0.939396226415
2123 0.938339622642
2124 0.937283018868
2125 0.936226415094
2126 0.935169811321
2127 0.934113207547
2128 0.933056603774
2129 0.932
2130 0.930943396226
2131 0.929886792453
2132 0.928830188679
2133 0.927773584906
2134 0.926716981132
2135 0.925660377358
2136 0.924603773585
2137 0.923547169811
2138 0.922490566038
2139 0.921433962264
2140 0.920377358491
2141 0.919320754717
2142 0.918264150943
2143 0.91720754717
2144 0.916150943396
2145 0.915094339623
2146 0.914037735849
2147 0.912981132075
2148 0.911924528302
2149 0.910867924528
2150 0.909811320755
2151 0.908754716981
2152 0.907698113208
2153 0.906641509434
2154 0.90558490566
2155 0.904528301887
2156 0.903471698113
2157 0.90241509434
2158 0.901358490566
2159 0.900301886792
2160 0.899245283019
2161 0.898188679245
2162 0.897132075472
2163 0.896075471698
2164 0.895018867925
2165 0.893962264151
2166 0.892905660377
2167 0.891849056604
2168 0.89079245283
2169 0.889735849057
2170 0.888679245283
2171 0.887622641509
2172 0.886566037736
2173 0.885509433962
2174 0.884452830189
2175 0.883396226415
2176 0.882339622642
2177 0.881283018868
2178 0.880226415094
2179 0.879169811321
2180 0.878113207547
2181 0.877056603774
2182 0.876
2183 0.874943396226
2184 0.873886792453
2185 0.872830188679
2186 0.871773584906
2187 0.870716981132
2188 0.869660377358
2189 0.868603773585
2190 0.867547169811
2191 0.866490566038
2192 0.865433962264
2193 0.864377358491
2194 0.863320754717
2195 0.862264150943
2196 0.86120754717
2197 0.860150943396
2198 0.859094339623
2199 0.858037735849
2200 0.856981132075
2201 0.855924528302
2202 0.854867924528
2203 0.853811320755
2204 0.852754716981
2205 0.851698113208
2206 0.850641509434
2207 0.84958490566
2208 0.848528301887
2209 0.847471698113
2210 0.84641509434
2211 0.845358490566
2212 0.844301886792
2213 0.843245283019
2214 0.842188679245
2215 0.841132075472
2216 0.840075471698
2217 0.839018867925
2218 0.837962264151
2219 0.836905660377
2220 0.835849056604
2221 0.83479245283
2222 0.833735849057
2223 0.832679245283
2224 0.831622641509
2225 0.830566037736
2226 0.829509433962
2227 0.828452830189
2228 0.827396226415
2229 0.826339622642
2230 0.825283018868
2231 0.824226415094
2232 0.823169811321
2233 0.822113207547
2234 0.821056603774
2235 0.82
2236 0.818943396226
2237 0.817886792453
2238 0.816830188679
2239 0.815773584906
2240 0.814716981132
2241 0.813660377358
2242 0.812603773585
2243 0.811547169811
2244 0.810490566038
2245 0.809433962264
2246 0.808377358491
2247 0.807320754717
2248 0.806264150943
2249 0.80520754717
2250 0.804150943396
2251 0.803094339623
2252 0.802037735849
2253 0.800981132075
2254 0.799924528302
2255 0.798867924528
2256 0.797811320755
2257 0.796754716981
2258 0.795698113208
2259 0.794641509434
2260 0.79358490566
2261 0.792528301887
2262 0.791471698113
2263 0.79041509434
2264 0.789358490566
2265 0.788301886792
2266 0.787245283019
2267 0.786188679245
2268 0.785132075472
2269 0.784075471698
2270 0.783018867925
2271 0.781962264151
2272 0.780905660377
2273 0.779849056604
2274 0.77879245283
2275 0.777735849057
2276 0.776679245283
2277 0.775622641509
2278 0.774566037736
2279 0.773509433962
2280 0.772452830189
2281 0.771396226415
2282 0.770339622642
2283 0.769283018868
2284 0.768226415094
2285 0.767169811321
2286 0.766113207547
2287 0.765056603774
2288 0.764
2289 0.762943396226
2290 0.761886792453
2291 0.760830188679
2292 0.759773584906
2293 0.758716981132
2294 0.757660377358
2295 0.756603773585
2296 0.755547169811
2297 0.754490566038
2298 0.753433962264
2299 0.752377358491
2300 0.751320754717
2301 0.750264150943
2302 0.74920754717
2303 0.748150943396
2304 0.747094339623
2305 0.746037735849
2306 0.744981132075
2307 0.743924528302
2308 0.742867924528
2309 0.741811320755
2310 0.740754716981
2311 0.739698113208
2312 0.738641509434
2313 0.73758490566
2314 0.736528301887
2315 0.735471698113
2316 0.73441509434
2317 0.733358490566
2318 0.732301886792
2319 0.731245283019
2320 0.730188679245
2321 0.729132075472
2322 0.728075471698
2323 0.727018867925
2324 0.725962264151
2325 0.724905660377
2326 0.723849056604
2327 0.72279245283
2328 0.721735849057
2329 0.720679245283
2330 0.719622641509
2331 0.718566037736
2332 0.717509433962
2333 0.716452830189
2334 0.715396226415
2335 0.714339622642
2336 0.713283018868
2337 0.712226415094
2338 0.711169811321
2339 0.710113207547
2340 0.709056603774
2341 0.708
2342 0.706943396226
2343 0.705886792453
2344 0.704830188679
2345 0.703773584906
2346 0.702716981132
2347 0.701660377358
2348 0.700603773585
2349 0.699547169811
2350 0.698490566038
2351 0.697433962264
2352 0.696377358491
2353 0.695320754717
2354 0.694264150943
2355 0.69320754717
2356 0.692150943396
2357 0.691094339623
2358 0.690037735849
2359 0.688981132075
2360 0.687924528302
2361 0.686867924528
2362 0.685811320755
2363 0.684754716981
2364 0.683698113208
2365 0.682641509434
2366 0.68158490566
2367 0.680528301887
2368 0.679471698113
2369 0.67841509434
2370 0.677358490566
2371 0.676301886792
2372 0.675245283019
2373 0.674188679245
2374 0.673132075472
2375 0.672075471698
2376 0.671018867925
2377 0.669962264151
2378 0.668905660377
2379 0.667849056604
2380 0.66679245283
2381 0.665735849057
2382 0.664679245283
2383 0.663622641509
2384 0.662566037736
2385 0.661509433962
2386 0.660452830189
2387 0.659396226415
2388 0.658339622642
2389 0.657283018868
2390 0.656226415094
2391 0.655169811321
2392 0.654113207547
2393 0.653056603774
2394 0.652
2395 0.650943396226
2396 0.649886792453
2397 0.648830188679
2398 0.647773584906
2399 0.646716981132
2400 0.645660377358
2401 0.644603773585
2402 0.643547169811
2403 0.642490566038
2404 0.641433962264
2405 0.640377358491
2406 0.639320754717
2407 0.638264150943
2408 0.63720754717
2409 0.636150943396
2410 0.635094339623
2411 0.634037735849
2412 0.632981132075
2413 0.631924528302
2414 0.630867924528
2415 0.629811320755
2416 0.628754716981
2417 0.627698113208
2418 0.626641509434
2419 0.62558490566
2420 0.624528301887
2421 0.623471698113
2422 0.62241509434
2423 0.621358490566
2424 0.620301886792
2425 0.619245283019
2426 0.618188679245
2427 0.617132075472
2428 0.616075471698
2429 0.615018867925
2430 0.613962264151
2431 0.612905660377
2432 0.611849056604
2433 0.61079245283
2434 0.609735849057
2435 0.608679245283
2436 0.607622641509
2437 0.606566037736
2438 0.605509433962
2439 0.604452830189
2440 0.603396226415
2441 0.602339622642
2442 0.601283018868
2443 0.600226415094
2444 0.599169811321
2445 0.598113207547
2446 0.597056603774
2447 0.596
2448 0.594943396226
2449 0.593886792453
2450 0.592830188679
2451 0.591773584906
2452 0.590716981132
2453 0.589660377358
2454 0.588603773585
2455 0.587547169811
2456 0.586490566038
2457 0.585433962264
2458 0.584377358491
2459 0.583320754717
2460 0.582264150943
2461 0.58120754717
2462 0.580150943396
2463 0.579094339623
2464 0.578037735849
2465 0.576981132075
2466 0.575924528302
2467 0.574867924528
2468 0.573811320755
2469 0.572754716981
2470 0.571698113208
2471 0.570641509434
2472 0.56958490566
2473 0.568528301887
2474 0.567471698113
2475 0.56641509434
2476 0.565358490566
2477 0.564301886792
2478 0.563245283019
2479 0.562188679245
2480 0.561132075472
2481 0.560075471698
2482 0.559018867925
2483 0.557962264151
2484 0.556905660377
2485 0.555849056604
2486 0.55479245283
2487 0.553735849057
2488 0.552679245283
2489 0.551622641509
2490 0.550566037736
2491 0.549509433962
2492 0.548452830189
2493 0.547396226415
2494 0.546339622642
2495 0.545283018868
2496 0.544226415094
2497 0.543169811321
2498 0.542113207547
2499 0.541056603774
2500 0.54
2501 0.53922
2502 0.53844
2503 0.53766
2504 0.53688
2505 0.5361
2506 0.53532
2507 0.53454
2508 0.53376
2509 0.53298
2510 0.5322
2511 0.53142
2512 0.53064
2513 0.52986
2514 0.52908
2515 0.5283
2516 0.52752
2517 0.52674
2518 0.52596
2519 0.52518
2520 0.5244
2521 0.52362
2522 0.52284
2523 0.52206
2524 0.52128
2525 0.5205
2526 0.51972
2527 0.51894
2528 0.51816
2529 0.51738
2530 0.5166
2531 0.51582
2532 0.51504
2533 0.51426
2534 0.51348
2535 0.5127
2536 0.51192
2537 0.51114
2538 0.51036
2539 0.50958
2540 0.5088
2541 0.50802
2542 0.50724
2543 0.50646
2544 0.50568
2545 0.5049
2546 0.50412
2547 0.50334
2548 0.50256
2549 0.50178
2550 0.501
2551 0.50022
2552 0.49944
2553 0.49866
2554 0.49788
2555 0.4971
2556 0.49632
2557 0.49554
2558 0.49476
2559 0.49398
2560 0.4932
2561 0.49242
2562 0.49164
2563 0.49086
2564 0.49008
2565 0.4893
2566 0.48852
2567 0.48774
2568 0.48696
2569 0.48618
2570 0.4854
2571 0.48462
2572 0.48384
2573 0.48306
2574 0.48228
2575 0.4815
2576 0.48072
2577 0.47994
2578 0.47916
2579 0.47838
2580 0.4776
2581 0.47682
2582 0.47604
2583 0.47526
2584 0.47448
2585 0.4737
2586 0.47292
2587 0.47214
2588 0.47136
2589 0.47058
2590 0.4698
2591 0.46902
2592 0.46824
2593 0.46746
2594 0.46668
2595 0.4659
2596 0.46512
2597 0.46434
2598 0.46356
2599 0.46278
2600 0.462
2601 0.46122
2602 0.46044
2603 0.45966
2604 0.45888
2605 0.4581
2606 0.45732
2607 0.45654
2608 0.45576
2609 0.45498
2610 0.4542
2611 0.45342
2612 0.45264
2613 0.45186
2614 0.45108
2615 0.4503
2616 0.44952
2617 0.44874
2618 0.44796
2619 0.44718
2620 0.4464
2621 0.44562
2622 0.44484
2623 0.44406
2624 0.44328
2625 0.4425
2626 0.44172
2627 0.44094
2628 0.44016
2629 0.43938
2630 0.4386
2631 0.43782
2632 0.43704
2633 0.43626
2634 0.43548
2635 0.4347
2636 0.43392
2637 0.43314
2638 0.43236
2639 0.43158
2640 0.4308
2641 0.43002
2642 0.42924
2643 0.42846
2644 0.42768
2645 0.4269
2646 0.42612
2647 0.42534
2648 0.42456
2649 0.42378
2650 0.423
2651 0.42222
2652 0.42144
2653 0.42066
2654 0.41988
2655 0.4191
2656 0.41832
2657 0.41754
2658 0.41676
2659 0.41598
2660 0.4152
2661 0.41442
2662 0.41364
2663 0.41286
2664 0.41208
2665 0.4113
2666 0.41052
2667 0.40974
2668 0.40896
2669 0.40818
2670 0.4074
2671 0.40662
2672 0.40584
2673 0.40506
2674 0.40428
2675 0.4035
2676 0.40272
2677 0.40194
2678 0.40116
2679 0.40038
2680 0.3996
2681 0.39882
2682 0.39804
2683 0.39726
2684 0.39648
2685 0.3957
2686 0.39492
2687 0.39414
2688 0.39336
2689 0.39258
2690 0.3918
2691 0.39102
2692 0.39024
2693 0.38946
2694 0.38868
2695 0.3879
2696 0.38712
2697 0.38634
2698 0.38556
2699 0.38478
2700 0.384
2701 0.38322
2702 0.38244
2703 0.38166
2704 0.38088
2705 0.3801
2706 0.37932
2707 0.37854
2708 0.37776
2709 0.37698
2710 0.3762
2711 0.37542
2712 0.37464
2713 0.37386
2714 0.37308
2715 0.3723
2716 0.37152
2717 0.37074
2718 0.36996
2719 0.36918
2720 0.3684
2721 0.36762
2722 0.36684
2723 0.36606
2724 0.36528
2725 0.3645
2726 0.36372
2727 0.36294
2728 0.36216
2729 0.36138
2730 0.3606
2731 0.35982
2732 0.35904
2733 0.35826
2734 0.35748
2735 0.3567
2736 0.35592
2737 0.35514
2738 0.35436
2739 0.35358
2740 0.3528
2741 0.35202
2742 0.35124
2743 0.35046
2744 0.34968
2745 0.3489
2746 0.34812
2747 0.34734
2748 0.34656
2749 0.34578
2750 0.345
2751 0.34422
2752 0.34344
2753 0.34266
2754 0.34188
2755 0.3411
2756 0.34032
2757 0.33954
2758 0.33876
2759 0.33798
2760 0.3372
2761 0.33642
2762 0.33564
2763 0.33486
2764 0.33408
2765 0.3333
2766 0.33252
2767 0.33174
2768 0.33096
2769 0.33018
2770 0.3294
2771 0.32862
2772 0.32784
2773 0.32706
2774 0.32628
2775 0.3255
2776 0.32472
2777 0.32394
2778 0.32316
2779 0.32238
2780 0.3216
2781 0.32082
2782 0.32004
2783 0.31926
2784 0.31848
2785 0.3177
2786 0.31692
2787 0.31614
2788 0.31536
2789 0.31458
2790 0.3138
2791 0.31302
2792 0.31224
2793 0.31146
2794 0.31068
2795 0.3099
2796 0.30912
2797 0.30834
2798 0.30756
2799 0.30678
2800 0.306
2801 0.30522
2802 0.30444
2803 0.30366
2804 0.30288
2805 0.3021
2806 0.30132
2807 0.30054
2808 0.29976
2809 0.29898
2810 0.2982
2811 0.29742
2812 0.29664
2813 0.29586
2814 0.29508
2815 0.2943
2816 0.29352
2817 0.29274
2818 0.29196
2819 0.29118
2820 0.2904
2821 0.28962
2822 0.28884
2823 0.28806
2824 0.28728
2825 0.2865
2826 0.28572
2827 0.28494
2828 0.28416
2829 0.28338
2830 0.2826
2831 0.28182
2832 0.28104
2833 0.28026
2834 0.27948
2835 0.2787
2836 0.27792
2837 0.27714
2838 0.27636
2839 0.27558
2840 0.2748
2841 0.27402
2842 0.27324
2843 0.27246
2844 0.27168
2845 0.2709
2846 0.27012
2847 0.26934
2848 0.26856
2849 0.26778
2850 0.267
2851 0.26622
2852 0.26544
2853 0.26466
2854 0.26388
2855 0.2631
2856 0.26232
2857 0.26154
2858 0.26076
2859 0.25998
2860 0.2592
2861 0.25842
2862 0.25764
2863 0.25686
2864 0.25608
2865 0.2553
2866 0.25452
2867 0.25374
2868 0.25296
2869 0.25218
2870 0.2514
2871 0.25062
2872 0.24984
2873 0.24906
2874 0.24828
2875 0.2475
2876 0.24672
2877 0.24594
2878 0.24516
2879 0.24438
2880 0.2436
2881 0.24282
2882 0.24204
2883 0.24126
2884 0.24048
2885 0.2397
2886 0.23892
2887 0.23814
2888 0.23736
2889 0.23658
2890 0.2358
2891 0.23502
2892 0.23424
2893 0.23346
2894 0.23268
2895 0.2319
2896 0.23112
2897 0.23034
2898 0.22956
2899 0.22878
2900 0.228
2901 0.22722
2902 0.22644
2903 0.22566
2904 0.22488
2905 0.2241
2906 0.22332
2907 0.22254
2908 0.22176
2909 0.22098
2910 0.2202
2911 0.21942
2912 0.21864
2913 0.21786
2914 0.21708
2915 0.2163
2916 0.21552
2917 0.21474
2918 0.21396
2919 0.21318
2920 0.2124
2921 0.21162
2922 0.21084
2923 0.21006
2924 0.20928
2925 0.2085
2926 0.20772
2927 0.20694
2928 0.20616
2929 0.20538
2930 0.2046
2931 0.20382
2932 0.20304
2933 0.20226
2934 0.20148
2935 0.2007
2936 0.19992
2937 0.19914
2938 0.19836
2939 0.19758
2940 0.1968
2941 0.19602
2942 0.19524
2943 0.19446
2944 0.19368
2945 0.1929
2946 0.19212
2947 0.19134
2948 0.19056
2949 0.18978
2950 0.189
2951 0.18822
2952 0.18744
2953 0.18666
2954 0.18588
2955 0.1851
2956 0.18432
2957 0.18354
2958 0.18276
2959 0.18198
2960 0.1812
2961 0.18042
2962 0.17964
2963 0.17886
2964 0.17808
2965 0.1773
2966 0.17652
2967 0.17574
2968 0.17496
2969 0.17418
2970 0.1734
2971 0.17262
2972 0.17184
2973 0.17106
2974 0.17028
2975 0.1695
2976 0.16872
2977 0.16794
2978 0.16716
2979 0.16638
2980 0.1656
2981 0.16482
2982 0.16404
2983 0.16326
2984 0.16248
2985 0.1617
2986 0.16092
2987 0.16014
2988 0.15936
2989 0.15858
2990 0.1578
2991 0.15702
2992 0.15624
2993 0.15546
2994 0.15468
2995 0.1539
2996 0.15312
2997 0.15234
2998 0.15156
2999 0.15078
