# 53w091 spectrum (fig 5 from astro-ph/9702233 digitized by Sandra Savaglio)
# wavelen/A     f_lam ergs/s/cm2/A
# (observed wavelength/flux)
        4800    0.009991
        4800     0.01511
        4804     0.01511
        4804    0.004868
        4805    0.004868
        4805     0.01204
        4809     0.01204
        4809     0.07045
        4811     0.07045
        4811      0.1207
        4812      0.1207
        4812      0.1268
        4816      0.1268
        4816      0.1207
        4818      0.1207
        4818      0.1073
        4819      0.1073
        4819      0.1258
        4823      0.1258
        4823      0.1196
        4825      0.1196
        4825      0.1125
        4828      0.1125
        4828     0.09607
        4830     0.09607
        4830     0.01716
        4834     0.01716
        4834    -0.02997
        4835    -0.02997
        4835    -0.03202
        4837    -0.03202
        4837    -0.02997
        4841    -0.02997
        4841     -0.0105
        4842     -0.0105
        4842     -0.0187
        4844     -0.0187
        4844   -0.007429
        4848   -0.007429
        4848     0.01307
        4849     0.01307
        4849     0.03458
        4853     0.03458
        4853      0.0725
        4855      0.0725
        4855     0.08582
        4857     0.08582
        4857     0.06533
        4860     0.06533
        4860     0.05918
        4862     0.05918
        4862     0.06123
        4865     0.06123
        4865     0.07455
        4867     0.07455
        4867      0.0684
        4869      0.0684
        4869     0.09812
        4872     0.09812
        4872      0.1043
        4874      0.1043
        4874      0.1145
        4878      0.1145
        4878      0.1094
        4880      0.1094
        4880       0.135
        4881       0.135
        4881      0.1576
        4885      0.1576
        4885      0.1668
        4887      0.1668
        4887      0.1545
        4890      0.1545
        4890      0.1217
        4892      0.1217
        4892     0.06738
        4894     0.06738
        4894     0.03561
        4897     0.03561
        4897    0.002818
        4899    0.002818
        4899    -0.02075
        4902    -0.02075
        4902    -0.04227
        4904    -0.04227
        4904    -0.04739
        4906    -0.04739
        4906    -0.03407
        4910    -0.03407
        4910    -0.03202
        4911    -0.03202
        4911    -0.02587
        4915    -0.02587
        4915   -0.006405
        4917   -0.006405
        4917     0.01204
        4918     0.01204
        4918     0.01204
        4922     0.01204
        4922     0.02229
        4924     0.02229
        4924   -0.002306
        4927   -0.002306
        4927    -0.03817
        4929    -0.03817
        4929    -0.08531
        4931    -0.08531
        4931    -0.08121
        4934    -0.08121
        4934    -0.04125
        4936    -0.04125
        4936    -0.01255
        4940    -0.01255
        4940    -0.02178
        4941    -0.02178
        4941     -0.0269
        4943     -0.0269
        4943    -0.01255
        4947    -0.01255
        4947     0.03151
        4948     0.03151
        4948     0.04893
        4952     0.04893
        4952     0.06225
        4954     0.06225
        4954     0.07557
        4956     0.07557
        4956     0.04176
        4959     0.04176
        4959    0.001793
        4961    0.001793
        4961    -0.00333
        4964    -0.00333
        4964    0.007942
        4966    0.007942
        4966     0.01409
        4968     0.01409
        4968   -0.008454
        4971   -0.008454
        4971   -0.002306
        4973   -0.002306
        4973    -0.00333
        4975    -0.00333
        4975    -0.02485
        4978    -0.02485
        4978    0.008966
        4980    0.008966
        4980     0.05815
        4984     0.05815
        4984     0.07045
        4986     0.07045
        4986     0.06943
        4987     0.06943
        4987     0.05918
        4991     0.05918
        4991     0.04996
        4993     0.04996
        4993   -0.001281
        4996   -0.001281
        4996    -0.01973
        4998    -0.01973
        4998   -0.008454
        5000   -0.008454
        5000    -0.01768
        5003    -0.01768
        5003    -0.07096
        5005    -0.07096
        5005    -0.08019
        5009    -0.08019
        5009    -0.08019
        5010    -0.08019
        5010    -0.05149
        5012    -0.05149
        5012     -0.0146
        5016     -0.0146
        5016     0.01511
        5017     0.01511
        5017     0.04278
        5021     0.04278
        5021     0.03561
        5023     0.03561
        5023     0.01409
        5024     0.01409
        5024     0.03561
        5028     0.03561
        5028     0.05713
        5030     0.05713
        5030      0.0725
        5033      0.0725
        5033     0.04176
        5035     0.04176
        5035    -0.00333
        5037    -0.00333
        5037   -0.002306
        5040   -0.002306
        5040    0.004868
        5042    0.004868
        5042    0.005892
        5046    0.005892
        5046     0.01819
        5047     0.01819
        5047   0.0007685
        5049   0.0007685
        5049    -0.01973
        5053    -0.01973
        5053   -0.009479
        5054   -0.009479
        5054     0.01409
        5058     0.01409
        5058     0.04996
        5060     0.04996
        5060     0.07557
        5062     0.07557
        5062     0.07352
        5065     0.07352
        5065     0.08787
        5067     0.08787
        5067     0.07352
        5070     0.07352
        5070      0.1114
        5072      0.1114
        5072      0.1186
        5074      0.1186
        5074      0.0766
        5077      0.0766
        5077      0.0561
        5079      0.0561
        5079     0.06225
        5083     0.06225
        5083     0.02536
        5085     0.02536
        5085    -0.01563
        5086    -0.01563
        5086   -0.009479
        5090   -0.009479
        5090     0.02434
        5092     0.02434
        5092     0.01614
        5095     0.01614
        5095     0.01511
        5097     0.01511
        5097     0.03458
        5099     0.03458
        5099     0.04996
        5102     0.04996
        5102     0.02331
        5104     0.02331
        5104     0.03561
        5106     0.03561
        5106     0.07557
        5109     0.07557
        5109     0.05815
        5111     0.05815
        5111     0.03356
        5115     0.03356
        5115     0.02639
        5116     0.02639
        5116     0.02741
        5120     0.02741
        5120     0.05098
        5122     0.05098
        5122     0.05303
        5123     0.05303
        5123      0.0848
        5127      0.0848
        5127      0.1125
        5129      0.1125
        5129     0.09197
        5130     0.09197
        5130      0.0807
        5134      0.0807
        5134     0.07865
        5136     0.07865
        5136     0.08172
        5139     0.08172
        5139      0.1032
        5141      0.1032
        5141     0.09197
        5143     0.09197
        5143      0.0848
        5146      0.0848
        5146     0.08275
        5148     0.08275
        5148     0.08275
        5152     0.08275
        5152     0.08275
        5153     0.08275
        5153     0.09709
        5155     0.09709
        5155      0.1278
        5159      0.1278
        5159      0.1319
        5160      0.1319
        5160      0.1227
        5164      0.1227
        5164      0.1381
        5166      0.1381
        5166      0.1237
        5168      0.1237
        5168     0.08685
        5171     0.08685
        5171     0.06943
        5173     0.06943
        5173     0.07352
        5176     0.07352
        5176     0.09094
        5178     0.09094
        5178      0.0766
        5180      0.0766
        5180      0.0561
        5183      0.0561
        5183     0.05098
        5185     0.05098
        5185     0.02741
        5189     0.02741
        5189     0.04791
        5191     0.04791
        5191     0.07147
        5192     0.07147
        5192     0.06533
        5196     0.06533
        5196     0.07967
        5198     0.07967
        5198     0.07045
        5201     0.07045
        5201     0.05918
        5203     0.05918
        5203      0.0684
        5205      0.0684
        5205      0.0766
        5208      0.0766
        5208     0.06738
        5210     0.06738
        5210     0.06533
        5213     0.06533
        5213     0.07865
        5215     0.07865
        5215     0.09197
        5217     0.09197
        5217     0.09607
        5221     0.09607
        5221     0.08787
        5222     0.08787
        5222      0.0848
        5226      0.0848
        5226     0.08787
        5228     0.08787
        5228     0.06635
        5229     0.06635
        5229     0.08582
        5233     0.08582
        5233     0.07557
        5235     0.07557
        5235     0.06123
        5238     0.06123
        5238     0.07352
        5240     0.07352
        5240     0.06635
        5242     0.06635
        5242     0.06943
        5245     0.06943
        5245     0.05815
        5247     0.05815
        5247     0.05918
        5251     0.05918
        5251     0.08275
        5252     0.08275
        5252      0.0561
        5254      0.0561
        5254     0.05918
        5258     0.05918
        5258     0.03868
        5259     0.03868
        5259     0.02639
        5261     0.02639
        5261     0.01102
        5265     0.01102
        5265    0.004868
        5267    0.004868
        5267     0.01307
        5270     0.01307
        5270    -0.02792
        5272    -0.02792
        5272    -0.03612
        5275    -0.03612
        5275    0.007942
        5277    0.007942
        5277     0.01614
        5279     0.01614
        5279     0.03458
        5282     0.03458
        5282     0.03356
        5284     0.03356
        5284     0.04586
        5286     0.04586
        5286     0.05713
        5289     0.05713
        5289     0.09299
        5291     0.09299
        5291      0.1576
        5295      0.1576
        5295      0.1627
        5297      0.1627
        5297       0.136
        5298       0.136
        5298      0.1176
        5302      0.1176
        5302      0.1114
        5304      0.1114
        5304      0.1135
        5307      0.1135
        5307      0.1022
        5309      0.1022
        5309     0.09914
        5311     0.09914
        5311     0.04791
        5314     0.04791
        5314  -0.0002562
        5316  -0.0002562
        5316    -0.02587
        5320    -0.02587
        5320    -0.04227
        5321    -0.04227
        5321    -0.02587
        5323    -0.02587
        5323    -0.01768
        5327    -0.01768
        5327    0.002818
        5328    0.002818
        5328     0.01409
        5332     0.01409
        5332     0.01511
        5334     0.01511
        5334     0.01307
        5335     0.01307
        5335     0.03663
        5339     0.03663
        5339     0.06123
        5341     0.06123
        5341      0.0766
        5344      0.0766
        5344     0.05098
        5346     0.05098
        5346     0.04278
        5348     0.04278
        5348     0.02229
        5351     0.02229
        5351     0.01409
        5353     0.01409
        5353  -0.0002562
        5357  -0.0002562
        5357     0.03049
        5358     0.03049
        5358     0.02639
        5360     0.02639
        5360    0.006917
        5364    0.006917
        5364     0.02434
        5365     0.02434
        5365     0.06123
        5369     0.06123
        5369     0.07045
        5371     0.07045
        5371     0.08787
        5373     0.08787
        5373      0.1145
        5376      0.1145
        5376      0.1258
        5378      0.1258
        5378      0.1289
        5380      0.1289
        5380      0.1463
        5383      0.1463
        5383      0.1678
        5385      0.1678
        5385       0.175
        5388       0.175
        5388      0.1647
        5390      0.1647
        5390      0.1668
        5394      0.1668
        5394      0.1494
        5396      0.1494
        5396      0.1442
        5397      0.1442
        5397      0.1401
        5401      0.1401
        5401      0.1401
        5403      0.1401
        5403      0.1432
        5404      0.1432
        5404       0.135
        5408       0.135
        5408      0.1237
        5410      0.1237
        5410      0.1309
        5413      0.1309
        5413      0.1227
        5415      0.1227
        5415      0.1299
        5417      0.1299
        5417      0.1155
        5420      0.1155
        5420      0.1494
        5422      0.1494
        5422      0.1524
        5426      0.1524
        5426       0.136
        5427       0.136
        5427      0.1258
        5429      0.1258
        5429      0.1145
        5433      0.1145
        5433     0.09812
        5434     0.09812
        5434     0.09197
        5438     0.09197
        5438     0.09299
        5440     0.09299
        5440     0.09197
        5441     0.09197
        5441     0.05815
        5445     0.05815
        5445     0.05815
        5447     0.05815
        5447     0.04996
        5450     0.04996
        5450     0.04688
        5452     0.04688
        5452     0.04791
        5454     0.04791
        5454     0.04996
        5457     0.04996
        5457      0.0684
        5459      0.0684
        5459     0.05713
        5463     0.05713
        5463     0.06328
        5464     0.06328
        5464     0.08685
        5466     0.08685
        5466     0.08685
        5470     0.08685
        5470      0.0889
        5471      0.0889
        5471     0.09709
        5475     0.09709
        5475     0.09402
        5477     0.09402
        5477     0.07762
        5479     0.07762
        5479     0.07557
        5482     0.07557
        5482     0.09709
        5484     0.09709
        5484      0.1012
        5487      0.1012
        5487      0.0807
        5489      0.0807
        5489      0.0725
        5491      0.0725
        5491     0.08992
        5494     0.08992
        5494     0.08275
        5496     0.08275
        5496      0.0766
        5500      0.0766
        5500     0.09402
        5502     0.09402
        5502     0.09607
        5503     0.09607
        5503      0.0807
        5507      0.0807
        5507     0.06225
        5509     0.06225
        5509     0.07045
        5510     0.07045
        5510     0.07762
        5514     0.07762
        5514      0.0643
        5516      0.0643
        5516     0.08172
        5519     0.08172
        5519     0.09094
        5521     0.09094
        5521      0.0848
        5525      0.0848
        5525     0.07865
        5526     0.07865
        5526      0.0889
        5528      0.0889
        5528      0.1053
        5532      0.1053
        5532      0.1125
        5533      0.1125
        5533      0.1196
        5535      0.1196
        5535       0.136
        5539       0.136
        5539      0.1442
        5540      0.1442
        5540      0.1494
        5544      0.1494
        5544      0.1627
        5546      0.1627
        5546       0.178
        5547       0.178
        5547       0.176
        5551       0.176
        5551      0.1709
        5553      0.1709
        5553      0.1606
        5556      0.1606
        5556      0.1504
        5558      0.1504
        5558      0.1401
        5560      0.1401
        5560      0.1258
        5563      0.1258
        5563      0.1258
        5565      0.1258
        5565      0.1237
        5569      0.1237
        5569      0.1135
        5570      0.1135
        5570      0.1114
        5572      0.1114
        5572      0.1145
        5576      0.1145
        5576      0.1145
        5578      0.1145
        5578      0.1073
        5581      0.1073
        5581      0.1125
        5583      0.1125
        5583      0.1022
        5585      0.1022
        5585      0.1032
        5588      0.1032
        5588      0.1176
        5590      0.1176
        5590      0.1319
        5593      0.1319
        5593      0.1422
        5595      0.1422
        5595      0.1432
        5597      0.1432
        5597      0.1186
        5600      0.1186
        5600     0.08582
        5602     0.08582
        5602     0.08992
        5606     0.08992
        5606     0.09709
        5608     0.09709
        5608      0.0766
        5609      0.0766
        5609     0.06225
        5613     0.06225
        5613     0.04586
        5615     0.04586
        5615     0.02331
        5618     0.02331
        5618     0.02331
        5620     0.02331
        5620     0.06328
        5622     0.06328
        5622      0.1012
        5625      0.1012
        5625     0.09607
        5627     0.09607
        5627      0.1043
        5631      0.1043
        5631      0.1278
        5632      0.1278
        5632      0.1196
        5634      0.1196
        5634      0.1022
        5638      0.1022
        5638     0.09504
        5639     0.09504
        5639      0.1002
        5643      0.1002
        5643     0.09299
        5645     0.09299
        5645     0.08787
        5646     0.08787
        5646     0.09197
        5650     0.09197
        5650      0.1022
        5652      0.1022
        5652      0.1012
        5655      0.1012
        5655      0.1104
        5657      0.1104
        5657       0.136
        5659       0.136
        5659      0.1514
        5662      0.1514
        5662      0.1063
        5664      0.1063
        5664     0.07045
        5666     0.07045
        5666      0.0684
        5669      0.0684
        5669     0.05098
        5671     0.05098
        5671     0.03663
        5675     0.03663
        5675     0.02536
        5676     0.02536
        5676     0.02331
        5680     0.02331
        5680     0.05098
        5682     0.05098
        5682      0.0725
        5684      0.0725
        5684      0.1217
        5687      0.1217
        5687      0.1514
        5689      0.1514
        5689       0.176
        5691       0.176
        5691      0.1944
        5694      0.1944
        5694      0.1832
        5696      0.1832
        5696      0.1791
        5699      0.1791
        5699      0.1729
        5701      0.1729
        5701      0.1442
        5703      0.1442
        5703      0.1504
        5707      0.1504
        5707      0.1565
        5708      0.1565
        5708      0.1596
        5712      0.1596
        5712      0.1606
        5714      0.1606
        5714      0.1535
        5715      0.1535
        5715      0.1606
        5719      0.1606
        5719      0.1903
        5721      0.1903
        5721      0.2139
        5724      0.2139
        5724      0.2057
        5726      0.2057
        5726       0.178
        5728       0.178
        5728      0.1617
        5731      0.1617
        5731      0.1412
        5733      0.1412
        5733      0.1012
        5737      0.1012
        5737     0.07352
        5738     0.07352
        5738      0.0643
        5740      0.0643
        5740     0.03254
        5744     0.03254
        5744   -0.006405
        5745   -0.006405
        5745     -0.0146
        5749     -0.0146
        5749     -0.0105
        5751     -0.0105
        5751     -0.0105
        5752     -0.0105
        5752    0.003843
        5756    0.003843
        5756     0.02639
        5758     0.02639
        5758     0.04176
        5761     0.04176
        5761     0.05508
        5763     0.05508
        5763      0.0684
        5765      0.0684
        5765     0.08275
        5768     0.08275
        5768     0.08582
        5770     0.08582
        5770     0.07147
        5774     0.07147
        5774     0.07045
        5775     0.07045
        5775     0.07557
        5777     0.07557
        5777     0.05815
        5781     0.05815
        5781     0.05918
        5782     0.05918
        5782     0.06225
        5786     0.06225
        5786     0.05713
        5788     0.05713
        5788     0.06225
        5790     0.06225
        5790      0.0766
        5793      0.0766
        5793     0.08582
        5795     0.08582
        5795     0.08787
        5798     0.08787
        5798     0.07045
        5800     0.07045
        5800     0.09504
        5802     0.09504
        5802      0.1237
        5805      0.1237
        5805      0.1104
        5807      0.1104
        5807      0.1217
        5811      0.1217
        5811      0.1391
        5813      0.1391
        5813      0.1422
        5814      0.1422
        5814      0.1432
        5818      0.1432
        5818      0.1463
        5820      0.1463
        5820      0.1668
        5821      0.1668
        5821      0.1709
        5825      0.1709
        5825      0.1504
        5827      0.1504
        5827      0.1463
        5830      0.1463
        5830      0.1207
        5832      0.1207
        5832      0.1094
        5836      0.1094
        5836      0.1084
        5837      0.1084
        5837      0.1053
        5839      0.1053
        5839      0.1125
        5843      0.1125
        5843      0.1166
        5844      0.1166
        5844      0.1114
        5846      0.1114
        5846      0.1053
        5850      0.1053
        5850      0.1114
        5851      0.1114
        5851      0.1258
        5855      0.1258
        5855      0.1606
        5857      0.1606
        5857      0.1606
        5858      0.1606
        5858      0.1186
        5862      0.1186
        5862     0.07147
        5864     0.07147
        5864      0.0684
        5867      0.0684
        5867     0.06943
        5869     0.06943
        5869     0.06225
        5871     0.06225
        5871     0.06328
        5874     0.06328
        5874      0.0766
        5876      0.0766
        5876     0.06328
        5880     0.06328
        5880     0.06635
        5881     0.06635
        5881       0.134
        5883       0.134
        5883      0.1698
        5887      0.1698
        5887      0.1442
        5889      0.1442
        5889      0.1248
        5892      0.1248
        5892      0.1237
        5894      0.1237
        5894      0.1073
        5896      0.1073
        5896     0.08172
        5899     0.08172
        5899     0.07147
        5901     0.07147
        5901     0.06943
        5904     0.06943
        5904     0.04483
        5906     0.04483
        5906     0.02229
        5908     0.02229
        5908     0.02229
        5911     0.02229
        5911     0.03049
        5913     0.03049
        5913      0.0602
        5917      0.0602
        5917     0.08685
        5919     0.08685
        5919     0.08685
        5920     0.08685
        5920     0.06123
        5924     0.06123
        5924     0.04688
        5926     0.04688
        5926     0.05508
        5929     0.05508
        5929      0.0766
        5931      0.0766
        5931     0.08172
        5933     0.08172
        5933      0.1043
        5936      0.1043
        5936     0.09504
        5938     0.09504
        5938      0.0889
        5942      0.0889
        5942      0.1002
        5943      0.1002
        5943      0.1084
        5945      0.1084
        5945       0.134
        5949       0.134
        5949      0.1381
        5950      0.1381
        5950      0.1227
        5952      0.1227
        5952      0.1412
        5956      0.1412
        5956      0.1309
        5957      0.1309
        5957      0.1166
        5961      0.1166
        5961      0.1176
        5963      0.1176
        5963      0.1176
        5966      0.1176
        5966      0.1073
        5968      0.1073
        5968     0.07762
        5970     0.07762
        5970     0.06328
        5973     0.06328
        5973     0.08275
        5975     0.08275
        5975     0.07967
        5977     0.07967
        5977     0.06943
        5980     0.06943
        5980     0.09812
        5982     0.09812
        5982      0.1125
        5986      0.1125
        5986      0.1145
        5987      0.1145
        5987      0.1299
        5989      0.1299
        5989      0.1207
        5993      0.1207
        5993      0.1217
        5995      0.1217
        5995      0.1196
        5998      0.1196
        5998      0.1084
        6000      0.1084
        6000      0.1145
        6002      0.1145
        6002     0.09402
        6005     0.09402
        6005      0.0602
        6007      0.0602
        6007     0.05098
        6010     0.05098
        6010     0.06533
        6012     0.06533
        6012      0.1022
        6014      0.1022
        6014     0.09607
        6018     0.09607
        6018     0.08992
        6019     0.08992
        6019     0.09709
        6023     0.09709
        6023     0.08992
        6025     0.08992
        6025      0.0848
        6026      0.0848
        6026     0.09914
        6030     0.09914
        6030      0.1104
        6032      0.1104
        6032     0.08992
        6035     0.08992
        6035      0.0643
        6037      0.0643
        6037      0.0807
        6039      0.0807
        6039     0.09812
        6042     0.09812
        6042      0.1186
        6044      0.1186
        6044      0.1196
        6048      0.1196
        6048      0.1278
        6049      0.1278
        6049      0.1289
        6051      0.1289
        6051      0.1145
        6055      0.1145
        6055      0.1217
        6056      0.1217
        6056      0.1401
        6060      0.1401
        6060      0.1248
        6062      0.1248
        6062      0.1043
        6063      0.1043
        6063     0.07967
        6067     0.07967
        6067     0.07865
        6069     0.07865
        6069     0.06738
        6072     0.06738
        6072      0.0561
        6074      0.0561
        6074      0.0725
        6076      0.0725
        6076      0.0643
        6079      0.0643
        6079      0.0561
        6081      0.0561
        6081     0.06225
        6085     0.06225
        6085     0.05405
        6086     0.05405
        6086     0.04688
        6088     0.04688
        6088     0.04791
        6092     0.04791
        6092      0.0561
        6093      0.0561
        6093      0.0684
        6097      0.0684
        6097      0.0684
        6099      0.0684
        6099      0.0725
        6101      0.0725
        6101     0.06123
        6104     0.06123
        6104     0.08275
        6106     0.08275
        6106     0.08787
        6108     0.08787
        6108     0.08685
        6111     0.08685
        6111     0.09094
        6113     0.09094
        6113     0.08275
        6116     0.08275
        6116     0.08275
        6118     0.08275
        6118     0.08992
        6122     0.08992
        6122     0.08275
        6124     0.08275
        6124     0.07557
        6125     0.07557
        6125     0.04073
        6129     0.04073
        6129     0.04176
        6131     0.04176
        6131      0.0561
        6132      0.0561
        6132     0.02434
        6136     0.02434
        6136     0.02434
        6138     0.02434
        6138     0.03868
        6141     0.03868
        6141     0.01204
        6143     0.01204
        6143    0.008966
        6145    0.008966
        6145    0.007942
        6148    0.007942
        6148    0.006917
        6150    0.006917
        6150     0.01511
        6154     0.01511
        6154     0.01921
        6155     0.01921
        6155     0.05201
        6157     0.05201
        6157      0.0561
        6161      0.0561
        6161     0.02844
        6162     0.02844
        6162     0.04996
        6166     0.04996
        6166     0.05303
        6168     0.05303
        6168     0.07147
        6169     0.07147
        6169      0.1227
        6173      0.1227
        6173      0.1278
        6175      0.1278
        6175      0.1125
        6178      0.1125
        6178      0.1114
        6180      0.1114
        6180      0.1063
        6182      0.1063
        6182      0.1207
        6185      0.1207
        6185      0.1104
        6187      0.1104
        6187     0.09299
        6191     0.09299
        6191     0.07557
        6192     0.07557
        6192     0.03766
        6194     0.03766
        6194     0.04791
        6198     0.04791
        6198     0.05918
        6200     0.05918
        6200     0.05405
        6203     0.05405
        6203     0.06123
        6205     0.06123
        6205      0.0561
        6207      0.0561
        6207     0.07147
        6210     0.07147
        6210     0.09402
        6212     0.09402
        6212     0.09299
        6215     0.09299
        6215     0.09709
        6217     0.09709
        6217     0.09504
        6219     0.09504
        6219     0.08685
        6222     0.08685
        6222     0.07147
        6224     0.07147
        6224     0.06738
        6228     0.06738
        6228     0.07865
        6230     0.07865
        6230     0.06738
        6231     0.06738
        6231     0.07352
        6235     0.07352
        6235      0.0889
        6237      0.0889
        6237     0.08582
        6240     0.08582
        6240     0.05918
        6242     0.05918
        6242      0.0602
        6244      0.0602
        6244     0.08377
        6247     0.08377
        6247      0.0889
        6249      0.0889
        6249     0.05405
        6253     0.05405
        6253     0.03663
        6254     0.03663
        6254     0.02434
        6256     0.02434
        6256     0.02536
        6260     0.02536
        6260     0.02536
        6261     0.02536
        6261     0.03049
        6263     0.03049
        6263     0.03151
        6267     0.03151
        6267     0.01819
        6268     0.01819
        6268     0.01819
        6272     0.01819
        6272     0.03766
        6274     0.03766
        6274     0.05508
        6277     0.05508
        6277     0.05713
        6279     0.05713
        6279     0.04688
        6281     0.04688
        6281      0.0561
        6284      0.0561
        6284     0.07147
        6286     0.07147
        6286     0.07455
        6288     0.07455
        6288     0.08377
        6291     0.08377
        6291     0.07967
        6293     0.07967
        6293      0.0725
        6297      0.0725
        6297     0.06738
        6298     0.06738
        6298     0.06635
        6300     0.06635
        6300      0.0848
        6304      0.0848
        6304     0.07147
        6306     0.07147
        6306      0.0684
        6309      0.0684
        6309     0.06123
        6311     0.06123
        6311     0.05713
        6313     0.05713
        6313      0.0561
        6316      0.0561
        6316     0.07147
        6318     0.07147
        6318     0.08275
        6321     0.08275
        6321      0.0807
        6323      0.0807
        6323     0.05918
        6325     0.05918
        6325     0.04176
        6329     0.04176
        6329     0.02639
        6330     0.02639
        6330     0.01716
        6334     0.01716
        6334     0.02639
        6336     0.02639
        6336     0.03971
        6337     0.03971
        6337     0.03458
        6341     0.03458
        6341     0.03151
        6343     0.03151
        6343     0.04586
        6346     0.04586
        6346     0.08377
        6348     0.08377
        6348      0.1258
        6350      0.1258
        6350      0.1114
        6353      0.1114
        6353     0.09197
        6355     0.09197
        6355     0.07865
        6359     0.07865
        6359     0.06533
        6360     0.06533
        6360     0.06225
        6362     0.06225
        6362     0.05713
        6366     0.05713
        6366     0.04381
        6367     0.04381
        6367     0.03458
        6371     0.03458
        6371     0.03049
        6373     0.03049
        6373     0.07762
        6374     0.07762
        6374      0.1022
        6378      0.1022
        6378     0.09709
        6380     0.09709
        6380      0.1248
        6383      0.1248
        6383      0.1289
        6385      0.1289
        6385      0.1063
        6387      0.1063
        6387      0.1043
        6390      0.1043
        6390     0.09402
        6392     0.09402
        6392     0.07762
        6394     0.07762
        6394     0.06533
        6397     0.06533
        6397     0.06943
        6399     0.06943
        6399     0.06635
        6403     0.06635
        6403     0.03561
        6405     0.03561
        6405     0.03254
        6408     0.03254
        6408     0.06225
        6410     0.06225
        6410     0.08172
        6412     0.08172
        6412     0.05713
        6415     0.05713
        6415     0.03151
        6417     0.03151
        6417    0.006917
        6419    0.006917
        6419     -0.0146
        6422     -0.0146
        6422    -0.01153
        6424    -0.01153
        6424    0.002818
        6427    0.002818
        6427     0.01614
        6429     0.01614
        6429     0.01102
        6431     0.01102
        6431   -0.004355
        6435   -0.004355
        6435     0.01204
        6436     0.01204
        6436     0.03663
        6440     0.03663
        6440     0.04176
        6442     0.04176
        6442     0.05508
        6443     0.05508
        6443     0.07352
        6447     0.07352
        6447      0.0766
        6449      0.0766
        6449     0.04483
        6452     0.04483
        6452     0.02331
        6454     0.02331
        6454     0.02126
        6456     0.02126
        6456     0.02126
        6459     0.02126
        6459     0.04073
        6461     0.04073
        6461     0.04688
        6465     0.04688
        6465     0.05303
        6466     0.05303
        6466     0.05713
        6468     0.05713
        6468      0.0561
        6472      0.0561
        6472     0.08582
        6473     0.08582
        6473      0.1104
        6477      0.1104
        6477      0.1248
        6479      0.1248
        6479      0.1299
        6480      0.1299
        6480      0.1104
        6484      0.1104
        6484      0.1166
        6486      0.1166
        6486      0.1258
        6489      0.1258
        6489      0.1155
        6491      0.1155
        6491      0.1104
        6493      0.1104
        6493     0.09914
        6496     0.09914
        6496      0.1125
        6498      0.1125
        6498      0.1217
        6502      0.1217
        6502      0.1125
        6503      0.1125
        6503      0.1176
        6505      0.1176
        6505       0.135
        6509       0.135
        6509       0.136
        6511       0.136
        6511      0.1186
        6514      0.1186
        6514      0.1227
        6516      0.1227
        6516      0.1268
        6518      0.1268
        6518      0.1289
        6521      0.1289
        6521      0.1268
        6523      0.1268
        6523      0.1524
        6526      0.1524
        6526      0.1617
        6528      0.1617
        6528      0.1514
        6530      0.1514
        6530      0.1719
        6533      0.1719
        6533      0.1996
        6535      0.1996
        6535      0.2067
        6539      0.2067
        6539      0.2201
        6541      0.2201
        6541      0.2211
        6542      0.2211
        6542      0.2129
        6546      0.2129
        6546      0.1811
        6548      0.1811
        6548      0.1514
        6549      0.1514
        6549      0.1248
        6553      0.1248
        6553     0.09299
        6555     0.09299
        6555     0.07147
        6558     0.07147
        6558     0.03868
        6560     0.03868
        6560     0.02434
        6564     0.02434
        6564     0.01204
        6565     0.01204
        6565     0.01409
        6567     0.01409
        6567     0.04073
        6571     0.04073
        6571      0.0766
        6572      0.0766
        6572     0.09197
        6574     0.09197
        6574      0.1043
        6578      0.1043
        6578      0.1135
        6579      0.1135
        6579      0.1381
        6583      0.1381
        6583      0.1504
        6585      0.1504
        6585      0.1739
        6587      0.1739
        6587      0.1842
        6590      0.1842
        6590       0.177
        6592       0.177
        6592      0.1647
        6595      0.1647
        6595      0.1688
        6597      0.1688
        6597      0.1709
        6599      0.1709
        6599      0.1596
        6602      0.1596
        6602      0.1535
        6604      0.1535
        6604      0.1463
        6608      0.1463
        6608      0.1289
        6609      0.1289
        6609      0.1166
        6611      0.1166
        6611     0.09607
        6615     0.09607
        6615      0.1022
        6617      0.1022
        6617      0.1002
        6620      0.1002
        6620      0.0848
        6622      0.0848
        6622     0.08582
        6624     0.08582
        6624      0.0725
        6627      0.0725
        6627     0.06533
        6629     0.06533
        6629     0.06738
        6632     0.06738
        6632      0.0684
        6634      0.0684
        6634     0.09094
        6636     0.09094
        6636     0.07455
        6640     0.07455
        6640      0.0807
        6641      0.0807
        6641     0.07865
        6645     0.07865
        6645     0.09094
        6647     0.09094
        6647     0.09709
        6648     0.09709
        6648     0.08787
        6652     0.08787
        6652     0.06635
        6654     0.06635
        6654     0.06123
        6657     0.06123
        6657     0.04893
        6659     0.04893
        6659     0.04893
        6661     0.04893
        6661     0.05405
        6664     0.05405
        6664     0.06943
        6666     0.06943
        6666     0.06328
        6670     0.06328
        6670     0.07455
        6671     0.07455
        6671     0.09914
        6673     0.09914
        6673      0.1145
        6677      0.1145
        6677      0.1217
        6678      0.1217
        6678       0.136
        6682       0.136
        6682      0.1319
        6684      0.1319
        6684      0.1186
        6685      0.1186
        6685      0.1289
        6689      0.1289
        6689      0.1289
        6691      0.1289
        6691      0.1258
        6694      0.1258
        6694      0.1186
        6696      0.1186
        6696      0.1166
        6698      0.1166
        6698      0.1094
        6701      0.1094
        6701     0.08582
        6703     0.08582
        6703      0.1002
        6705      0.1002
        6705      0.1104
        6708      0.1104
        6708     0.09812
        6710     0.09812
        6710      0.1094
        6714      0.1094
        6714      0.1053
        6716      0.1053
        6716     0.09607
        6719     0.09607
        6719     0.08685
        6721     0.08685
        6721      0.1012
        6723      0.1012
        6723       0.135
        6726       0.135
        6726       0.135
        6728       0.135
        6728      0.1483
        6730      0.1483
        6730      0.1739
        6733      0.1739
        6733      0.1709
        6735      0.1709
        6735      0.1955
        6738      0.1955
        6738      0.2098
        6740      0.2098
        6740      0.2252
        6742      0.2252
        6742      0.2262
        6746      0.2262
        6746      0.2211
        6747      0.2211
        6747      0.2365
        6751      0.2365
        6751      0.2283
        6753      0.2283
        6753      0.2098
        6754      0.2098
        6754      0.2231
        6758      0.2231
        6758      0.2006
        6760      0.2006
        6760      0.2139
        6763      0.2139
        6763      0.2344
        6765      0.2344
        6765      0.2395
        6767      0.2395
        6767      0.2262
        6770      0.2262
        6770      0.2139
        6772      0.2139
        6772      0.2242
        6776      0.2242
        6776       0.217
        6777       0.217
        6777      0.2006
        6779      0.2006
        6779      0.2211
        6783      0.2211
        6783       0.216
        6784       0.216
        6784      0.2057
        6788      0.2057
        6788      0.2129
        6790      0.2129
        6790      0.2365
        6791      0.2365
        6791      0.2488
        6795      0.2488
        6795      0.2324
        6797      0.2324
        6797      0.2375
        6799      0.2375
        6799      0.2334
        6802      0.2334
        6802      0.2242
        6804      0.2242
        6804      0.2242
        6807      0.2242
        6807      0.2088
        6809      0.2088
        6809      0.1975
        6813      0.1975
        6813      0.1924
        6814      0.1924
        6814      0.2026
        6816      0.2026
        6816       0.217
        6820       0.217
        6820      0.2416
        6822      0.2416
        6822      0.2713
        6823      0.2713
        6823      0.2539
        6827      0.2539
        6827      0.2283
        6829      0.2283
        6829      0.2313
        6832      0.2313
        6832      0.2262
        6834      0.2262
        6834      0.2221
        6836      0.2221
        6836      0.2057
        6839      0.2057
        6839      0.1924
        6841      0.1924
        6841      0.1698
        6845      0.1698
        6845      0.1709
        6846      0.1709
        6846      0.2119
        6848      0.2119
        6848      0.2354
        6852      0.2354
        6852      0.2529
        6853      0.2529
        6853       0.258
        6857       0.258
        6857      0.2477
        6859      0.2477
        6859      0.2692
        6860      0.2692
        6860      0.2805
        6864      0.2805
        6864      0.2785
        6866      0.2785
        6866       0.261
        6869       0.261
        6869      0.2498
        6871      0.2498
        6871      0.2713
        6873      0.2713
        6873       0.261
        6876       0.261
        6876      0.2447
        6878      0.2447
        6878       0.259
        6882       0.259
        6882      0.2795
        6883      0.2795
        6883      0.2682
        6885      0.2682
        6885        0.26
        6889        0.26
        6889      0.2539
        6890      0.2539
        6890      0.2467
        6894      0.2467
        6894      0.2006
        6896      0.2006
        6896      0.1606
        6898      0.1606
        6898      0.1586
        6901      0.1586
        6901      0.1176
        6903      0.1176
        6903     0.05918
        6906     0.05918
        6906     0.04381
        6908     0.04381
        6908     0.02946
        6910     0.02946
        6910     0.02434
        6913     0.02434
        6913   -0.009479
        6915   -0.009479
        6915     0.01614
        6919     0.01614
        6919     0.04688
        6920     0.04688
        6920     0.04688
        6922     0.04688
        6922     0.08992
        6926     0.08992
        6926      0.1114
        6928      0.1114
        6928      0.1371
        6931      0.1371
        6931      0.1658
        6933      0.1658
        6933      0.1832
        6935      0.1832
        6935      0.2026
        6938      0.2026
        6938      0.2047
        6940      0.2047
        6940      0.2006
        6943      0.2006
        6943      0.2201
        6945      0.2201
        6945      0.2262
        6947      0.2262
        6947      0.2129
        6951      0.2129
        6951      0.2047
        6952      0.2047
        6952      0.2006
        6954      0.2006
        6954      0.1996
        6958      0.1996
        6958      0.2088
        6959      0.2088
        6959      0.2016
        6963      0.2016
        6963       0.219
        6965       0.219
        6965      0.2098
        6968      0.2098
        6968      0.1914
        6970      0.1914
        6970      0.1668
        6972      0.1668
        6972      0.1576
        6975      0.1576
        6975      0.1442
        6977      0.1442
        6977      0.1319
        6979      0.1319
        6979      0.1248
        6982      0.1248
        6982      0.1217
        6984      0.1217
        6984      0.1114
        6988      0.1114
        6988      0.1104
        6989      0.1104
        6989     0.09709
        6991     0.09709
        6991      0.1114
        6995      0.1114
        6995      0.1237
        6996      0.1237
        6996      0.1494
        7000      0.1494
        7000      0.1442
        7002      0.1442
        7002      0.1391
        7004      0.1391
        7004      0.1371
        7007      0.1371
        7007      0.1114
        7009      0.1114
        7009     0.09914
        7012     0.09914
        7012     0.09607
        7014     0.09607
        7014     0.09402
        7016     0.09402
        7016     0.09094
        7019     0.09094
        7019     0.07557
        7021     0.07557
        7021     0.07557
        7025     0.07557
        7025     0.07967
        7027     0.07967
        7027     0.07762
        7028     0.07762
        7028     0.09607
        7032     0.09607
        7032      0.1084
        7034      0.1084
        7034      0.1094
        7037      0.1094
        7037      0.1032
        7039      0.1032
        7039      0.1166
        7041      0.1166
        7041      0.1237
        7044      0.1237
        7044       0.134
        7046       0.134
        7046      0.1463
        7049      0.1463
        7049      0.1504
        7051      0.1504
        7051       0.136
        7053       0.136
        7053      0.1176
        7057      0.1176
        7057      0.1186
        7058      0.1186
        7058      0.1494
        7062      0.1494
        7062       0.136
        7064       0.136
        7064      0.1176
        7065      0.1176
        7065      0.1196
        7069      0.1196
        7069      0.1155
        7071      0.1155
        7071      0.1166
        7074      0.1166
        7074      0.1268
        7076      0.1268
        7076      0.1494
        7078      0.1494
        7078      0.1504
        7081      0.1504
        7081      0.1391
        7083      0.1391
        7083      0.1586
        7087      0.1586
        7087      0.1617
        7088      0.1617
        7088      0.1442
        7090      0.1442
        7090      0.1217
        7094      0.1217
        7094       0.134
        7095       0.134
        7095      0.1412
        7099      0.1412
        7099      0.1381
        7101      0.1381
        7101      0.1514
        7102      0.1514
        7102      0.1545
        7106      0.1545
        7106      0.1514
        7108      0.1514
        7108      0.1494
        7110      0.1494
        7110      0.1545
        7113      0.1545
        7113      0.1729
        7115      0.1729
        7115      0.1606
        7118      0.1606
        7118      0.1586
        7120      0.1586
        7120      0.1504
        7124      0.1504
        7124      0.1278
        7125      0.1278
        7125      0.1053
        7127      0.1053
        7127     0.07455
        7131     0.07455
        7131      0.0807
        7133      0.0807
        7133     0.08377
        7134     0.08377
        7134     0.06943
        7138     0.06943
        7138     0.05713
        7140     0.05713
        7140     0.06533
        7143     0.06533
        7143      0.0684
        7145      0.0684
        7145     0.07762
        7147     0.07762
        7147     0.09709
        7150     0.09709
        7150      0.1166
        7152      0.1166
        7152      0.1053
        7156      0.1053
        7156     0.09402
        7157     0.09402
        7157      0.1053
        7159      0.1053
        7159      0.1278
        7163      0.1278
        7163      0.1176
        7164      0.1176
        7164      0.1125
        7168      0.1125
        7168      0.1227
        7170      0.1227
        7170      0.1258
        7171      0.1258
        7171      0.1012
        7175      0.1012
        7175      0.1309
        7177      0.1309
        7177      0.1483
        7180      0.1483
        7180      0.1524
        7182      0.1524
        7182      0.1473
        7184      0.1473
        7184      0.1658
        7187      0.1658
        7187      0.1893
        7189      0.1893
        7189      0.1944
        7193      0.1944
        7193      0.1996
        7194      0.1996
        7194      0.2242
        7196      0.2242
        7196      0.2211
        7200      0.2211
        7200      0.2344
        7201      0.2344
        7201      0.2293
        7205      0.2293
        7205      0.2242
        7207      0.2242
        7207      0.1955
        7209      0.1955
        7209      0.1678
        7212      0.1678
        7212      0.1647
        7214      0.1647
        7214      0.1698
        7217      0.1698
        7217      0.1688
        7219      0.1688
        7219      0.1555
        7221      0.1555
        7221      0.1668
        7224      0.1668
        7224      0.2016
        7226      0.2016
        7226      0.1729
        7230      0.1729
        7230      0.1617
        7231      0.1617
        7231      0.1627
        7233      0.1627
        7233      0.1565
        7237      0.1565
        7237      0.1463
        7239      0.1463
        7239      0.1596
        7240      0.1596
        7240       0.178
        7244       0.178
        7244      0.1442
        7246      0.1442
        7246      0.1155
        7249      0.1155
        7249      0.1514
        7251      0.1514
        7251      0.1832
        7254      0.1832
        7254      0.2067
        7256      0.2067
        7256      0.2242
        7258      0.2242
        7258      0.1965
        7262      0.1965
        7262      0.1903
        7263      0.1903
        7263      0.1852
        7265      0.1852
        7265      0.1811
        7269      0.1811
        7269      0.1924
        7270      0.1924
        7270      0.1924
        7274      0.1924
        7274      0.1709
        7276      0.1709
        7276      0.1709
        7277      0.1709
        7277      0.1637
        7281      0.1637
        7281      0.1791
        7283      0.1791
        7283      0.1576
        7286      0.1576
        7286      0.1453
        7288      0.1453
        7288      0.1596
        7290      0.1596
        7290      0.1381
        7293      0.1381
        7293      0.1289
        7295      0.1289
        7295      0.1811
        7299      0.1811
        7299      0.1852
        7300      0.1852
        7300      0.1463
        7302      0.1463
        7302      0.1104
        7306      0.1104
        7306      0.1145
        7307      0.1145
        7307      0.1483
        7311      0.1483
        7311      0.1401
        7313      0.1401
        7313      0.1586
        7315      0.1586
        7315      0.1647
        7318      0.1647
        7318       0.133
        7320       0.133
        7320      0.1524
        7323      0.1524
        7323      0.2201
        7325      0.2201
        7325      0.2938
        7327      0.2938
        7327       0.302
        7330       0.302
        7330      0.2621
        7332      0.2621
        7332      0.2733
        7336      0.2733
        7336      0.2908
        7338      0.2908
        7338      0.2877
        7339      0.2877
        7339       0.261
        7343       0.261
        7343      0.2047
        7345      0.2047
        7345       0.176
        7348       0.176
        7348      0.1586
        7350      0.1586
        7350      0.1617
        7352      0.1617
        7352      0.1873
        7355      0.1873
        7355      0.1883
        7357      0.1883
        7357      0.1729
        7360      0.1729
        7360      0.1883
        7362      0.1883
        7362      0.2385
        7364      0.2385
        7364       0.258
        7368       0.258
        7368      0.2549
        7369      0.2549
        7369      0.2631
        7373      0.2631
        7373       0.257
        7375       0.257
        7375      0.2334
        7376      0.2334
        7376       0.257
        7380       0.257
        7380      0.2529
        7382      0.2529
        7382      0.2426
        7385      0.2426
        7385      0.2262
        7387      0.2262
        7387      0.2365
        7389      0.2365
        7389      0.2324
        7392      0.2324
        7392       0.216
        7394       0.216
        7394      0.2149
        7396      0.2149
        7396      0.2211
        7399      0.2211
        7399      0.2098
        7401      0.2098
        7401      0.2365
        7405      0.2365
        7405      0.2416
        7406      0.2416
        7406      0.2436
        7410      0.2436
        7410       0.257
        7412       0.257
        7412      0.2774
        7414      0.2774
        7414      0.2856
        7417      0.2856
        7417      0.2979
        7419      0.2979
        7419      0.3225
        7421      0.3225
        7421      0.3256
        7424      0.3256
        7424      0.3266
        7426      0.3266
        7426      0.3369
        7429      0.3369
        7429      0.3307
        7431      0.3307
        7431      0.3256
        7433      0.3256
        7433      0.3215
        7436      0.3215
        7436      0.3102
        7438      0.3102
        7438       0.301
        7442       0.301
        7442      0.2938
        7444      0.2938
        7444      0.3031
        7445      0.3031
        7445      0.2856
        7449      0.2856
        7449      0.2846
        7451      0.2846
        7451         0.3
        7454         0.3
        7454      0.3082
        7456      0.3082
        7456      0.3113
        7458      0.3113
        7458      0.3389
        7461      0.3389
        7461      0.3697
        7463      0.3697
        7463      0.3656
        7467      0.3656
        7467      0.3604
        7468      0.3604
        7468      0.3635
        7470      0.3635
        7470      0.3523
        7474      0.3523
        7474      0.3553
        7475      0.3553
        7475      0.3738
        7479      0.3738
        7479      0.3676
        7481      0.3676
        7481      0.3482
        7482      0.3482
        7482      0.3338
        7486      0.3338
        7486      0.3492
        7488      0.3492
        7488      0.3369
        7491      0.3369
        7491      0.3133
        7493      0.3133
        7493      0.3215
        7495      0.3215
        7495      0.3215
        7498      0.3215
        7498      0.2928
        7500      0.2928
        7500      0.2887
        7504      0.2887
        7504         0.3
        7505         0.3
        7505      0.3328
        7507      0.3328
        7507      0.2908
        7511      0.2908
        7511      0.2488
        7512      0.2488
        7512      0.2836
        7516      0.2836
        7516      0.2733
        7518      0.2733
        7518      0.2313
        7520      0.2313
        7520      0.2334
        7523      0.2334
        7523      0.2651
        7525      0.2651
        7525      0.2723
        7528      0.2723
        7528      0.2334
        7530      0.2334
        7530      0.2692
        7532      0.2692
        7532      0.3123
        7535      0.3123
        7535      0.2785
        7537      0.2785
        7537      0.2938
        7541      0.2938
        7541      0.3338
        7542      0.3338
        7542      0.3287
        7544      0.3287
        7544      0.2815
        7548      0.2815
        7548      0.2488
        7550      0.2488
        7550      0.2293
        7551      0.2293
        7551       0.219
        7555       0.219
        7555      0.2252
        7557      0.2252
        7557      0.2221
        7560      0.2221
        7560      0.2334
        7562      0.2334
        7562      0.2201
        7565      0.2201
        7565      0.2334
        7567      0.2334
        7567      0.2815
        7569      0.2815
        7569      0.3205
        7573      0.3205
        7573      0.3318
        7574      0.3318
        7574      0.3369
        7576      0.3369
        7576      0.3492
        7580      0.3492
        7580       0.384
        7581       0.384
        7581       0.383
        7585       0.383
        7585      0.3943
        7587      0.3943
        7587      0.3676
        7588      0.3676
        7588      0.3318
        7592      0.3318
        7592      0.3123
        7594      0.3123
        7594      0.3441
        7597      0.3441
        7597      0.3102
        7599      0.3102
        7599      0.2918
        7601      0.2918
        7601      0.2529
        7604      0.2529
        7604      0.2283
        7606      0.2283
        7606      0.2498
        7610      0.2498
        7610      0.3143
        7611      0.3143
        7611      0.3471
        7613      0.3471
        7613      0.3225
        7617      0.3225
        7617      0.3256
        7618      0.3256
        7618      0.3574
        7622      0.3574
        7622      0.3441
        7624      0.3441
        7624      0.3635
        7626      0.3635
        7626       0.384
        7629       0.384
        7629      0.3656
        7631      0.3656
        7631      0.3133
        7634      0.3133
        7634      0.2856
        7636      0.2856
        7636       0.342
        7638       0.342
        7638      0.3389
        7641      0.3389
        7641      0.3359
        7643      0.3359
        7643      0.3543
        7647      0.3543
        7647      0.3523
        7649      0.3523
        7649      0.3553
        7650      0.3553
        7650      0.3543
        7654      0.3543
        7654      0.3574
        7656      0.3574
        7656      0.3523
        7659      0.3523
        7659      0.3143
        7661      0.3143
        7661      0.3041
        7663      0.3041
        7663      0.3307
        7666      0.3307
        7666      0.3184
        7668      0.3184
        7668      0.3092
        7671      0.3092
        7671      0.2836
        7673      0.2836
        7673      0.2631
        7675      0.2631
        7675      0.2621
        7679      0.2621
        7679      0.2785
        7680      0.2785
        7680      0.3041
        7682      0.3041
        7682      0.2836
        7686      0.2836
        7686      0.2457
        7687      0.2457
        7687       0.257
        7691       0.257
        7691      0.2897
        7693      0.2897
        7693      0.3184
        7696      0.3184
        7696       0.343
        7698       0.343
        7698      0.3604
        7700      0.3604
        7700      0.3441
        7703      0.3441
        7703      0.2877
        7705      0.2877
        7705      0.2262
        7707      0.2262
        7707      0.2201
        7710      0.2201
        7710      0.2047
        7712      0.2047
        7712      0.1934
        7716      0.1934
        7716      0.1504
        7717      0.1504
        7717      0.1207
        7719      0.1207
        7719     0.08685
        7723     0.08685
        7723      0.1237
        7725      0.1237
        7725      0.1658
        7728      0.1658
        7728      0.2395
        7730      0.2395
        7730      0.2928
        7732      0.2928
        7732      0.3236
        7735      0.3236
        7735      0.3307
        7737      0.3307
        7737      0.3717
        7740      0.3717
        7740      0.4025
        7742      0.4025
        7742      0.4301
        7744      0.4301
        7744      0.4178
        7747      0.4178
        7747      0.4219
        7749      0.4219
        7749      0.4301
        7753      0.4301
        7753      0.4137
        7755      0.4137
        7755      0.4291
        7756      0.4291
        7756      0.4025
        7760      0.4025
        7760      0.3881
        7762      0.3881
        7762      0.3656
        7765      0.3656
        7765      0.3482
        7767      0.3482
        7767      0.3748
        7769      0.3748
        7769      0.4353
        7772      0.4353
        7772      0.4445
        7774      0.4445
        7774      0.4568
        7778      0.4568
        7778      0.4598
        7779      0.4598
        7779      0.4875
        7781      0.4875
        7781      0.4476
        7785      0.4476
        7785      0.4322
        7786      0.4322
        7786      0.4527
        7790      0.4527
        7790      0.4547
        7792      0.4547
        7792      0.4045
        7793      0.4045
        7793      0.4137
        7797      0.4137
        7797      0.3932
        7799      0.3932
        7799      0.3604
        7802      0.3604
        7802      0.3389
        7804      0.3389
        7804      0.3604
        7806      0.3604
        7806       0.383
        7809       0.383
        7809       0.341
        7811       0.341
        7811       0.302
        7815       0.302
        7815      0.3123
        7816      0.3123
        7816      0.3051
        7818      0.3051
        7818      0.2908
        7822      0.2908
        7822      0.2774
        7823      0.2774
        7823      0.2815
        7827      0.2815
        7827      0.3072
        7829      0.3072
        7829      0.3154
        7831      0.3154
        7831      0.3604
        7834      0.3604
        7834      0.3584
        7836      0.3584
        7836      0.3154
        7838      0.3154
        7838      0.2826
        7841      0.2826
        7841      0.2979
        7843      0.2979
        7843      0.3061
        7846      0.3061
        7846      0.2949
        7848      0.2949
        7848        0.26
        7852        0.26
        7852      0.2436
        7854      0.2436
        7854      0.2488
        7855      0.2488
        7855      0.2795
        7859      0.2795
        7859      0.2867
        7861      0.2867
        7861      0.2887
        7862      0.2887
        7862      0.3164
        7866      0.3164
        7866      0.3277
        7868      0.3277
        7868      0.3133
        7871      0.3133
        7871      0.3297
        7873      0.3297
        7873      0.3266
        7875      0.3266
        7875      0.3051
        7878      0.3051
        7878      0.2703
        7880      0.2703
        7880      0.2713
        7884      0.2713
        7884      0.2662
        7885      0.2662
        7885      0.2334
        7887      0.2334
        7887      0.2283
        7891      0.2283
        7891      0.2436
        7892      0.2436
        7892      0.2621
        7896      0.2621
        7896      0.2928
        7898      0.2928
        7898       0.302
        7899       0.302
        7899      0.3277
        7903      0.3277
        7903      0.3102
        7905      0.3102
        7905      0.3123
        7908      0.3123
        7908      0.2908
        7910      0.2908
        7910      0.3123
        7912      0.3123
        7912       0.383
        7915       0.383
        7915      0.3922
        7917      0.3922
        7917       0.383
        7921       0.383
        7921       0.384
        7922       0.384
        7922      0.3768
        7924      0.3768
        7924      0.4045
        7928      0.4045
        7928      0.4291
        7929      0.4291
        7929      0.4506
        7933      0.4506
        7933      0.4312
        7935      0.4312
        7935      0.3727
        7937      0.3727
        7937      0.3584
        7940      0.3584
        7940      0.3543
        7942      0.3543
        7942      0.3359
        7945      0.3359
        7945      0.3164
        7947      0.3164
        7947      0.3184
        7949      0.3184
        7949      0.3195
        7952      0.3195
        7952       0.341
        7954       0.341
        7954      0.3482
        7958      0.3482
        7958       0.382
        7960       0.382
        7960      0.3666
        7961      0.3666
        7961      0.3932
        7965      0.3932
        7965      0.4394
        7967      0.4394
        7967      0.4424
        7970      0.4424
        7970      0.4271
        7972      0.4271
        7972      0.4301
        7974      0.4301
        7974      0.4312
        7977      0.4312
        7977      0.4301
        7979      0.4301
        7979      0.3697
        7982      0.3697
        7982      0.3533
        7984      0.3533
        7984      0.3246
        7986      0.3246
        7986      0.2498
        7990      0.2498
        7990      0.2651
        7991      0.2651
        7991      0.2928
        7993      0.2928
        7993      0.2764
        7997      0.2764
        7997       0.301
        7998       0.301
        7998      0.3205
        8002      0.3205
        8002      0.3686
        8004      0.3686
        8004      0.3994
        8007      0.3994
        8007      0.4322
        8009      0.4322
        8009      0.4906
        8011      0.4906
        8011      0.4762
        8014      0.4762
        8014      0.4598
        8016      0.4598
        8016      0.4783
        8018      0.4783
        8018      0.4486
        8021      0.4486
        8021      0.4435
        8023      0.4435
        8023      0.4281
        8027      0.4281
        8027      0.4066
        8028      0.4066
        8028      0.3809
        8030      0.3809
        8030      0.3635
        8034      0.3635
        8034      0.3574
        8036      0.3574
        8036      0.3748
        8039      0.3748
        8039      0.3492
        8041      0.3492
        8041      0.3123
        8043      0.3123
        8043      0.2785
        8046      0.2785
        8046      0.2764
        8048      0.2764
        8048      0.2969
        8051      0.2969
        8051      0.2795
        8053      0.2795
        8053      0.2826
        8055      0.2826
        8055      0.2508
        8058      0.2508
        8058      0.2098
        8060      0.2098
        8060      0.1955
        8064      0.1955
        8064      0.2026
        8066      0.2026
        8066      0.2149
        8067      0.2149
        8067      0.1934
        8071      0.1934
        8071      0.2047
        8073      0.2047
        8073      0.2406
        8076      0.2406
        8076      0.2406
        8078      0.2406
        8078      0.2672
        8080      0.2672
        8080       0.302
        8083       0.302
        8083      0.3379
        8085      0.3379
        8085      0.3359
        8089      0.3359
        8089      0.3318
        8090      0.3318
        8090      0.3604
        8092      0.3604
        8092      0.3707
        8096      0.3707
        8096      0.3635
        8097      0.3635
        8097      0.3594
        8101      0.3594
        8101      0.3666
        8103      0.3666
        8103      0.3553
        8104      0.3553
        8104      0.3563
        8108      0.3563
        8108       0.384
        8110       0.384
        8110      0.3891
        8113      0.3891
        8113      0.3768
        8115      0.3768
        8115      0.3953
        8117      0.3953
        8117      0.3973
        8120      0.3973
        8120      0.3891
        8122      0.3891
        8122      0.4014
        8124      0.4014
        8124      0.3748
        8127      0.3748
        8127      0.3594
        8129      0.3594
        8129      0.3379
        8133      0.3379
        8133      0.3092
        8134      0.3092
        8134      0.3072
        8138      0.3072
        8138      0.2498
        8140      0.2498
        8140       0.219
        8142       0.219
        8142      0.2365
        8145      0.2365
        8145      0.2518
        8147      0.2518
        8147      0.2877
        8149      0.2877
        8149      0.2897
        8152      0.2897
        8152      0.2877
        8154      0.2877
        8154      0.3215
        8157      0.3215
        8157      0.3215
        8159      0.3215
        8159      0.3389
        8161      0.3389
        8161      0.3676
        8165      0.3676
        8165      0.3779
        8166      0.3779
        8166      0.3779
        8170      0.3779
        8170      0.3727
        8172      0.3727
        8172      0.3779
        8173      0.3779
        8173      0.3922
        8177      0.3922
        8177      0.3707
        8179      0.3707
        8179      0.3584
        8182      0.3584
        8182      0.3656
        8184      0.3656
        8184      0.3543
        8186      0.3543
        8186      0.3635
        8189      0.3635
        8189      0.3543
        8191      0.3543
        8191      0.3533
        8195      0.3533
        8195      0.3533
        8196      0.3533
        8196      0.3492
        8198      0.3492
        8198      0.3891
        8202      0.3891
        8202      0.4404
        8203      0.4404
        8203      0.4404
        8207      0.4404
        8207      0.4609
        8209      0.4609
        8209       0.424
        8210       0.424
        8210      0.4117
        8214      0.4117
        8214      0.4301
        8216      0.4301
        8216      0.4363
        8219      0.4363
        8219      0.4148
        8221      0.4148
        8221      0.3861
        8223      0.3861
        8223      0.3574
        8226      0.3574
        8226      0.3287
        8228      0.3287
        8228      0.3113
        8232      0.3113
        8232      0.3451
        8233      0.3451
        8233      0.3287
        8235      0.3287
        8235      0.2918
        8239      0.2918
        8239      0.2969
        8240      0.2969
        8240      0.3154
        8242      0.3154
        8242      0.3113
        8246      0.3113
        8246      0.3277
        8248      0.3277
        8248      0.3533
        8251      0.3533
        8251      0.3389
        8253      0.3389
        8253      0.3277
        8256      0.3277
        8256      0.3656
        8258      0.3656
        8258      0.3902
        8260      0.3902
        8260      0.3615
        8263      0.3615
        8263      0.3389
        8265      0.3389
        8265      0.3225
        8267      0.3225
        8267      0.3287
        8271      0.3287
        8271      0.3256
        8272      0.3256
        8272      0.3779
        8276      0.3779
        8276      0.4476
        8278      0.4476
        8278      0.4107
        8279      0.4107
        8279      0.3768
        8283      0.3768
        8283      0.3758
        8285      0.3758
        8285      0.3625
        8288      0.3625
        8288       0.424
        8290       0.424
        8290      0.4322
        8292      0.4322
        8292      0.4096
        8295      0.4096
        8295      0.3584
        8297      0.3584
        8297      0.2959
        8301      0.2959
        8301      0.3184
        8302      0.3184
        8302      0.3697
        8304      0.3697
        8304      0.3994
        8308      0.3994
        8308      0.4363
        8309      0.4363
        8309      0.4424
        8313      0.4424
        8313      0.4455
        8315      0.4455
        8315      0.4834
        8316      0.4834
        8316      0.4998
        8320      0.4998
        8320      0.4967
        8322      0.4967
        8322      0.5049
        8325      0.5049
        8325      0.4793
        8327      0.4793
        8327      0.4578
        8329      0.4578
        8329      0.4721
        8332      0.4721
        8332      0.3809
        8334      0.3809
        8334       0.302
        8338       0.302
        8338      0.3574
        8339      0.3574
        8339      0.3625
        8341      0.3625
        8341       0.342
        8345       0.342
        8345      0.3482
        8347      0.3482
        8347      0.4435
        8350      0.4435
        8350      0.4875
        8352      0.4875
        8352      0.4506
        8354      0.4506
        8354      0.5203
        8357      0.5203
        8357      0.6043
        8359      0.6043
        8359      0.5336
        8362      0.5336
        8362      0.5347
        8364      0.5347
        8364      0.5797
        8366      0.5797
        8366      0.5828
        8369      0.5828
        8369       0.506
        8371       0.506
        8371      0.5008
        8375      0.5008
        8375      0.5787
        8377      0.5787
        8377       0.589
        8378       0.589
        8378      0.5879
        8382      0.5879
        8382      0.5828
        8384      0.5828
        8384      0.4701
        8387      0.4701
        8387      0.4803
        8389      0.4803
        8389      0.4865
        8391      0.4865
        8391      0.4096
        8394      0.4096
        8394      0.2744
        8396      0.2744
        8396      0.1627
        8398      0.1627
        8398      0.1135
        8401      0.1135
        8401     0.04893
        8403     0.04893
        8403      0.0807
        8407      0.0807
        8407      0.1248
        8408      0.1248
        8408     0.04688
        8412     0.04688
        8412     0.01511
        8414     0.01511
        8414      0.1053
        8415      0.1053
        8415      0.2344
        8419      0.2344
        8419      0.2385
        8421      0.2385
        8421      0.2539
        8422      0.2539
        8422      0.2887
        8426      0.2887
        8426      0.2682
        8428      0.2682
        8428      0.3451
        8431      0.3451
        8431      0.4025
        8433      0.4025
        8433      0.4219
        8435      0.4219
        8435      0.4045
        8438      0.4045
        8438      0.3338
        8440      0.3338
        8440      0.3891
        8444      0.3891
        8444      0.4732
        8445      0.4732
        8445      0.4896
        8447      0.4896
        8447       0.508
        8451       0.508
        8451      0.4383
        8453      0.4383
        8453      0.3676
        8456      0.3676
        8456      0.2877
        8458      0.2877
        8458      0.2477
        8460      0.2477
        8460      0.3154
        8463      0.3154
        8463      0.3072
        8465      0.3072
        8465      0.2201
        8468      0.2201
        8468      0.1893
        8470      0.1893
        8470      0.1914
        8472      0.1914
        8472      0.2672
        8476      0.2672
        8476      0.3246
        8477      0.3246
        8477      0.4107
        8481      0.4107
        8481      0.4342
        8483      0.4342
        8483      0.4148
        8484      0.4148
        8484      0.4291
        8488      0.4291
        8488      0.4516
        8490      0.4516
        8490      0.5039
        8493      0.5039
        8493      0.5142
        8495      0.5142
        8495      0.5142
        8497      0.5142
        8497      0.5541
        8500      0.5541
        8500      0.5357
        8502      0.5357
        8502      0.5388
        8506      0.5388
        8506      0.5336
        8507      0.5336
        8507      0.5244
        8509      0.5244
        8509       0.509
        8513       0.509
        8513      0.4383
        8514      0.4383
        8514      0.4004
        8518      0.4004
        8518      0.4137
        8520      0.4137
        8520       0.343
        8521       0.343
        8521      0.3461
        8525      0.3461
        8525      0.3656
        8527      0.3656
        8527      0.3656
        8530      0.3656
        8530      0.3482
        8532      0.3482
        8532      0.3615
        8534      0.3615
        8534      0.3963
        8537      0.3963
        8537      0.3758
        8539      0.3758
        8539      0.3051
        8543      0.3051
        8543      0.3523
        8544      0.3523
        8544      0.3563
        8546      0.3563
        8546      0.3359
        8550      0.3359
        8550      0.3512
        8551      0.3512
        8551      0.3482
        8553      0.3482
        8553      0.3246
        8557      0.3246
        8557      0.3225
        8559      0.3225
        8559      0.3307
        8562      0.3307
        8562      0.3441
        8564      0.3441
        8564      0.3195
        8566      0.3195
        8566      0.3318
        8569      0.3318
        8569      0.3625
        8571      0.3625
        8571      0.3338
        8574      0.3338
        8574      0.3471
        8576      0.3471
        8576      0.3635
        8578      0.3635
        8578      0.3789
        8582      0.3789
        8582      0.4209
        8583      0.4209
        8583      0.4414
        8587      0.4414
        8587       0.424
        8589       0.424
        8589      0.3594
        8590      0.3594
        8590      0.3133
        8594      0.3133
        8594      0.2928
        8596      0.2928
        8596      0.2713
        8599      0.2713
        8599      0.3225
        8601      0.3225
        8601       0.341
        8603       0.341
        8603      0.3236
        8606      0.3236
        8606      0.3451
        8608      0.3451
        8608      0.4455
        8612      0.4455
        8612      0.4906
        8613      0.4906
        8613      0.4824
        8615      0.4824
        8615      0.4834
        8619      0.4834
        8619      0.5439
        8620      0.5439
        8620      0.4701
        8624      0.4701
        8624      0.3563
        8626      0.3563
        8626      0.3113
        8627      0.3113
        8627       0.261
        8631       0.261
        8631      0.1627
        8633      0.1627
        8633      0.2119
        8636      0.2119
        8636      0.2908
        8638      0.2908
        8638      0.3492
        8640      0.3492
        8640      0.3113
        8643      0.3113
        8643      0.2733
        8645      0.2733
        8645      0.4394
        8649      0.4394
        8649      0.5531
        8650      0.5531
        8650      0.5849
        8652      0.5849
        8652        0.55
        8656        0.55
        8656      0.4742
        8658      0.4742
        8658      0.4414
        8661      0.4414
        8661      0.4742
        8663      0.4742
        8663      0.5429
        8665      0.5429
        8665      0.6525
        8668      0.6525
        8668      0.5982
        8670      0.5982
        8670      0.5541
        8673      0.5541
        8673       0.549
        8675       0.549
        8675      0.6074
        8677      0.6074
        8677       0.675
        8680       0.675
        8680      0.6935
        8682      0.6935
        8682      0.6853
        8684      0.6853
        8684      0.6843
        8688      0.6843
        8688      0.6207
        8689      0.6207
        8689      0.5808
        8693      0.5808
        8693      0.5777
        8695      0.5777
        8695      0.5756
        8698      0.5756
        8698      0.5695
        8700      0.5695
        8700      0.5572
        8702      0.5572
        8702      0.5213
        8705      0.5213
        8705      0.5101
        8707      0.5101
        8707      0.4588
        8709      0.4588
        8709      0.5019
        8712      0.5019
        8712      0.5203
        8714      0.5203
        8714      0.4865
        8718      0.4865
        8718      0.5613
        8719      0.5613
        8719      0.5808
        8721      0.5808
        8721      0.5633
        8725      0.5633
        8725      0.5869
        8726      0.5869
        8726      0.5285
        8730      0.5285
        8730      0.5172
        8732      0.5172
        8732      0.4701
        8734      0.4701
        8734      0.4793
        8737      0.4793
        8737       0.507
        8739       0.507
        8739       0.466
        8742       0.466
        8742      0.4332
        8744      0.4332
        8744      0.4291
        8746      0.4291
        8746      0.3953
        8749      0.3953
        8749      0.3891
        8751      0.3891
        8751      0.3902
        8755      0.3902
        8755      0.5592
        8756      0.5592
        8756      0.6289
        8758      0.6289
        8758      0.6043
        8762      0.6043
        8762      0.5695
        8764      0.5695
        8764      0.5254
        8767      0.5254
        8767      0.5469
        8769      0.5469
        8769      0.5746
        8771      0.5746
        8771      0.6904
        8774      0.6904
        8774      0.7181
        8776      0.7181
        8776      0.5439
        8779      0.5439
        8779      0.4096
        8781      0.4096
        8781      0.4045
        8783      0.4045
        8783      0.3912
        8787      0.3912
        8787       0.467
        8788       0.467
        8788      0.4383
        8792      0.4383
        8792      0.4424
        8794      0.4424
        8794      0.3563
        8795      0.3563
        8795      0.2918
        8799      0.2918
        8799      0.2795
        8801      0.2795
        8801      0.3143
        8804      0.3143
        8804      0.3451
        8806      0.3451
        8806      0.3502
        8808      0.3502
        8808      0.3154
        8811      0.3154
        8811      0.4209
        8813      0.4209
        8813      0.4301
        8817      0.4301
        8817      0.4537
        8818      0.4537
        8818      0.5234
        8820      0.5234
        8820      0.5398
        8824      0.5398
        8824      0.5849
        8825      0.5849
        8825      0.5347
        8829      0.5347
        8829       0.589
        8831       0.589
        8831      0.6494
        8832      0.6494
        8832      0.5808
        8836      0.5808
        8836      0.5306
        8838      0.5306
        8838      0.4701
        8840      0.4701
        8840       0.385
        8843       0.385
        8843      0.4055
        8845      0.4055
        8845      0.3932
        8848      0.3932
        8848      0.4957
        8850      0.4957
        8850      0.4916
        8854      0.4916
        8854      0.4045
        8855      0.4045
        8855      0.3656
        8857      0.3656
        8857      0.3768
        8861      0.3768
        8861      0.3902
        8862      0.3902
        8862      0.4373
        8864      0.4373
        8864      0.4004
        8868      0.4004
        8868      0.4342
        8870      0.4342
        8870      0.4516
        8873      0.4516
        8873      0.4824
        8875      0.4824
        8875      0.4342
        8877      0.4342
        8877      0.3891
        8880      0.3891
        8880      0.4004
        8882      0.4004
        8882      0.4629
        8885      0.4629
        8885      0.4896
        8887      0.4896
        8887      0.5726
        8889      0.5726
        8889       0.549
        8893       0.549
        8893      0.4394
        8894      0.4394
        8894      0.4086
        8898      0.4086
        8898      0.5654
        8900      0.5654
        8900      0.7283
        8901      0.7283
        8901      0.7591
        8905      0.7591
        8907      0.7242
        8907      0.6412
        8910      0.6412
        8910      0.5705
        8912      0.5705
        8912      0.6371
        8914      0.6371
        8914      0.6812
        8917      0.6812
        8917      0.6474
        8919      0.6474
        8919      0.6064
        8923      0.6064
        8923      0.5152
        8924      0.5152
        8924      0.4814
        8926      0.4814
        8926      0.5756
        8930      0.5756
        8930       0.675
        8931       0.675
        8931      0.7314
        8935      0.7314
        8935       0.713
        8937       0.713
        8937      0.7591
        8938      0.7591
        8938      0.7591
        8942      0.7591
        8944       0.715
        8944      0.6576
        8947      0.6576
        8947      0.6433
        8949      0.6433
        8949      0.5674
        8951      0.5674
        8951      0.5244
        8954      0.5244
        8954      0.4598
        8956      0.4598
        8956      0.3809
        8960      0.3809
        8960      0.3318
        8961      0.3318
        8961      0.2887
        8963      0.2887
        8963      0.3717
        8967      0.3717
        8967      0.4342
        8969      0.4342
        8969      0.4865
        8972      0.4865
        8972      0.4978
        8974      0.4978
        8974      0.5367
        8976      0.5367
        8976      0.6136
        8979      0.6136
        8979      0.5705
        8981      0.5705
        8981      0.5439
        8984      0.5439
        8984      0.5551
        8986      0.5551
        8986      0.5439
        8988      0.5439
        8988      0.5429
        8991      0.5429
        8991      0.4445
        8993      0.4445
        8993      0.4209
        8995      0.4209
        8995      0.4404
        8999      0.4404
        8999      0.4107
        9000      0.4107
        9000      0.4598
        9004      0.4598
        9004       0.467
        9006       0.467
        9006      0.4025
        9007      0.4025
        9007      0.3635
        9011      0.3635
        9011      0.3482
        9013      0.3482
        9013      0.3604
        9016      0.3604
        9016      0.3666
        9018      0.3666
        9018      0.3553
        9020      0.3553
        9020      0.3932
        9023      0.3932
        9023      0.3953
        9025      0.3953
        9025      0.3943
        9029      0.3943
        9029      0.4547
        9030      0.4547
        9030       0.506
        9032       0.506
        9032       0.507
        9036       0.507
        9036      0.5408
        9037      0.5408
        9037      0.5449
        9041      0.5449
        9041      0.5695
        9043      0.5695
        9043       0.549
        9045       0.549
        9045      0.5193
        9048      0.5193
        9048      0.5357
        9050      0.5357
        9050      0.5388
        9053      0.5388
        9053      0.5203
        9055      0.5203
        9055      0.5429
        9057      0.5429
        9057      0.5818
        9060      0.5818
        9060      0.6002
        9062      0.6002
        9062      0.5254
        9066      0.5254
        9066       0.509
        9067       0.509
        9067      0.5142
        9069      0.5142
        9069      0.4896
        9073      0.4896
        9073      0.4506
        9075      0.4506
        9075      0.4916
        9078      0.4916
        9078      0.4373
        9080      0.4373
        9080      0.3512
        9082      0.3512
        9082      0.3523
        9085      0.3523
        9085      0.3512
        9087      0.3512
        9087      0.3184
        9090      0.3184
        9090      0.3441
        9092      0.3441
        9092      0.3389
        9094      0.3389
        9094      0.3246
        9098      0.3246
        9098       0.299
        9099       0.299
        9099       0.299
        9103       0.299
        9103      0.3338
        9105      0.3338
        9105       0.342
        9106       0.342
        9106      0.3318
        9110      0.3318
        9110      0.3482
        9112      0.3482
        9112      0.3215
        9115      0.3215
        9115         0.3
        9117         0.3
        9117      0.3164
        9119      0.3164
        9119      0.3061
        9122      0.3061
        9122      0.3195
        9124      0.3195
        9124      0.3082
        9126      0.3082
        9126      0.3338
        9129      0.3338
        9129      0.3635
        9131      0.3635
        9131      0.3492
        9135      0.3492
        9135      0.3574
        9136      0.3574
        9136      0.3902
        9140      0.3902
        9140      0.3932
        9142      0.3932
        9142      0.3604
        9143      0.3604
        9143      0.3471
        9147      0.3471
        9147      0.3758
        9149      0.3758
        9149      0.3543
        9151      0.3543
        9151      0.3215
        9154      0.3215
        9154      0.3287
        9156      0.3287
        9156       0.341
        9159       0.341
        9159      0.3461
        9161      0.3461
        9161       0.384
        9163       0.384
        9163      0.4117
        9166      0.4117
        9166      0.4445
        9168      0.4445
        9168      0.4619
        9172      0.4619
        9172      0.4773
        9174      0.4773
        9174      0.5213
        9175      0.5213
        9175      0.5213
        9179      0.5213
        9179       0.548
        9181       0.548
        9181      0.5777
        9184      0.5777
        9184      0.5029
        9186      0.5029
        9186      0.4783
        9188      0.4783
        9188      0.4742
        9191      0.4742
        9191      0.4301
        9193      0.4301
        9193      0.3666
        9196      0.3666
        9196      0.3328
        9198      0.3328
        9198         0.3
        9200         0.3
