# Subject: Re: 53w091 spectrum
# Date: Mon, 5 Mar 2001 15:53:38 +0000 (GMT)
# From: James Dunlop <jsd@roe.ac.uk>
# To: Karl Glazebrook <kgb@pha.jhu.edu>
# 
# Karl - sorry - came across this during an email tidy
# 
# File below is a model spectrum - first column angstroms, second column
# f_lambda.
# 
# This is one of Rauls solar metallicity models at 4 Gyr, and is a good fit
# to 53W069, which is slightly redder than 53W091. Basically this is the
# oldest things appear to be at z = 1.5.
# 
# Hope this is of some use
# 
# Jim
# 
      90.9000      0.00000
      93.5000      0.00000
      96.1000      0.00000
      97.7000      0.00000
      99.6000      0.00000
      102.000      0.00000
      103.800      0.00000
      105.600      0.00000
      107.700      0.00000
      110.400      0.00000
      114.000      0.00000
      117.800      0.00000
      121.300      0.00000
      124.800      0.00000
      127.100      0.00000
      128.400      0.00000
      130.500      0.00000
      132.400      0.00000
      133.900      0.00000
      136.600      0.00000
      139.800      0.00000
      143.300      0.00000
      147.200      0.00000
      151.000      0.00000
      155.200      0.00000
      158.800      0.00000
      162.000      0.00000
      166.000      0.00000
      170.300      0.00000
      173.400      0.00000
      176.800      0.00000
      180.200      0.00000
      181.700      0.00000
      186.100      0.00000
      191.000      0.00000
      193.900      0.00000
      198.400      0.00000
      201.800      0.00000
      205.000      0.00000
      210.500      0.00000
      216.200      0.00000
      219.800      0.00000
      223.000      0.00000
      226.800      0.00000
      230.000      0.00000
      234.000      0.00000
      240.000      0.00000
      246.500      0.00000
      252.400      0.00000
      256.800      0.00000
      260.000      0.00000
      264.000      0.00000
      268.500      0.00000
      273.500      0.00000
      278.500      0.00000
      284.000      0.00000
      290.000      0.00000
      296.000      0.00000
      301.000      0.00000
      308.000      0.00000
      318.000      0.00000
      328.000      0.00000
      338.000      0.00000
      348.000      0.00000
      357.000      0.00000
      366.000      0.00000
      375.000      0.00000
      385.000      0.00000
      395.000      0.00000
      405.000      0.00000
      414.000      0.00000
      422.000      0.00000
      430.000      0.00000
      441.000      0.00000
      451.000      0.00000
      460.000      0.00000
      470.000      0.00000
      480.000      0.00000
      490.000      0.00000
      500.000      0.00000
      506.000  1.09704e-26
      512.000  2.21656e-26
      520.000  4.82741e-26
      530.000  1.23185e-25
      540.000  2.99082e-25
      550.000  7.05977e-25
      560.000  1.60693e-24
      570.000  3.54307e-24
      580.000  7.53908e-24
      590.000  1.57708e-23
      600.000  3.19626e-23
      610.000  6.30858e-23
      620.000  1.21563e-22
      630.000  2.29064e-22
      640.000  4.21866e-22
      650.000  7.61193e-22
      658.000  1.20358e-21
      665.000  1.77662e-21
      675.000  3.05638e-21
      685.000  5.17049e-21
      695.000  8.59743e-21
      705.000  1.39931e-20
      716.000  2.37190e-20
      726.000  3.75606e-20
      735.000  5.61015e-20
      745.000  8.65528e-20
      755.000  1.31903e-19
      765.000  1.98472e-19
      775.000  2.94677e-19
      785.000  4.33378e-19
      795.000  6.23379e-19
      805.000  9.01731e-19
      815.000  1.28761e-18
      825.000  1.81683e-18
      835.000  2.53562e-18
      845.000  3.50935e-18
      855.000  4.81825e-18
      865.000  6.54907e-18
      875.000  8.80929e-18
      885.000  1.18290e-17
      895.000  1.57100e-17
      905.000  2.06829e-17
      915.000  2.21715e-14
      925.000  7.30450e-14
      935.000  9.81905e-14
      945.000  1.31056e-13
      955.000  1.82505e-13
      965.000  2.41704e-13
      975.000  3.14481e-13
      985.000  4.11564e-13
      995.000  5.29197e-13
      1005.00  7.04577e-13
      1015.00  9.05124e-13
      1025.00  1.10060e-12
      1035.00  1.46605e-12
      1045.00  1.85707e-12
      1055.00  2.33702e-12
      1065.00  2.90632e-12
      1075.00  3.63931e-12
      1085.00  4.51970e-12
      1095.00  5.55349e-12
      1105.00  2.31481e-11
      1115.00  4.35707e-11
      1125.00  6.13207e-11
      1135.00  8.17484e-11
      1145.00  1.03193e-10
      1155.00  1.11993e-10
      1165.00  1.48842e-10
      1175.00  1.78227e-10
      1185.00  1.81523e-10
      1195.00  1.22154e-10
      1205.00  1.27493e-10
      1215.00  4.98879e-11
      1225.00  1.61678e-10
      1235.00  3.41506e-10
      1245.00  7.76058e-10
      1255.00  1.17482e-09
      1265.00  1.20634e-09
      1275.00  1.72650e-09
      1285.00  2.32126e-09
      1295.00  2.78258e-09
      1305.00  2.67708e-09
      1315.00  3.76803e-09
      1325.00  4.35138e-09
      1335.00  4.90210e-09
      1345.00  5.92978e-09
      1355.00  6.32007e-09
      1365.00  7.15684e-09
      1375.00  7.68539e-09
      1385.00  8.12113e-09
      1395.00  9.29586e-09
      1405.00  1.04991e-08
      1415.00  1.13522e-08
      1425.00  1.25253e-08
      1435.00  1.33638e-08
      1442.00  1.60659e-08
      1447.00  1.62088e-08
      1455.00  1.82124e-08
      1465.00  1.92799e-08
      1475.00  2.12288e-08
      1485.00  2.34787e-08
      1495.00  2.76767e-08
      1505.00  3.13355e-08
      1512.00  3.03330e-08
      1517.00  3.21530e-08
      1525.00  5.01240e-08
      1535.00  6.23315e-08
      1545.00  6.92149e-08
      1555.00  8.03378e-08
      1565.00  7.67492e-08
      1575.00  1.16983e-07
      1585.00  1.39050e-07
      1595.00  1.65707e-07
      1605.00  1.62379e-07
      1615.00  1.68861e-07
      1625.00  1.57062e-07
      1635.00  1.95452e-07
      1645.00  2.64069e-07
      1655.00  1.67713e-07
      1665.00  2.88020e-07
      1672.00  1.91421e-07
      1677.00  2.34835e-06
      1685.00  2.36953e-06
      1695.00  1.66800e-06
      1705.00  2.16420e-06
      1715.00  3.68227e-06
      1725.00  4.22040e-06
      1735.00  5.41417e-06
      1745.00  4.98389e-06
      1755.00  6.78809e-06
      1765.00  4.62882e-06
      1775.00  6.34759e-06
      1785.00  6.68302e-06
      1795.00  9.81801e-06
      1805.00  7.96077e-06
      1815.00  8.39475e-06
      1825.00  8.10174e-06
      1835.00  7.44039e-06
      1845.00  5.37546e-06
      1855.00  8.08889e-06
      1865.00  1.09549e-05
      1875.00  9.88036e-06
      1885.00  1.03725e-05
      1895.00  1.23453e-05
      1905.00  1.15287e-05
      1915.00  1.26715e-05
      1925.00  1.05343e-05
      1935.00  5.07956e-06
      1945.00  1.38515e-05
      1955.00  1.46497e-05
      1967.00  1.76566e-05
      1976.00  1.58064e-05
      1984.00  1.73979e-05
      1995.00  1.76633e-05
      2005.00  1.55657e-05
      2015.00  1.62101e-05
      2025.00  1.32423e-05
      2035.00  1.80131e-05
      2045.00  2.03158e-05
      2055.00  1.93319e-05
      2065.00  1.78933e-05
      2074.00  2.17254e-05
      2078.00  3.10109e-05
      2085.00  3.36155e-05
      2095.00  3.09684e-05
      2105.00  2.77257e-05
      2115.00  3.04946e-05
      2125.00  2.80443e-05
      2135.00  2.43474e-05
      2145.00  3.12902e-05
      2155.00  3.12316e-05
      2165.00  2.72088e-05
      2175.00  2.77512e-05
      2185.00  3.30381e-05
      2195.00  3.43402e-05
      2205.00  3.23233e-05
      2215.00  2.55735e-05
      2225.00  2.75815e-05
      2235.00  3.61884e-05
      2245.00  3.36133e-05
      2255.00  2.62777e-05
      2265.00  2.57045e-05
      2275.00  2.84277e-05
      2285.00  3.55212e-05
      2295.00  2.96988e-05
      2305.00  3.50355e-05
      2315.00  3.10326e-05
      2325.00  2.27546e-05
      2335.00  2.14810e-05
      2345.00  1.40889e-05
      2355.00  2.81032e-05
      2365.00  1.57169e-05
      2375.00  2.16782e-05
      2385.00  1.15870e-05
      2395.00  1.55211e-05
      2405.00  1.55750e-05
      2415.00  1.81196e-05
      2425.00  3.05448e-05
      2435.00  2.98182e-05
      2445.00  3.53476e-05
      2455.00  3.68676e-05
      2465.00  3.40128e-05
      2475.00  2.96120e-05
      2485.00  2.27871e-05
      2495.00  2.39653e-05
      2505.00  3.70426e-05
      2513.00  1.67184e-05
      2518.00  1.19886e-05
      2525.00  1.39895e-05
      2535.00  2.04693e-05
      2545.00  2.21651e-05
      2555.00  3.48669e-05
      2565.00  2.77931e-05
      2575.00  3.46822e-05
      2585.00  3.22434e-05
      2595.00  2.95181e-05
      2605.00  2.60192e-05
      2615.00  2.26670e-05
      2625.00  3.24356e-05
      2635.00  4.65913e-05
      2645.00  6.21171e-05
      2655.00  7.68703e-05
      2665.00  5.28179e-05
      2675.00  6.10066e-05
      2685.00  6.64348e-05
      2695.00  5.20652e-05
      2705.00  6.11306e-05
      2715.00  4.77263e-05
      2725.00  4.43377e-05
      2735.00  5.22675e-05
      2745.00  2.92228e-05
      2755.00  3.78421e-05
      2765.00  4.69340e-05
      2775.00  5.11618e-05
      2785.00  3.15054e-05
      2795.00  1.22925e-05
      2805.00  1.56521e-05
      2815.00  4.67826e-05
      2825.00  6.66371e-05
      2835.00  6.46904e-05
      2845.00  5.51597e-05
      2855.00  3.69783e-05
      2865.00  6.85179e-05
      2875.00  7.83084e-05
      2885.00  7.18111e-05
      2895.00  7.84726e-05
      2910.00  0.000100377
      2930.00  8.94691e-05
      2950.00  8.58856e-05
      2970.00  9.15003e-05
      2990.00  9.28331e-05
      3010.00  9.66265e-05
      3030.00  9.76405e-05
      3050.00  0.000101116
      3070.00  0.000105698
      3090.00  0.000105205
      3110.00  0.000110477
      3130.00  0.000107450
      3150.00  0.000106212
      3170.00  0.000111066
      3190.00  9.93262e-05
      3210.00  0.000109078
      3230.00  9.50758e-05
      3250.00  0.000117214
      3270.00  0.000131770
      3290.00  0.000129176
      3310.00  0.000127941
      3330.00  0.000128569
      3350.00  0.000126437
      3370.00  0.000108210
      3390.00  0.000116683
      3410.00  0.000116784
      3430.00  0.000119307
      3450.00  0.000123153
      3470.00  0.000124894
      3490.00  0.000133608
      3510.00  0.000139572
      3530.00  0.000130864
      3550.00  0.000147719
      3570.00  0.000117764
      3590.00  0.000114918
      3610.00  0.000128613
      3630.00  0.000132097
      3640.00  0.000135650
      3650.00  0.000151613
      3670.00  0.000155048
      3690.00  0.000139940
      3710.00  0.000145417
      3730.00  0.000119403
      3750.00  0.000134351
      3770.00  0.000157415
      3790.00  0.000169053
      3810.00  0.000174339
      3830.00  0.000121424
      3850.00  0.000166423
      3870.00  0.000169971
      3890.00  0.000155950
      3910.00  0.000190583
      3930.00  0.000107031
      3950.00  0.000166796
      3970.00  0.000115533
      3990.00  0.000218307
      4010.00  0.000239515
      4030.00  0.000240263
      4050.00  0.000232371
      4070.00  0.000222395
      4090.00  0.000245690
      4110.00  0.000221122
      4130.00  0.000241012
      4150.00  0.000243094
      4170.00  0.000244817
      4190.00  0.000240658
      4210.00  0.000240730
      4230.00  0.000226074
      4250.00  0.000240481
      4270.00  0.000229696
      4290.00  0.000221381
      4310.00  0.000198231
      4330.00  0.000243483
      4350.00  0.000236553
      4370.00  0.000272336
      4390.00  0.000248969
      4410.00  0.000255772
      4430.00  0.000270812
      4450.00  0.000271996
      4470.00  0.000286827
      4490.00  0.000290773
      4510.00  0.000325477
      4530.00  0.000287506
      4550.00  0.000298553
      4570.00  0.000321099
      4590.00  0.000305646
      4610.00  0.000312427
      4630.00  0.000306350
      4650.00  0.000309504
      4670.00  0.000322463
      4690.00  0.000315414
      4710.00  0.000304235
      4730.00  0.000316199
      4750.00  0.000322582
      4770.00  0.000321410
      4790.00  0.000320032
      4810.00  0.000321149
      4830.00  0.000327720
      4850.00  0.000304150
      4870.00  0.000270170
      4890.00  0.000314180
      4910.00  0.000316302
      4930.00  0.000307805
      4950.00  0.000321298
      4970.00  0.000318990
      4990.00  0.000295825
      5010.00  0.000281273
      5030.00  0.000298713
      5050.00  0.000296211
      5070.00  0.000307522
      5090.00  0.000290372
      5110.00  0.000297097
      5130.00  0.000285219
      5150.00  0.000276377
      5170.00  0.000256264
      5190.00  0.000264525
      5210.00  0.000281799
      5230.00  0.000305061
      5250.00  0.000318297
      5270.00  0.000279438
      5290.00  0.000320407
      5310.00  0.000338662
      5330.00  0.000298567
      5350.00  0.000327066
      5370.00  0.000324506
      5390.00  0.000315485
      5410.00  0.000310720
      5430.00  0.000315271
      5450.00  0.000325718
      5470.00  0.000319408
      5490.00  0.000322197
      5510.00  0.000318126
      5530.00  0.000327680
      5550.00  0.000332291
      5570.00  0.000325494
      5590.00  0.000317970
      5610.00  0.000330843
      5630.00  0.000327218
      5650.00  0.000331805
      5670.00  0.000323543
      5690.00  0.000332987
      5710.00  0.000320363
      5730.00  0.000346295
      5750.00  0.000332109
      5770.00  0.000337378
      5790.00  0.000322938
      5810.00  0.000337819
      5830.00  0.000348319
      5850.00  0.000336424
      5870.00  0.000337856
      5890.00  0.000306377
      5910.00  0.000333404
      5930.00  0.000334604
      5950.00  0.000334031
      5970.00  0.000340172
      5990.00  0.000331985
      6010.00  0.000326739
      6030.00  0.000335350
      6050.00  0.000340862
      6070.00  0.000339639
      6090.00  0.000326188
      6110.00  0.000326834
      6130.00  0.000308497
      6150.00  0.000318724
      6170.00  0.000305350
      6190.00  0.000324525
      6210.00  0.000320497
      6230.00  0.000310523
      6250.00  0.000298781
      6270.00  0.000313008
      6290.00  0.000319893
      6310.00  0.000309806
      6330.00  0.000314894
      6350.00  0.000314418
      6370.00  0.000312082
      6390.00  0.000317464
      6410.00  0.000311152
      6430.00  0.000313249
      6450.00  0.000311988
      6470.00  0.000311019
      6490.00  0.000302152
      6510.00  0.000312302
      6530.00  0.000310623
      6550.00  0.000299284
      6570.00  0.000278555
      6590.00  0.000307112
      6610.00  0.000311766
      6630.00  0.000310177
      6650.00  0.000310472
      6670.00  0.000303372
      6690.00  0.000309642
      6710.00  0.000296957
      6730.00  0.000307172
      6750.00  0.000300631
      6770.00  0.000302423
      6790.00  0.000298100
      6810.00  0.000299505
      6830.00  0.000302395
      6850.00  0.000294081
      6870.00  0.000298393
      6890.00  0.000303054
      6910.00  0.000300405
      6930.00  0.000296199
      6950.00  0.000292934
      6970.00  0.000296625
      6990.00  0.000292566
      7010.00  0.000286468
      7030.00  0.000292319
      7050.00  0.000296424
      7070.00  0.000288974
      7090.00  0.000281862
      7110.00  0.000274032
      7130.00  0.000268324
      7150.00  0.000268893
      7170.00  0.000272943
      7190.00  0.000265843
      7210.00  0.000272131
      7230.00  0.000278082
      7250.00  0.000278171
      7270.00  0.000277446
      7290.00  0.000271555
      7310.00  0.000276168
      7330.00  0.000276067
      7350.00  0.000275923
      7370.00  0.000281970
      7390.00  0.000275611
      7410.00  0.000272275
      7430.00  0.000276729
      7450.00  0.000277363
      7470.00  0.000277749
      7490.00  0.000275455
      7510.00  0.000279069
      7530.00  0.000281552
      7550.00  0.000282497
      7570.00  0.000279957
      7590.00  0.000277278
      7610.00  0.000276777
      7630.00  0.000276669
      7650.00  0.000275944
      7670.00  0.000265081
      7690.00  0.000272927
      7710.00  0.000267057
      7730.00  0.000267433
      7750.00  0.000265118
      7770.00  0.000269600
      7790.00  0.000270718
      7810.00  0.000269519
      7830.00  0.000266119
      7850.00  0.000262155
      7870.00  0.000266000
      7890.00  0.000257752
      7910.00  0.000252215
      7930.00  0.000252458
      7950.00  0.000248069
      7970.00  0.000257674
      7990.00  0.000257499
      8010.00  0.000256638
      8030.00  0.000256097
      8050.00  0.000254304
      8070.00  0.000252605
      8090.00  0.000246751
      8110.00  0.000246803
      8130.00  0.000250750
      8150.00  0.000250264
      8170.00  0.000251056
      8190.00  0.000244460
      8210.00  0.000244588
      8230.00  0.000248027
      8250.00  0.000248162
      8270.00  0.000252090
      8290.00  0.000249465
      8310.00  0.000239772
      8330.00  0.000240101
      8350.00  0.000240189
      8370.00  0.000242541
      8390.00  0.000234240
      8410.00  0.000242953
      8430.00  0.000233808
      8450.00  0.000234934
      8470.00  0.000235526
      8490.00  0.000237003
      8510.00  0.000225476
      8530.00  0.000236920
      8550.00  0.000221377
      8570.00  0.000239124
      8590.00  0.000234287
      8610.00  0.000234868
      8630.00  0.000238225
      8650.00  0.000239597
      8670.00  0.000218965
      8690.00  0.000228486
      8710.00  0.000235488
      8730.00  0.000235866
      8750.00  0.000231326
      8770.00  0.000235887
      8790.00  0.000235316
      8810.00  0.000228100
      8830.00  0.000232046
      8850.00  0.000234414
      8870.00  0.000227388
      8890.00  0.000234510
      8910.00  0.000237160
      8930.00  0.000230052
      8950.00  0.000229839
      8970.00  0.000230496
      8990.00  0.000230666
      9010.00  0.000219823
      9030.00  0.000227487
      9050.00  0.000234274
      9070.00  0.000231816
      9090.00  0.000222700
      9110.00  0.000225186
      9130.00  0.000230376
      9150.00  0.000228227
      9170.00  0.000227684
      9190.00  0.000230672
      9210.00  0.000222964
      9230.00  0.000220284
      9250.00  0.000220765
      9270.00  0.000222274
      9290.00  0.000221536
      9310.00  0.000224363
      9330.00  0.000222548
      9350.00  0.000221833
      9370.00  0.000217496
      9390.00  0.000220720
      9410.00  0.000213323
      9430.00  0.000220175
      9450.00  0.000214478
      9470.00  0.000219366
      9490.00  0.000219604
      9510.00  0.000217151
      9530.00  0.000216425
      9550.00  0.000207205
      9570.00  0.000211346
      9590.00  0.000216775
      9610.00  0.000212906
      9630.00  0.000212844
      9650.00  0.000208238
      9670.00  0.000207551
      9690.00  0.000211814
      9710.00  0.000209597
      9730.00  0.000207845
      9750.00  0.000206402
      9770.00  0.000207218
      9790.00  0.000203295
      9810.00  0.000209521
      9830.00  0.000206698
      9850.00  0.000208853
      9870.00  0.000206869
      9890.00  0.000206409
      9910.00  0.000205518
      9930.00  0.000205768
      9950.00  0.000205365
      9970.00  0.000205607
      9990.00  0.000204347
      10025.0  0.000201314
      10075.0  0.000197448
      10125.0  0.000199766
      10175.0  0.000196887
      10225.0  0.000196949
      10275.0  0.000196852
      10325.0  0.000192707
      10375.0  0.000190970
      10425.0  0.000191642
      10475.0  0.000189377
      10525.0  0.000189516
      10575.0  0.000186714
      10625.0  0.000185839
      10675.0  0.000181499
      10725.0  0.000181711
      10775.0  0.000179835
      10825.0  0.000176990
      10875.0  0.000176810
      10925.0  0.000176068
      10975.0  0.000174617
      11025.0  0.000175866
      11075.0  0.000175207
      11125.0  0.000173829
      11175.0  0.000171738
      11225.0  0.000171607
      11275.0  0.000168307
      11325.0  0.000167733
      11375.0  0.000166205
      11425.0  0.000164142
      11475.0  0.000166408
      11525.0  0.000165665
      11575.0  0.000163014
      11625.0  0.000160506
      11675.0  0.000160354
      11725.0  0.000161788
      11775.0  0.000158301
      11825.0  0.000157185
      11875.0  0.000154704
      11925.0  0.000157677
      11975.0  0.000151421
      12025.0  0.000154653
      12075.0  0.000152668
      12125.0  0.000152827
      12175.0  0.000153196
      12225.0  0.000151900
      12275.0  0.000150702
      12325.0  0.000149437
      12375.0  0.000149142
      12425.0  0.000147756
      12475.0  0.000147598
      12525.0  0.000145528
      12575.0  0.000145231
      12625.0  0.000144421
      12675.0  0.000142737
      12725.0  0.000142813
      12775.0  0.000142824
      12825.0  0.000135790
      12875.0  0.000139512
      12925.0  0.000137482
      12975.0  0.000139417
      13025.0  0.000137102
      13075.0  0.000138089
      13125.0  0.000134962
      13175.0  0.000134817
      13225.0  0.000135196
      13275.0  0.000132602
      13325.0  0.000133820
      13375.0  0.000132219
      13425.0  0.000133219
      13475.0  0.000132200
      13525.0  0.000131730
      13575.0  0.000129278
      13625.0  0.000128628
      13675.0  0.000129104
      13725.0  0.000129313
      13775.0  0.000128288
      13825.0  0.000128408
      13875.0  0.000126810
      13925.0  0.000127461
      13975.0  0.000127337
      14025.0  0.000124896
      14075.0  0.000126126
      14125.0  0.000124132
      14175.0  0.000125396
      14225.0  0.000123037
      14275.0  0.000120458
      14325.0  0.000123111
      14375.0  0.000123294
      14425.0  0.000119083
      14475.0  0.000121822
      14525.0  0.000119830
      14570.0  0.000120524
      14620.0  0.000120347
      14675.0  0.000120095
      14725.0  0.000117543
      14775.0  0.000118174
      14825.0  0.000117920
      14875.0  0.000116180
      14925.0  0.000118984
      14975.0  0.000116857
      15025.0  0.000115031
      15075.0  0.000114133
      15125.0  0.000116124
      15175.0  0.000116048
      15225.0  0.000115482
      15275.0  0.000116148
      15325.0  0.000114905
      15375.0  0.000115778
      15425.0  0.000115306
      15475.0  0.000114849
      15525.0  0.000112749
      15575.0  0.000108393
      15625.0  0.000111020
      15675.0  0.000109423
      15725.0  0.000111822
      15775.0  0.000102994
      15825.0  0.000105666
      15875.0  0.000103921
      15925.0  0.000106707
      15975.0  0.000104173
      16050.0  0.000109414
      16150.0  0.000108238
      16250.0  0.000107935
      16350.0  0.000106864
      16450.0  0.000104353
      16550.0  0.000103725
      16650.0  0.000102097
      16750.0  9.93129e-05
      16850.0  9.68110e-05
      16950.0  9.72255e-05
      17050.0  9.36764e-05
      17150.0  9.31220e-05
      17250.0  8.98163e-05
      17350.0  8.76361e-05
      17450.0  8.68152e-05
      17550.0  8.52948e-05
      17650.0  8.40212e-05
      17750.0  8.19885e-05
      17850.0  8.12876e-05
      17950.0  7.93705e-05
      18050.0  7.74106e-05
      18150.0  7.58399e-05
      18250.0  7.44798e-05
      18350.0  7.31274e-05
      18450.0  7.12801e-05
      18550.0  7.06933e-05
      18650.0  6.83804e-05
      18750.0  6.66058e-05
      18850.0  6.65585e-05
      18950.0  6.33790e-05
      19050.0  6.47115e-05
      19150.0  6.32105e-05
      19250.0  6.23082e-05
      19350.0  6.02486e-05
      19450.0  5.84970e-05
      19550.0  5.88327e-05
      19650.0  5.76937e-05
      19750.0  5.62690e-05
      19850.0  5.55993e-05
      19950.0  5.47594e-05
      20050.0  5.44869e-05
      20150.0  5.36590e-05
      20250.0  5.18554e-05
      20350.0  5.10322e-05
      20450.0  5.10366e-05
      20550.0  4.99461e-05
      20650.0  4.88683e-05
      20750.0  4.82087e-05
      20850.0  4.72562e-05
      20950.0  4.61704e-05
      21050.0  4.60124e-05
      21150.0  4.49792e-05
      21250.0  4.41747e-05
      21350.0  4.39144e-05
      21450.0  4.31090e-05
      21550.0  4.23127e-05
      21650.0  4.11806e-05
      21750.0  4.06089e-05
      21850.0  4.01346e-05
      21950.0  3.96359e-05
      22050.0  3.83840e-05
      22150.0  3.85294e-05
      22250.0  3.73082e-05
      22350.0  3.68935e-05
      22450.0  3.63818e-05
      22550.0  3.59558e-05
      22650.0  3.50453e-05
      22750.0  3.49993e-05
      22850.0  3.41052e-05
      22950.0  2.91709e-05
      23050.0  3.12175e-05
      23150.0  3.07203e-05
      23250.0  2.66414e-05
      23350.0  2.85623e-05
      23450.0  2.77028e-05
      23550.0  2.41732e-05
      23650.0  2.64669e-05
      23750.0  2.55250e-05
      23850.0  2.28659e-05
      23950.0  2.46588e-05
      24050.0  2.42986e-05
      24150.0  2.20341e-05
      24250.0  2.33593e-05
      24350.0  2.31107e-05
      24450.0  2.17583e-05
      24550.0  2.17316e-05
      24650.0  2.23977e-05
      24750.0  2.15886e-05
      24850.0  2.04849e-05
      24950.0  2.11307e-05
      25050.0  2.16986e-05
      25150.0  1.98234e-05
      25250.0  2.06764e-05
      25350.0  2.05606e-05
      25450.0  2.00993e-05
      25550.0  1.96819e-05
      25650.0  1.97193e-05
      25750.0  1.98150e-05
      25850.0  1.87041e-05
      25950.0  1.89037e-05
      26050.0  1.91456e-05
      26150.0  1.86326e-05
      26250.0  1.81950e-05
      26350.0  1.84107e-05
      26450.0  1.82579e-05
      26550.0  1.78882e-05
      26650.0  1.74908e-05
      26750.0  1.79629e-05
      26850.0  1.77046e-05
      26950.0  1.70722e-05
      27050.0  1.72857e-05
      27150.0  1.70806e-05
      27250.0  1.70543e-05
      27350.0  1.64596e-05
      27450.0  1.65966e-05
      27550.0  1.65418e-05
      27650.0  1.62313e-05
      27750.0  1.58295e-05
      27850.0  1.59175e-05
      27950.0  1.58907e-05
      28050.0  1.56864e-05
      28150.0  1.53288e-05
      28250.0  1.52848e-05
      28350.0  1.52388e-05
      28450.0  1.50162e-05
      28550.0  1.48086e-05
      28650.0  1.46609e-05
      28750.0  1.45051e-05
      28850.0  1.43697e-05
      28950.0  1.42136e-05
      29050.0  1.40412e-05
      29150.0  1.39326e-05
      29250.0  1.36248e-05
      29350.0  1.36543e-05
      29450.0  1.34192e-05
      29550.0  1.32758e-05
      29650.0  1.32027e-05
      29750.0  1.30594e-05
      29850.0  1.28685e-05
      29950.0  1.27233e-05
      30050.0  1.25721e-05
      30150.0  1.24822e-05
      30250.0  1.22913e-05
      30350.0  1.20848e-05
      30450.0  1.20316e-05
      30550.0  1.18783e-05
      30650.0  1.17416e-05
      30750.0  1.16440e-05
      30850.0  1.14426e-05
      30950.0  1.13308e-05
      31050.0  1.12612e-05
      31150.0  1.10359e-05
      31250.0  1.09774e-05
      31350.0  1.08609e-05
      31450.0  1.07314e-05
      31550.0  1.05897e-05
      31650.0  1.04449e-05
      31750.0  1.03750e-05
      31850.0  1.02461e-05
      31950.0  1.01515e-05
      32100.0  9.95761e-06
      32300.0  9.71949e-06
      32500.0  9.49936e-06
      32700.0  9.27488e-06
      32900.0  9.04103e-06
      33100.0  8.85544e-06
      33300.0  8.64917e-06
      33500.0  8.49176e-06
      33700.0  8.28880e-06
      33900.0  8.09324e-06
      34100.0  7.90165e-06
      34300.0  7.76526e-06
      34500.0  7.60908e-06
      34700.0  7.43640e-06
      34900.0  7.28345e-06
      35100.0  7.13902e-06
      35300.0  6.96184e-06
      35500.0  6.83587e-06
      35700.0  6.68472e-06
      35900.0  6.53920e-06
      36100.0  6.42392e-06
      36300.0  6.29135e-06
      36500.0  6.13664e-06
      36700.0  6.00659e-06
      36900.0  5.84732e-06
      37100.0  5.71442e-06
      37300.0  5.63260e-06
      37500.0  5.46928e-06
      37700.0  5.41788e-06
      37900.0  5.30392e-06
      38100.0  5.21496e-06
      38300.0  5.12864e-06
      38500.0  5.03533e-06
      38700.0  4.90822e-06
      38900.0  4.82546e-06
      39100.0  4.74462e-06
      39300.0  4.65588e-06
      39500.0  4.53800e-06
      39700.0  4.46272e-06
      39900.0  4.34379e-06
      40100.0  4.28684e-06
      40300.0  4.22544e-06
      40500.0  4.12769e-06
      40700.0  4.06592e-06
      40900.0  3.99475e-06
      41100.0  3.92555e-06
      41300.0  3.86038e-06
      41500.0  3.78151e-06
      41700.0  3.70965e-06
      41900.0  3.63842e-06
      42100.0  3.56366e-06
      42300.0  3.52739e-06
      42500.0  3.44783e-06
      42700.0  3.39892e-06
      42900.0  3.14198e-06
      43100.0  2.90992e-06
      43300.0  2.95417e-06
      43500.0  2.74312e-06
      43700.0  2.64743e-06
      43900.0  2.56458e-06
      44100.0  2.38085e-06
      44300.0  2.36846e-06
      44500.0  2.30603e-06
      44700.0  2.17260e-06
      44900.0  2.21760e-06
      45100.0  2.13222e-06
      45300.0  2.04727e-06
      45500.0  2.07004e-06
      45700.0  2.03852e-06
      45900.0  1.93640e-06
      46100.0  1.98248e-06
      46300.0  1.92488e-06
      46500.0  1.90725e-06
      46700.0  1.90960e-06
      46900.0  1.86603e-06
      47100.0  1.82246e-06
      47300.0  1.85160e-06
      47500.0  1.80097e-06
      47700.0  1.77826e-06
      47900.0  1.75921e-06
      48100.0  1.70593e-06
      48300.0  1.73878e-06
      48500.0  1.69901e-06
      48700.0  1.65659e-06
      48900.0  1.64127e-06
      49100.0  1.61812e-06
      49300.0  1.59435e-06
      49500.0  1.56085e-06
      49700.0  1.56783e-06
      49900.0  1.53651e-06
      50100.0  1.52672e-06
      50300.0  1.50769e-06
      50500.0  1.46500e-06
      50700.0  1.46130e-06
      50900.0  1.44256e-06
      51100.0  1.41417e-06
      51300.0  1.40509e-06
      51500.0  1.37828e-06
      51700.0  1.38705e-06
      51900.0  1.35704e-06
      52100.0  1.34269e-06
      52300.0  1.31880e-06
      52500.0  1.31439e-06
      52700.0  1.32139e-06
      52900.0  1.27661e-06
      53100.0  1.25620e-06
      53300.0  1.25519e-06
      53500.0  1.23907e-06
      53700.0  1.22604e-06
      53900.0  1.21526e-06
      54100.0  1.20242e-06
      54300.0  1.17598e-06
      54500.0  1.17999e-06
      54700.0  1.15248e-06
      54900.0  1.14896e-06
      55100.0  1.12595e-06
      55300.0  1.14688e-06
      55500.0  1.10386e-06
      55700.0  1.11015e-06
      55900.0  1.08722e-06
      56100.0  1.08812e-06
      56300.0  1.05992e-06
      56500.0  1.06211e-06
      56700.0  1.04833e-06
      56900.0  1.02332e-06
      57100.0  1.02739e-06
      57300.0  1.01594e-06
      57500.0  1.00284e-06
      57700.0  9.90104e-07
      57900.0  9.86944e-07
      58100.0  9.70964e-07
      58300.0  9.61615e-07
      58500.0  9.50874e-07
      58700.0  9.32999e-07
      58900.0  9.25429e-07
      59100.0  9.15181e-07
      59300.0  9.08981e-07
      59500.0  8.93547e-07
      59700.0  8.90390e-07
      59900.0  8.80434e-07
      60100.0  8.70480e-07
      60300.0  8.60100e-07
      60500.0  8.45686e-07
      60700.0  8.37532e-07
      60900.0  8.26743e-07
      61100.0  8.16151e-07
      61300.0  8.10495e-07
      61500.0  8.03236e-07
      61700.0  7.97998e-07
      61900.0  7.87067e-07
      62100.0  7.81108e-07
      62300.0  7.68285e-07
      62500.0  7.56602e-07
      62700.0  7.48608e-07
      62900.0  7.41545e-07
      63100.0  7.32747e-07
      63300.0  7.28771e-07
      63500.0  7.18390e-07
      63700.0  7.14557e-07
      63900.0  7.03247e-07
      64200.0  6.92531e-07
      64600.0  6.75590e-07
      65000.0  6.61228e-07
      65400.0  6.46476e-07
      65800.0  6.33693e-07
      66200.0  6.18843e-07
      66600.0  6.05647e-07
      67000.0  5.92834e-07
      67400.0  5.78920e-07
      67800.0  5.66628e-07
      68200.0  5.54067e-07
      68600.0  5.43016e-07
      69000.0  5.30517e-07
      69400.0  5.19341e-07
      69800.0  5.08241e-07
      70200.0  4.96933e-07
      70600.0  4.86982e-07
      71000.0  4.76318e-07
      71400.0  4.66586e-07
      71800.0  4.56486e-07
      72200.0  4.47070e-07
      72600.0  4.37518e-07
      73000.0  4.28527e-07
      73400.0  4.19373e-07
      73800.0  4.10924e-07
      74200.0  4.01728e-07
      74600.0  3.93099e-07
      75000.0  3.85318e-07
      75400.0  3.77514e-07
      75800.0  3.70446e-07
      76200.0  3.62966e-07
      76600.0  3.55658e-07
      77000.0  3.48395e-07
      77400.0  3.41541e-07
      77800.0  3.34797e-07
      78200.0  3.28132e-07
      78600.0  3.21703e-07
      79000.0  3.15361e-07
      79400.0  3.09198e-07
      79800.0  3.03270e-07
      80200.0  2.97114e-07
      80600.0  2.91366e-07
      81000.0  2.86004e-07
      81400.0  2.80363e-07
      81800.0  2.75230e-07
      82200.0  2.70062e-07
      82600.0  2.64917e-07
      83000.0  2.59980e-07
      83400.0  2.54930e-07
      83800.0  2.50203e-07
      84200.0  2.45772e-07
      84600.0  2.41171e-07
      85000.0  2.36772e-07
      85400.0  2.32499e-07
      85800.0  2.28272e-07
      86200.0  2.24189e-07
      86600.0  2.20197e-07
      87000.0  2.16257e-07
      87400.0  2.12407e-07
      87800.0  2.08591e-07
      88200.0  2.04816e-07
      88600.0  2.01221e-07
      89000.0  1.97662e-07
      89400.0  1.94321e-07
      89800.0  1.90773e-07
      90200.0  1.87646e-07
      90600.0  1.84477e-07
      91000.0  1.81029e-07
      91400.0  1.78110e-07
      91800.0  1.75114e-07
      92200.0  1.72238e-07
      92600.0  1.69326e-07
      93000.0  1.66500e-07
      93400.0  1.63673e-07
      93800.0  1.60985e-07
      94200.0  1.58323e-07
      94600.0  1.55653e-07
      95000.0  1.53112e-07
      95400.0  1.50615e-07
      95800.0  1.48187e-07
      96200.0  1.45751e-07
      96600.0  1.43420e-07
      97000.0  1.41116e-07
      97400.0  1.38643e-07
      97800.0  1.36564e-07
      98200.0  1.34448e-07
      98600.0  1.32328e-07
      99000.0  1.30249e-07
      99400.0  1.28167e-07
      99800.0  1.26173e-07
      100200.  1.24206e-07
      200000.  8.06017e-09
      400000.  5.06330e-10
      600000.  9.95135e-11
      800000.  3.12887e-11
  1.00000e+06  1.27370e-11
  1.20000e+06  6.10749e-12
  1.40000e+06  3.27946e-12
  1.60000e+06  1.91326e-12
