# Composite starburst spectrum from Christy Tremonti, has had MW lines
# removed and been dereddened. (Orig file fos_h27.fit)
# Wave/A   F??
2150.  0.9914483
2151.  0.9805406
2152.  1.002787
2153.  1.018333
2154.  1.028785
2155.  1.032178
2156.  1.017286
2157.  1.002371
2158.  0.9950691
2159.  0.9825687
2160.  0.9760782
2161.  0.9665213
2162.  0.9380135
2163.  0.9443293
2164.  0.9492781
2165.  0.937722
2166.  0.9628918
2167.  0.9739754
2168.  0.9512314
2169.  0.9362013
2170.  0.939634
2171.  0.9538042
2172.  0.9861827
2173.  0.9991848
2174.  0.9879832
2175.  0.9891046
2176.  0.9875922
2177.  0.9696831
2178.  0.9741781
2179.  1.001573
2180.  1.002142
2181.  0.9670631
2182.  0.9388254
2183.  0.9548326
2184.  0.9469453
2185.  0.9601335
2186.  0.9781957
2187.  0.9700021
2188.  0.9743255
2189.  0.9898704
2190.  0.9842265
2191.  0.9929884
2192.  0.9995249
2193.  1.013496
2194.  1.013387
2195.  1.017862
2196.  1.022643
2197.  1.022098
2198.  1.013213
2199.  1.007523
2200.  1.0114
2201.  1.001465
2202.  0.9985599
2203.  0.9903489
2204.  0.9827285
2205.  0.9891037
2206.  0.9953535
2207.  0.9962745
2208.  1.007508
2209.  1.000727
2210.  0.9799659
2211.  0.9729914
2212.  0.9713033
2213.  0.9550501
2214.  0.957648
2215.  0.9918064
2216.  0.9770799
2217.  0.9419449
2218.  0.9653704
2219.  1.019829
2220.  1.020454
2221.  1.034303
2222.  1.078261
2223.  1.07305
2224.  1.003745
2225.  0.9881157
2226.  0.9835844
2227.  0.9813387
2228.  0.9753336
2229.  0.9486704
2230.  0.9710956
2231.  1.002968
2232.  1.010487
2233.  0.9922667
2234.  0.9797108
2235.  0.9825103
2236.  1.001768
2237.  1.014144
2238.  1.013029
2239.  0.9892382
2240.  0.9988687
2241.  1.023711
2242.  1.013224
2243.  0.9967279
2244.  0.9909086
2245.  0.9737339
2246.  0.9817207
2247.  0.9731743
2248.  0.965525
2249.  0.9654778
2250.  0.9462169
2251.  0.929446
2252.  0.9483755
2253.  0.964707
2254.  0.9670423
2255.  0.9770169
2256.  0.9765422
2257.  0.9580406
2258.  0.9444084
2259.  0.9428463
2260.  0.9501747
2261.  0.9437928
2262.  0.9574603
2263.  0.9735044
2264.  0.9787096
2265.  1.007736
2266.  1.036456
2267.  1.034505
2268.  1.000707
2269.  0.9804825
2270.  1.005287
2271.  1.015933
2272.  1.024473
2273.  1.019786
2274.  0.9763067
2275.  0.9658049
2276.  0.9807639
2277.  0.9703434
2278.  0.9818286
2279.  1.014175
2280.  1.043335
2281.  1.037311
2282.  1.033545
2283.  1.038079
2284.  1.052145
2285.  1.041785
2286.  1.031269
2287.  1.031125
2288.  1.047767
2289.  1.051883
2290.  1.020063
2291.  1.007289
2292.  0.9934943
2293.  0.9829047
2294.  0.9893352
2295.  1.012605
2296.  1.001934
2297.  0.9619961
2298.  0.9561
2299.  1.000749
2300.  1.02504
2301.  1.016853
2302.  1.023037
2303.  1.011351
2304.  0.9951941
2305.  0.9998187
2306.  1.011745
2307.  1.002509
2308.  0.9834659
2309.  0.9875648
2310.  0.9821048
2311.  0.9960207
2312.  1.034352
2313.  1.039732
2314.  1.043814
2315.  1.043615
2316.  1.031892
2317.  1.022229
2318.  0.998399
2319.  0.9984716
2320.  1.011658
2321.  1.032602
2322.  1.050113
2323.  1.068578
2324.  1.092807
2325.  1.114582
2326.  1.114114
2327.  1.077761
2328.  1.038456
2329.  1.00105
2330.  0.9746124
2331.  0.9662734
2332.  0.9745082
2333.  0.9757022
2334.  1.004898
2335.  1.030283
2336.  0.998122
2337.  0.9633551
2338.  0.9232568
2339.  0.9015341
2340.  0.9057737
2341.  0.9089353
2342.  0.912846
2343.  0.9079647
2344.  0.8839605
2345.  0.8767059
2346.  0.9324723
2347.  0.9743668
2348.  1.000266
2349.  1.010905
2350.  1.029459
2351.  1.058699
2352.  1.046814
2353.  1.008376
2354.  1.005559
2355.  1.034098
2356.  1.021338
2357.  1.008566
2358.  1.000936
2359.  0.9872915
2360.  0.9898113
2361.  0.9810104
2362.  0.999733
2363.  1.021336
2364.  1.015999
2365.  0.9813661
2366.  0.9559473
2367.  0.9802057
2368.  0.990624
2369.  0.9849737
2370.  0.9719951
2371.  0.9716938
2372.  0.956056
2373.  0.8991962
2374.  0.8528809
2375.  0.8720477
2376.  0.8925747
2377.  0.9082113
2378.  0.9043953
2379.  0.8889861
2380.  0.8572616
2381.  0.8385466
2382.  0.7992749
2383.  0.7809775
2384.  0.8435975
2385.  0.917102
2386.  0.9594761
2387.  1.003394
2388.  1.00743
2389.  0.9798637
2390.  0.981233
2391.  0.9930353
2392.  1.036983
2393.  1.03737
2394.  1.004426
2395.  1.005345
2396.  1.0207
2397.  1.034086
2398.  1.015639
2399.  1.002998
2400.  0.9900162
2401.  0.9953085
2402.  1.002109
2403.  1.015001
2404.  1.01735
2405.  1.002926
2406.  1.000008
2407.  1.010217
2408.  0.9921803
2409.  0.9744259
2410.  0.9595573
2411.  0.955571
2412.  0.9569828
2413.  0.954756
2414.  0.9511099
2415.  0.9546661
2416.  0.9744567
2417.  1.002787
2418.  1.022419
2419.  1.0379
2420.  1.039587
2421.  1.019812
2422.  0.9999015
2423.  1.017233
2424.  1.011371
2425.  0.9949424
2426.  1.012898
2427.  1.028562
2428.  1.011834
2429.  0.9751815
2430.  0.9535713
2431.  0.9650543
2432.  0.9805664
2433.  1.009094
2434.  0.9980608
2435.  0.9835434
2436.  0.996702
2437.  0.9865623
2438.  0.9905471
2439.  1.033275
2440.  1.045658
2441.  1.035378
2442.  1.023298
2443.  1.018989
2444.  1.02975
2445.  1.012697
2446.  0.99657
2447.  0.9685358
2448.  0.9507484
2449.  0.9674464
2450.  0.991165
2451.  0.9967275
2452.  0.9835155
2453.  1.002508
2454.  1.001824
2455.  0.9934137
2456.  1.009086
2457.  1.031557
2458.  1.027434
2459.  1.0042
2460.  0.9879827
2461.  0.9924242
2462.  0.9957096
2463.  0.9924679
2464.  0.9803424
2465.  1.014151
2466.  1.054123
2467.  1.068046
2468.  1.063803
2469.  1.067993
2470.  1.061247
2471.  1.049006
2472.  1.031919
2473.  0.9942691
2474.  0.9994244
2475.  1.039171
2476.  1.035092
2477.  1.030851
2478.  1.020565
2479.  1.006974
2480.  1.013966
2481.  1.031847
2482.  1.017919
2483.  1.004365
2484.  0.9988561
2485.  0.9905722
2486.  0.9967927
2487.  1.000567
2488.  1.028379
2489.  1.053683
2490.  1.010805
2491.  0.9731413
2492.  0.9817709
2493.  1.005291
2494.  1.005581
2495.  1.000541
2496.  1.012076
2497.  1.02204
2498.  1.014552
2499.  1.005932
2500.  1.020877
2501.  1.03316
2502.  1.055268
2503.  1.045998
2504.  1.030209
2505.  1.024098
2506.  1.009059
2507.  0.9903963
2508.  0.9880167
2509.  0.9755634
2510.  0.9644943
2511.  0.9502281
2512.  0.9476513
2513.  0.9564041
2514.  0.9454017
2515.  0.9631214
2516.  1.003963
2517.  1.024917
2518.  1.02177
2519.  1.014436
2520.  1.00014
2521.  0.9954401
2522.  0.9863743
2523.  1.003545
2524.  1.018392
2525.  1.019014
2526.  1.034642
2527.  1.031731
2528.  1.017234
2529.  1.000572
2530.  1.004928
2531.  1.004458
2532.  1.003021
2533.  1.005854
2534.  1.028589
2535.  1.025208
2536.  0.9926865
2537.  0.9794701
2538.  0.9683377
2539.  0.9835481
2540.  0.9870676
2541.  0.9809978
2542.  0.9749575
2543.  0.9733003
2544.  0.9788957
2545.  0.984054
2546.  1.005124
2547.  1.026747
2548.  1.028975
2549.  1.016864
2550.  1.002752
2551.  1.01066
2552.  1.017159
2553.  1.026818
2554.  1.042854
2555.  1.044907
2556.  1.034127
2557.  1.024058
2558.  1.025458
2559.  1.02565
2560.  1.018243
2561.  1.017502
2562.  1.013379
2563.  1.007162
2564.  0.9903045
2565.  0.9592399
2566.  0.9528482
2567.  0.9622337
2568.  0.9841919
2569.  1.013399
2570.  1.027613
2571.  1.016663
2572.  1.012587
2573.  1.03116
2574.  1.010166
2575.  0.9730927
2576.  0.9673388
2577.  0.9674818
2578.  0.9788182
2579.  1.001064
2580.  0.976119
2581.  0.9305173
2582.  0.939722
2583.  0.9405647
2584.  0.8980099
2585.  0.8542874
2586.  0.829153
2587.  0.8250561
2588.  0.8796697
2589.  0.9610344
2590.  0.9758314
2591.  0.9484534
2592.  0.9057058
2593.  0.8867392
2594.  0.8684292
2595.  0.8477576
2596.  0.8415664
2597.  0.8519313
2598.  0.8332956
2599.  0.7976785
2600.  0.7747936
2601.  0.7995918
2602.  0.8586714
2603.  0.920759
2604.  0.9430985
2605.  0.9348604
2606.  0.9322616
2607.  0.9543046
2608.  0.9597114
2609.  0.9540924
2610.  0.9777536
2611.  1.016647
2612.  1.038921
2613.  1.039552
2614.  1.032733
2615.  1.006144
2616.  1.000272
2617.  0.9917448
2618.  0.9667445
2619.  0.9766091
2620.  0.9934127
2621.  1.026544
2622.  1.03835
2623.  1.028633
2624.  1.033074
2625.  1.046633
2626.  1.040869
2627.  1.043063
2628.  1.047109
2629.  1.035749
2630.  1.024674
2631.  1.013359
2632.  1.02494
2633.  1.023402
2634.  1.003251
2635.  0.9933295
2636.  1.010961
2637.  1.024278
2638.  1.025004
2639.  1.027255
2640.  1.015206
2641.  1.01046
2642.  1.011639
2643.  1.025754
2644.  1.050883
2645.  1.058923
2646.  1.066071
2647.  1.068148
2648.  1.062876
2649.  1.025676
2650.  0.9920791
2651.  0.9784024
2652.  0.9944209
2653.  1.024815
2654.  1.038944
2655.  1.033924
2656.  1.029019
2657.  1.012871
2658.  1.007134
2659.  1.017094
2660.  1.006493
2661.  1.005815
2662.  1.007651
2663.  1.007956
2664.  1.010747
2665.  1.011141
2666.  1.010811
2667.  0.9981259
2668.  1.00817
2669.  1.022086
2670.  1.025439
2671.  1.014742
2672.  0.9981456
2673.  1.00782
2674.  1.006889
2675.  1.011569
2676.  1.010278
2677.  1.004527
2678.  0.9991411
2679.  0.9984547
2680.  1.012348
2681.  1.021683
2682.  1.011147
2683.  0.9951954
2684.  0.9980413
2685.  1.003352
2686.  1.017026
2687.  1.04219
2688.  1.023362
2689.  0.9871501
2690.  0.9836982
2691.  1.011694
2692.  1.026112
2693.  1.00379
2694.  0.9926534
2695.  0.9923165
2696.  1.003572
2697.  1.015573
2698.  1.046704
2699.  1.061591
2700.  1.051635
2701.  1.028393
2702.  1.0227
2703.  1.025442
2704.  1.014528
2705.  1.017325
2706.  1.011836
2707.  1.010264
2708.  1.014713
2709.  1.023907
2710.  1.004699
2711.  0.9792601
2712.  0.9712288
2713.  0.9693586
2714.  0.9869934
2715.  1.000119
2716.  0.9982137
2717.  1.008718
2718.  1.032607
2719.  1.039355
2720.  1.040257
2721.  1.037361
2722.  1.021059
2723.  1.005167
2724.  1.005247
2725.  1.011816
2726.  0.9988658
2727.  1.01367
2728.  1.018263
2729.  0.9962035
2730.  1.003548
2731.  0.9884796
2732.  1.005838
2733.  1.041228
2734.  1.051313
2735.  1.044152
2736.  1.034502
2737.  1.044992
2738.  1.047202
2739.  1.046959
2740.  1.043856
2741.  1.028049
2742.  1.011307
2743.  1.0055
2744.  1.018287
2745.  1.021568
2746.  1.032214
2747.  1.035254
2748.  1.004941
2749.  1.002052
2750.  1.026524
2751.  1.031044
2752.  1.010668
2753.  1.004909
2754.  0.991832
2755.  0.9982616
2756.  0.9914588
2757.  0.9855843
2758.  1.00699
2759.  1.025171
2760.  1.033702
2761.  1.041813
2762.  1.037503
2763.  1.025687
2764.  1.010618
2765.  1.002614
2766.  0.9856051
2767.  0.9919236
2768.  0.9972734
2769.  0.9950724
2770.  0.9695286
2771.  0.9517124
2772.  0.9782229
2773.  1.000085
2774.  1.0131
2775.  1.013485
2776.  1.013952
2777.  1.022166
2778.  1.026346
2779.  1.003775
2780.  0.9884079
2781.  0.9889861
2782.  1.001749
2783.  1.01149
2784.  1.013566
2785.  1.030826
2786.  1.022223
2787.  1.011667
2788.  0.9862718
2789.  0.9510292
2790.  0.9209896
2791.  0.8703672
2792.  0.846871
2793.  0.8172216
2794.  0.7750224
2795.  0.709885
2796.  0.6542311
2797.  0.6445706
2798.  0.7077089
2799.  0.7878044
2800.  0.7849333
2801.  0.764662
2802.  0.7249876
2803.  0.6946356
2804.  0.7456639
2805.  0.8631976
2806.  0.9738756
2807.  1.004231
2808.  0.9791275
2809.  0.97544
2810.  0.9897208
2811.  1.001337
2812.  1.005604
2813.  1.013801
2814.  1.008339
2815.  0.9954193
2816.  0.9889211
2817.  0.9987679
2818.  1.010121
2819.  1.001351
2820.  1.003482
2821.  1.015627
2822.  1.009101
2823.  0.9995129
2824.  1.005234
2825.  1.043146
2826.  1.061104
2827.  1.071791
2828.  1.066321
2829.  1.044719
2830.  1.037524
2831.  1.04716
2832.  1.067722
2833.  1.059487
2834.  1.025795
2835.  1.015196
2836.  1.016302
2837.  1.024778
2838.  1.021574
2839.  1.010953
2840.  1.004673
2841.  0.999047
2842.  0.9874132
2843.  0.999188
2844.  1.001027
2845.  0.9916577
2846.  0.9889452
2847.  0.969546
2848.  0.984202
2849.  0.9915419
2850.  0.9743273
2851.  0.9289776
2852.  0.87984
2853.  0.8660517
2854.  0.9045488
2855.  0.9495285
2856.  0.9749647
2857.  0.9775704
2858.  0.9745617
2859.  0.9829141
2860.  0.9935088
2861.  0.9855204
2862.  0.9808416
2863.  0.9946055
2864.  1.022402
2865.  1.027874
2866.  1.021675
2867.  1.015045
2868.  1.020389
2869.  1.021158
2870.  1.013508
2871.  1.004029
2872.  0.9941604
2873.  1.004945
2874.  1.011362
2875.  0.9885226
2876.  1.000304
2877.  1.030488
2878.  1.020802
2879.  0.9976057
2880.  0.9987056
2881.  1.001773
2882.  1.018888
2883.  1.01156
2884.  0.9873717
2885.  0.9641931
2886.  0.9795158
2887.  0.9961024
2888.  0.9915712
2889.  0.9893343
2890.  0.9866552
2891.  0.9998605
2892.  1.020446
2893.  1.011253
2894.  0.9910547
2895.  0.9800606
2896.  0.9791313
2897.  0.9842172
2898.  0.9898121
2899.  1.002195
2900.  1.010221
2901.  1.032091
2902.  1.047094
2903.  1.058536
2904.  1.038231
2905.  1.047506
2906.  1.061303
2907.  1.057912
2908.  1.035378
2909.  1.00448
2910.  1.00143
2911.  1.004307
2912.  1.011481
2913.  1.004686
2914.  1.007998
2915.  1.013564
2916.  1.017646
2917.  1.023219
2918.  1.024211
2919.  1.024539
2920.  1.033475
2921.  1.049833
2922.  1.040452
2923.  1.016118
2924.  0.9969019
2925.  1.000013
2926.  0.9978864
2927.  0.9921777
2928.  0.999423
2929.  1.01541
2930.  1.017841
2931.  1.019426
2932.  0.995688
2933.  0.9801039
2934.  0.9840395
2935.  0.995944
2936.  1.020907
2937.  1.019961
2938.  1.005513
2939.  1.003187
2940.  0.9939477
2941.  0.998497
2942.  1.022245
2943.  1.035474
2944.  1.037093
2945.  1.04868
2946.  1.051762
2947.  1.01962
2948.  0.9895303
2949.  0.98029
2950.  0.9943323
2951.  0.9942932
2952.  0.9949455
2953.  1.011212
2954.  1.022918
2955.  1.02597
2956.  1.027753
2957.  1.034784
2958.  1.032916
2959.  1.014244
2960.  1.013681
2961.  1.012906
2962.  1.012073
2963.  1.00895
2964.  0.9807911
2965.  0.9718342
2966.  0.9809378
2967.  0.973726
2968.  0.9886866
2969.  1.024123
2970.  1.038074
2971.  1.045432
2972.  1.026869
2973.  1.009409
2974.  1.019674
2975.  1.033108
2976.  1.034251
2977.  1.000439
2978.  0.9740603
2979.  0.9748234
2980.  0.9884352
2981.  0.9890591
2982.  0.9984272
2983.  1.007503
2984.  0.9955457
2985.  0.9571533
2986.  0.9461392
2987.  0.9632363
2988.  0.9685669
2989.  0.9792578
2990.  1.003951
2991.  1.010514
2992.  0.991001
2993.  0.9750966
2994.  0.9633673
2995.  0.970155
2996.  0.985885
2997.  0.988237
2998.  0.9889866
2999.  0.9927127
3000.  0.9942797
3001.  1.014928
3002.  0.994867
3003.  0.9874732
3004.  0.9885288
3005.  0.972004
3006.  0.9701535
3007.  0.9786833
3008.  0.9657816
3009.  0.9752836
3010.  0.9933014
3011.  1.005402
3012.  1.015215
3013.  0.992972
3014.  0.9841874
3015.  1.011783
3016.  1.036422
3017.  1.01761
3018.  0.9759942
3019.  0.9676788
3020.  0.9814239
3021.  0.9709432
3022.  0.9866468
3023.  0.9919853
3024.  0.9848107
3025.  0.9683349
3026.  0.9855195
3027.  0.99217
3028.  0.9976256
3029.  1.022127
3030.  1.010301
3031.  0.9991266
3032.  1.003056
3033.  0.996732
3034.  0.9820057
3035.  0.9545613
3036.  0.9598377
3037.  0.9788888
3038.  0.99534
3039.  0.9839588
3040.  0.9575392
3041.  0.9428386
3042.  0.9691135
3043.  0.9975103
3044.  0.9952783
3045.  0.9825733
3046.  0.9655725
3047.  0.9798939
3048.  0.996728
3049.  1.00572
3050.  0.9987513
3051.  0.9872929
3052.  0.9842371
3053.  1.02109
3054.  1.038491
3055.  1.021832
3056.  1.007616
3057.  1.014517
3058.  1.024529
3059.  0.9988698
3060.  0.9676509
3061.  0.9584166
3062.  0.9630147
3063.  0.9885275
3064.  0.9950338
3065.  0.9935176
3066.  0.9850547
3067.  0.9656954
3068.  0.9597518
3069.  0.9773067
3070.  0.9831131
3071.  0.9757545
3072.  0.9706894
3073.  0.9680769
3074.  0.9749544
3075.  0.9793381
3076.  0.9720997
3077.  0.9898697
3078.  1.006134
3079.  1.002028
3080.  0.9923781
3081.  1.012402
3082.  1.007956
3083.  1.016297
3084.  1.032267
3085.  1.007574
3086.  0.9756947
3087.  0.9640514
3088.  0.9841683
3089.  0.9922325
3090.  0.9982145
3091.  1.005987
3092.  0.9964944
3093.  0.9851066
3094.  0.9836155
3095.  0.9785769
3096.  0.9708727
3097.  0.9802656
3098.  1.00089
3099.  1.003632
3100.  0.9888918
3101.  1.01568
3102.  0.9856511
3103.  0.9812313
3104.  1.011477
3105.  1.01331
3106.  0.9972299
3107.  0.9885921
3108.  0.9920189
3109.  0.9980669
3110.  1.004501
3111.  0.9946806
3112.  0.9919795
3113.  0.9736008
3114.  0.9565447
3115.  0.9607794
3116.  0.966826
3117.  0.9594411
3118.  0.9707842
3119.  0.988924
3120.  1.003179
3121.  1.010616
3122.  1.001432
3123.  0.9922806
3124.  0.9907374
3125.  0.9942343
3126.  0.9821687
3127.  0.9659431
3128.  0.9723862
3129.  0.9879181
3130.  0.9976391
3131.  1.001189
3132.  1.000894
3133.  1.013557
3134.  1.029817
3135.  1.036584
3136.  1.045824
3137.  1.03362
3138.  1.006762
3139.  0.9821018
3140.  0.9913003
3141.  1.020331
3142.  1.024241
3143.  1.001348
3144.  0.9846197
3145.  0.9851779
3146.  1.011336
3147.  1.027083
3148.  1.024361
3149.  1.019477
3150.  0.9911429
3151.  0.9862481
3152.  1.017178
3153.  1.042239
3154.  1.013804
3155.  0.9924742
3156.  0.9693167
3157.  0.9607076
3158.  0.9775417
3159.  0.9820278
3160.  0.9910532
3161.  0.9987919
3162.  1.000883
3163.  1.019004
3164.  1.013115
3165.  1.01158
3166.  1.020281
3167.  1.000469
3168.  0.983079
3169.  0.9843938
3170.  1.009673
3171.  1.026983
3172.  1.020739
3173.  1.001461
3174.  1.004589
3175.  1.022506
3176.  1.007179
3177.  0.9895094
3178.  1.01605
3179.  1.044339
3180.  1.032478
3181.  1.014455
3182.  1.009744
3183.  1.006391
3184.  1.016234
3185.  1.033352
3186.  1.056255
3187.  1.084969
3188.  1.096785
3189.  1.088194
3190.  1.092257
3191.  1.076194
3192.  1.035935
3193.  1.006981
3194.  1.003745
3195.  1.007832
3196.  0.9965025
3197.  0.9809484
3198.  1.010081
3199.  1.046988
3200.  1.0444
3201.  1.034458
3202.  1.016564
3203.  1.008517
3204.  0.9983097
3205.  1.037226
3206.  1.04267
3207.  1.032336
3208.  1.024957
3209.  1.033563
3210.  1.035859
3211.  1.017956
3212.  1.02057
3213.  1.039151
3214.  1.033038
3215.  0.9945125
3216.  0.9937258
3217.  1.014189
3218.  1.025541
3219.  1.028697
3220.  1.027739
3221.  1.023651
3222.  1.031753
3223.  1.032569
3224.  1.012994
3225.  1.004206
3226.  1.010411
3227.  1.015447
3228.  1.018222
3229.  0.9918503
3230.  0.9588084
3231.  0.9640228
3232.  0.9529495
3233.  0.9637713
3234.  0.9634487
3235.  0.951543
3236.  0.9326077
3237.  0.9449946
3238.  0.9632475
3239.  0.9613792
3240.  0.968839
3241.  0.9700054
3242.  0.9710955
3243.  0.9828634
3244.  1.003214
3245.  1.02106
3246.  1.011478
3247.  1.002512
3248.  0.9927437
3249.  0.9970403
3250.  0.9857678
