# LBG mean spectra from astro-ph/0112262
# lambda (A)  Flam W/m^2/A
1000  2.999154e-21  
1000.77  2.99454063196364e-21  
1000.77  3.09528143140328e-21  
1001.54  3.09052385703396e-21  
1001.54  3.19107392436205e-21  
1003.09  3.18121968772615e-21  
1003.09  3.48202782131444e-21  
1003.86  3.47668816609475e-21  
1004.63  3.47136078392685e-21  
1004.63  3.37139857684427e-21  
1006.17  3.36108624290646e-21  
1006.17  3.26142979725704e-21  
1006.94  3.25644371912582e-21  
1006.94  3.35594780987105e-21  
1007.71  3.35082115129936e-21  
1007.71  3.54949577851332e-21  
1009.26  3.53860167046244e-21  
1009.26  3.34053681516847e-21  
1010.03  3.33544541614144e-21  
1010.03  3.13765302950939e-21  
1010.8  3.13287449248159e-21  
1010.8  3.03415827699547e-21  
1011.57  3.02954087496699e-21  
1011.57  3.32529747579601e-21  
1013.11  3.31519577706523e-21  
1013.11  3.216899986985e-21  
1013.88  3.21201563697232e-21  
1013.88  3.11386909338575e-21  
1014.65  3.10914476593556e-21  
1014.65  2.91317280440084e-21  
1016.2  2.90429271350278e-21  
1016.97  2.8998964013622e-21  
1017.74  2.8955100639095e-21  
1018.51  2.89113367099239e-21  
1018.51  2.79388609522156e-21  
1020.05  2.78545643644737e-21  
1020.05  2.6885022741703e-21  
1020.82  2.68444795313456e-21  
1020.82  2.49082916775725e-21  
1021.59  2.48707577224997e-21  
1021.59  2.39041082300739e-21  
1023.14  2.38317363115106e-21  
1023.14  2.09406250155842e-21  
1023.91  2.09091413531973e-21  
1023.91  1.80223481495189e-21  
1024.68  1.79952723911697e-21  
1024.68  1.60736444162245e-21  
1026.22  1.60254386917967e-21  
1026.22  1.88992502989726e-21  
1026.99  1.88709209729036e-21  
1026.99  2.26969071602311e-21  
1027.76  2.26629107568815e-21  
1027.76  2.45730384872444e-21  
1028.54  2.45357823721262e-21  
1028.54  2.54893840496717e-21  
1030.08  2.54132262585238e-21  
1030.08  2.63640070156605e-21  
1030.85  2.63246361980089e-21  
1030.85  2.82233015436532e-21  
1031.62  2.81811855865371e-21  
1031.62  3.10249618957973e-21  
1033.16  3.09325409102743e-21  
1033.93  3.08864852053906e-21  
1033.93  3.18302545107306e-21  
1034.71  3.17822831166794e-21  
1036.25  3.16878882371686e-21  
1037.02  3.16408484203573e-21  
1037.02  3.35168762597453e-21  
1037.79  3.34671582619739e-21  
1037.79  3.72139267956308e-21  
1038.56  3.71587656086674e-21  
1038.56  4.08999804096928e-21  
1040.1  4.07789548535511e-21  
1040.1  4.45090991700089e-21  
1040.88  4.4442416959864e-21  
1040.88  4.63048333714256e-21  
1041.65  4.62364005129799e-21  
1041.65  4.53065685185941e-21  
1043.19  4.51729004134842e-21  
1043.19  4.42458117052228e-21  
1043.96  4.41805664646568e-21  
1043.96  4.23293985001282e-21  
1044.73  4.22670252064356e-21  
1045.5  4.22047896738567e-21  
1045.5  4.31277861601301e-21  
1047.05  4.30001922738898e-21  
1047.05  4.20799264798024e-21  
1047.82  4.20181035749029e-21  
1048.59  4.19564168132715e-21  
1048.59  4.10388521104373e-21  
1050.13  4.0918574637279e-21  
1050.13  4.00036991510832e-21  
1050.9  3.99450987825587e-21  
1051.67  3.98866270829983e-21  
1053.22  3.97693129809326e-21  
1053.22  4.06788281088135e-21  
1053.99  4.06194133968477e-21  
1053.99  4.152760010447e-21  
1054.76  4.1466989955495e-21  
1054.76  3.96532675642203e-21  
1055.53  3.95954352349848e-21  
1055.53  3.86901659166576e-21  
1057.07  3.85775159433223e-21  
1057.84  3.85213753619871e-21  
1057.84  4.03242833940383e-21  
1058.61  4.02656434682471e-21  
1058.61  4.11659204322311e-21  
1060.16  4.1045635697404e-21  
1060.16  4.19432820976899e-21  
1060.93  4.18824211413063e-21  
1060.93  3.9193389475745e-21  
1061.7  3.91365599264568e-21  
1061.7  3.64516934420087e-21  
1063.24  3.6346176429087e-21  
1063.24  3.36690818494472e-21  
1064.01  3.36203683744126e-21  
1064.78  3.35717605432056e-21  
1064.78  3.4461634202953e-21  
1065.55  3.44118460735228e-21  
1065.55  3.61887578946216e-21  
1067.09  3.60843796837338e-21  
1067.86  3.60323598404491e-21  
1067.86  3.69171076255532e-21  
1068.63  3.6863925641798e-21  
1070.18  3.67572189085008e-21  
1070.18  3.8518788815215e-21  
1070.95  3.84634196476723e-21  
1070.95  3.93430692925218e-21  
1071.72  3.92865558736948e-21  
1071.72  3.84081697807159e-21  
1072.49  3.83530388718588e-21  
1072.49  3.74761744265192e-21  
1074.03  3.73687809040905e-21  
1074.03  3.82431325646296e-21  
1074.8  3.81883564874032e-21  
1074.8  3.99350745134778e-21  
1075.58  3.98771744716084e-21  
1075.58  3.90050817019433e-21  
1077.12  3.88936272954193e-21  
1077.89  3.88380791482458e-21  
1078.66  3.87826499175198e-21  
1080.2  3.86721468498585e-21  
1080.2  3.78074979840286e-21  
1080.97  3.77536548524856e-21  
1080.97  3.68904941070653e-21  
1081.75  3.68373132216653e-21  
1081.75  3.51129676344978e-21  
1082.52  3.50630334636172e-21  
1082.52  3.33413960748318e-21  
1084.06  3.32467347471575e-21  
1084.06  3.15297300717627e-21  
1084.83  3.14849870685837e-21  
1084.83  3.23422711283974e-21  
1085.6  3.22964076116146e-21  
1085.6  3.40082898033016e-21  
1087.14  3.39120084196877e-21  
1087.14  3.73263335662324e-21  
1087.92  3.72728294425173e-21  
1088.69  3.72201240272217e-21  
1088.69  3.89225555417208e-21  
1090.23  3.88126734049022e-21  
1091  3.87579067463901e-21  
1091  3.96055217213414e-21  
1091.77  3.9549675714258e-21  
1091.77  3.87032559239637e-21  
1092.54  3.86487206111825e-21  
1094.09  3.8539290705415e-21  
1094.86  3.8485101459769e-21  
1094.86  3.93267503270123e-21  
1095.63  3.92714927000407e-21  
1097.17  3.91613262629481e-21  
1097.17  3.83232177079599e-21  
1097.94  3.82694833870499e-21  
1098.71  3.82158620011101e-21  
1099.48  3.81623532338837e-21  
1101.03  3.80549810251798e-21  
1101.03  3.72227386649436e-21  
1101.8  3.71707301450083e-21  
1101.8  3.80018096758844e-21  
1102.57  3.79487496872492e-21  
1102.57  3.96083411816745e-21  
1104.11  3.94979277145949e-21  
1104.11  4.03255333426233e-21  
1104.88  4.02693465332995e-21  
1104.88  3.61373297839775e-21  
1105.65  3.60870135813985e-21  
1105.65  3.4436655428832e-21  
1107.2  3.43403052589044e-21  
1107.97  3.42925912469558e-21  
1107.97  3.67578943682762e-21  
1108.74  3.67068567029981e-21  
1108.74  3.75275647474635e-21  
1109.51  3.74754945581642e-21  
1109.51  3.66559252612706e-21  
1111.05  3.65543798712088e-21  
1111.05  3.49200250971276e-21  
1111.82  3.48716735502444e-21  
1112.59  3.48234223578664e-21  
1112.59  3.56382179285971e-21  
1114.14  3.55391265878922e-21  
1114.14  3.71646700454247e-21  
1114.91  3.7113353053019e-21  
1115.68  3.70621422750665e-21  
1115.68  3.78726717755805e-21  
1117.22  3.77683347299363e-21  
1117.99  3.77163278193862e-21  
1118.76  3.76644282550193e-21  
1118.76  3.84702613568806e-21  
1119.54  3.8416674435882e-21  
1119.54  3.76119638144315e-21  
1121.08  3.75087015299023e-21  
1121.08  3.67059615147242e-21  
1121.85  3.66555913390701e-21  
1121.85  3.58539528930623e-21  
1122.62  3.58047856311523e-21  
1124.16  3.57067540309593e-21  
1124.16  3.7303448649192e-21  
1124.93  3.72523986727934e-21  
1124.93  3.56578891400027e-21  
1125.71  3.56084918392463e-21  
1125.71  3.40164279377289e-21  
1126.48  3.39699402990987e-21  
1126.48  3.15847534520578e-21  
1128.02  3.14985717926674e-21  
1128.02  3.22914646806287e-21  
1128.79  3.22474246958405e-21  
1128.79  3.46226238045834e-21  
1129.56  3.45754366986049e-21  
1129.56  3.61569014196849e-21  
1131.1  3.6058512731263e-21  
1131.1  3.68470933830892e-21  
1131.88  3.67963268178236e-21  
1132.65  3.67463139437709e-21  
1132.65  3.5173466289237e-21  
1134.19  3.50780142678096e-21  
1134.96  3.50304338972999e-21  
1134.96  3.58136597434476e-21  
1135.73  3.57651144556316e-21  
1135.73  3.73292102489552e-21  
1136.5  3.72786449084095e-21  
1138.05  3.71771686099231e-21  
1138.05  3.79561470464137e-21  
1138.82  3.79048371770127e-21  
1138.82  3.71269117789613e-21  
1139.59  3.70767567864275e-21  
1139.59  3.55232388059244e-21  
1141.13  3.54274234755928e-21  
1141.13  3.38778653501582e-21  
1141.9  3.38321920666006e-21  
1141.9  3.38321920666006e-21  
1141.9  3.22849530890563e-21  
1142.67  3.22414566500284e-21  
1142.67  3.30141487484717e-21  
1144.22  3.29247651143343e-21  
1144.22  3.36951360591202e-21  
1144.99  3.36498316796251e-21  
1144.99  3.51889596488679e-21  
1145.76  3.51416785528979e-21  
1145.76  3.66785099717685e-21  
1146.53  3.66292605513778e-21  
1146.53  3.73967585933482e-21  
1148.07  3.7296499232031e-21  
1148.07  3.80619396394257e-21  
1148.84  3.80109353709301e-21  
1148.84  3.87753500626511e-21  
1149.61  3.87234245913237e-21  
1151.16  3.86192150987529e-21  
1151.93  3.85676028359527e-21  
1151.93  3.70469644827396e-21  
1152.7  3.69974865006837e-21  
1152.7  3.62381827664785e-21  
1153.47  3.618981724807e-21  
1155.01  3.60933762406248e-21  
1155.78  3.60453002365571e-21  
1155.78  3.52902625770079e-21  
1156.56  3.5242678149539e-21  
1156.56  3.59966977369027e-21  
1158.1  3.59010271439824e-21  
1158.87  3.58533348108032e-21  
1158.87  3.51023182337481e-21  
1159.64  3.50557178896852e-21  
1159.64  3.35552325962442e-21  
1161.18  3.34662872277252e-21  
1161.95  3.34219471048927e-21  
1161.95  3.49164722870745e-21  
1162.73  3.48696416155705e-21  
1162.73  3.71082007550449e-21  
1163.5  3.70591008672505e-21  
1165.04  3.69611929913428e-21  
1165.81  3.69123844893351e-21  
1165.81  3.61700620830393e-21  
1166.58  3.61223298121133e-21  
1166.58  3.68636726034411e-21  
1168.12  3.67665376615018e-21  
1168.12  3.60271482916295e-21  
1168.9  3.59790829313865e-21  
1168.9  3.74558887691331e-21  
1169.67  3.74065901785069e-21  
1169.67  3.66691591287952e-21  
1171.21  3.65727914763605e-21  
1171.21  3.43665310015955e-21  
1171.98  3.43213876784571e-21  
1171.98  3.28523338247015e-21  
1172.75  3.28092078514439e-21  
1172.75  2.98751751893085e-21  
1173.52  2.98359831210921e-21  
1173.52  2.91033827557627e-21  
1175.07  2.90266545753494e-21  
1175.07  2.61041960936764e-21  
1175.84  2.60700185700951e-21  
1175.84  2.67997308620286e-21  
1176.61  2.67646656484052e-21  
1176.61  2.96794790466993e-21  
1178.15  2.9601939640788e-21  
1178.15  3.39628451191848e-21  
1178.92  3.39184946111266e-21  
1178.92  3.75475850972368e-21  
1179.69  3.74985854362907e-21  
1179.69  3.82235425671213e-21  
1180.46  3.81736933072337e-21  
1180.46  3.6001873562241e-21  
1182.01  3.59075151115806e-21  
1182.01  3.37413875577429e-21  
1182.78  3.36974699880604e-21  
1182.78  3.22551216013474e-21  
1183.55  3.22131658503898e-21  
1183.55  3.36536381068419e-21  
1185.09  3.3566230519428e-21  
1185.09  3.28478650389499e-21  
1185.86  3.28052214814824e-21  
1185.86  3.20877885931108e-21  
1186.63  3.20461587996949e-21  
1186.63  2.98968655207142e-21  
1188.18  2.98189145102182e-21  
1188.18  2.76752251492413e-21  
1188.95  2.7639390130293e-21  
1188.95  2.47847678905104e-21  
1189.72  2.47526963182085e-21  
1189.72  2.26143410945138e-21  
1190.49  2.25850969827109e-21  
1192.03  2.25267786815027e-21  
1192.03  2.32368038622096e-21  
1192.8  2.3206812977125e-21  
1192.8  2.67521460081751e-21  
1193.58  2.67171925811065e-21  
1193.58  3.09658651027926e-21  
1195.12  3.0886112930832e-21  
1195.12  3.44176947249089e-21  
1195.89  3.4373387818568e-21  
1195.89  3.79004233039791e-21  
1196.66  3.78516643635495e-21  
1196.66  3.8556205853131e-21  
1198.2  3.84571599512438e-21  
1198.2  3.70516967238539e-21  
1198.97  3.70041214796008e-21  
1198.97  3.41970130114954e-21  
1199.75  3.41525620852194e-21  
1199.75  3.27509364687137e-21  
1200.52  3.27089377785803e-21  
1200.52  3.06088832202077e-21  
1202.06  3.05305052934562e-21  
1202.06  2.77378101101697e-21  
1202.83  2.77023083725805e-21  
1202.83  2.56105196102201e-21  
1203.6  2.55777615640947e-21  
1203.6  2.27922082870697e-21  
1205.14  2.27339950100703e-21  
1205.92  2.2704595412532e-21  
1206.69  2.26756286346797e-21  
1206.69  2.61398119879735e-21  
1207.46  2.61064837824762e-21  
1207.46  2.67984782412342e-21  
1209  2.67302509918375e-21  
1209  2.81105111169947e-21  
1209.77  2.80747386888877e-21  
1209.77  3.28998089565366e-21  
1210.54  3.28579684621474e-21  
1210.54  4.11190858467932e-21  
1212.09  4.10139883182036e-21  
1212.09  5.95539429885759e-21  
1212.86  5.94783497959717e-21  
1212.86  9.92545777975569e-21  
1213.63  9.91286715818791e-21  
1213.63  1.84059412847091e-20  
1215.17  1.83593186911645e-20  
1215.17  2.97001676589986e-20  
1215.94  2.96625640139124e-20  
1215.94  3.68270061895167e-20  
1216.71  3.67804086898528e-20  
1216.71  3.43954181397563e-20  
1217.48  3.43519248637048e-20  
1217.48  2.43469834174643e-20  
1219.03  2.42851082668554e-20  
1219.03  1.41021188028076e-20  
1219.79  1.4084551399495e-20  
1219.79  7.91452906185203e-21  
1220.56  7.90454632426552e-21  
1220.56  5.39901309820754e-21  
1222.1  5.38541479770043e-21  
1222.1  4.5073263788802e-21  
1222.88  4.50157831963253e-21  
1222.88  4.36664772533033e-21  
1223.65  4.36115389808576e-21  
1223.65  4.29377348130762e-21  
1225.19  4.28298616598013e-21  
1225.96  4.27760774633058e-21  
1225.96  4.07624750300923e-21  
1226.73  4.07113191030901e-21  
1227.5  4.06602594148855e-21  
1229.05  4.05577677969172e-21  
1229.05  4.12256640695146e-21  
1229.82  4.1174056803697e-21  
1229.82  4.05069966195231e-21  
1230.59  4.04563207173413e-21  
1232.13  4.03552537864096e-21  
1232.9  4.03048622834148e-21  
1232.9  4.09685937644332e-21  
1233.67  4.09174683054767e-21  
1234.44  4.08664384874367e-21  
1234.44  4.02043620222992e-21  
1235.99  4.01035882509944e-21  
1236.76  4.00536672474567e-21  
1236.76  4.07132621046586e-21  
1237.53  4.06626137018419e-21  
1237.53  4.19799664195646e-21  
1239.07  4.18756801837279e-21  
1239.07  4.38470935309369e-21  
1239.84  4.37926481540685e-21  
1239.84  4.57614184178824e-21  
1240.61  4.57046312611439e-21  
1240.61  4.76709583999538e-21  
1242.16  4.75520624693428e-21  
1242.16  4.95134854001632e-21  
1242.93  4.9452156806685e-21  
1242.93  5.14113444623748e-21  
1243.7  5.13477045479919e-21  
1244.47  5.1284182726225e-21  
1244.47  5.06327354708895e-21  
1246.01  5.05076542491062e-21  
1246.01  4.92079783604539e-21  
1246.78  4.91472163286064e-21  
1246.78  4.84981808044402e-21  
1247.56  4.84375556554669e-21  
1247.56  4.77895242099002e-21  
1249.1  4.76717586193722e-21  
1249.1  4.70251318119809e-21  
1249.87  4.69672086714063e-21  
1250.64  4.69093924850795e-21  
1250.64  4.75544277998251e-21  
1252.18  4.74375296137532e-21  
1252.18  4.87242376625102e-21  
1252.95  4.86643691366049e-21  
1252.95  4.93070282064413e-21  
1253.73  4.92456951948005e-21  
1253.73  4.86038355285713e-21  
1254.5  4.85441887086123e-21  
1256.04  4.84252239923608e-21  
1256.04  4.65069113548826e-21  
1256.81  4.6449942756721e-21  
1256.81  4.32565448031228e-21  
1257.58  4.32035901718307e-21  
1257.58  3.87384199499497e-21  
1259.12  3.86437178022822e-21  
1259.12  3.73711547824536e-21  
1259.9  3.73248963848828e-21  
1259.9  3.85958842131915e-21  
1260.67  3.85487509349881e-21  
1260.67  4.23574355577925e-21  
1262.21  4.22541395016658e-21  
1262.21  4.60533476738344e-21  
1262.98  4.59972101768899e-21  
1262.98  4.85269909107875e-21  
1263.75  4.84678741557996e-21  
1263.75  5.16262947341851e-21  
1264.52  5.15634406174564e-21  
1266.07  5.14372636928768e-21  
1266.07  5.01784464549039e-21  
1266.84  5.0117466912673e-21  
1266.84  4.82317226586008e-21  
1267.61  4.81731444733221e-21  
1267.61  4.75452642431711e-21  
1269.15  4.74299503966565e-21  
1269.15  4.80563077982851e-21  
1269.92  4.79980487918203e-21  
1269.92  4.73724507277601e-21  
1270.69  4.73150555564101e-21  
1270.69  4.7939895662891e-21  
1271.46  4.78818481550959e-21  
1271.46  4.72577646295472e-21  
1273.01  4.71427538419694e-21  
1273.01  4.83878832403826e-21  
1273.78  4.83293999722166e-21  
1273.78  4.77075877262239e-21  
1274.55  4.76499615112446e-21  
1274.55  4.8271022667361e-21  
1276.09  4.81545849250218e-21  
1276.86  4.80965239781851e-21  
1277.63  4.80385679759468e-21  
1277.63  4.74204976116433e-21  
1279.18  4.73056470984326e-21  
1279.18  4.668907367537e-21  
1279.95  4.66329155863115e-21  
1279.95  4.72487473886376e-21  
1280.72  4.71919502764547e-21  
1280.72  4.78070417952835e-21  
1281.49  4.7749608084727e-21  
1281.49  4.83639606540845e-21  
1283.03  4.82479293835102e-21  
1283.03  4.7635050723821e-21  
1283.8  4.75779265777538e-21  
1283.8  4.69657828846395e-21  
1284.58  4.69087647328175e-21  
1284.58  4.75201652614429e-21  
1286.12  4.74064321090033e-21  
1286.12  4.86261251886603e-21  
1286.89  4.85679525168627e-21  
1286.89  5.03955751365533e-21  
1287.66  5.03353216681013e-21  
1289.2  5.02151384580787e-21  
1289.2  4.90010858003708e-21  
1289.97  4.89426044790207e-21  
1289.97  4.65175773202444e-21  
1290.75  4.64613731797217e-21  
1291.52  4.64059894569722e-21  
1291.52  4.64059894569722e-21  
1293.06  4.62955186865899e-21  
1293.83  4.62404311683148e-21  
1293.83  4.50350519936039e-21  
1294.6  4.49814961810374e-21  
1294.6  4.37777294454577e-21  
1296.14  4.36737628177768e-21  
1296.14  4.42743060747428e-21  
1296.92  4.4221066747804e-21  
1296.92  4.30214245261323e-21  
1297.69  4.29703851116619e-21  
1297.69  4.05741252595972e-21  
1298.46  4.05260177891859e-21  
1298.46  3.69359787346072e-21  
1300  3.68485207100592e-21  
1300  3.50577514792899e-21  
1300.77  3.50162583961842e-21  
1300.77  3.44199827142002e-21  
1301.54  3.4379268564966e-21  
1301.54  3.55702322082104e-21  
1303.09  3.5485662347955e-21  
1303.09  4.02385439857848e-21  
1303.86  4.01910319367946e-21  
1303.86  4.49383015637798e-21  
1304.63  4.48852715385453e-21  
1304.63  4.84416103295247e-21  
1306.17  4.83274504538114e-21  
1306.17  4.95099858088495e-21  
1306.94  4.94516641432123e-21  
1306.94  5.18141244869768e-21  
1307.71  5.1753124525358e-21  
1307.71  5.35230153881948e-21  
1308.48  5.3460040645527e-21  
1310.03  5.33336098888541e-21  
1310.03  5.15699822580162e-21  
1310.8  5.15094127992242e-21  
1310.8  4.97480311683068e-21  
1311.57  4.96896359021598e-21  
1311.57  4.9103139741657e-21  
1313.11  4.89880321074742e-21  
1313.11  4.78179635042537e-21  
1313.88  4.77619324469909e-21  
1313.88  4.65930610964043e-21  
1314.65  4.65384972954905e-21  
1316.2  4.64289513347872e-21  
1316.97  4.63746754722103e-21  
1316.97  4.81197645995396e-21  
1317.74  4.80635450216106e-21  
1317.74  4.92254057836231e-21  
1318.51  4.91679280325941e-21  
1320.05  4.90532741306139e-21  
1320.05  4.67375060447419e-21  
1320.82  4.66830286902106e-21  
1321.59  4.66286465286101e-21  
1321.59  4.6051010019962e-21  
1323.14  4.59431797724878e-21  
1323.14  4.65194637225785e-21  
1323.91  4.64653670386264e-21  
1323.91  4.58897532392257e-21  
1324.68  4.58364198450006e-21  
1324.68  4.6411364661992e-21  
1326.22  4.6303641954984e-21  
1326.99  4.62499211883519e-21  
1327.76  4.61962938565157e-21  
1327.76  4.50519029941613e-21  
1328.54  4.49990176182465e-21  
1330.08  4.48948759585442e-21  
1330.08  4.43245901088515e-21  
1330.85  4.42733145165969e-21  
1330.85  4.14253532401528e-21  
1331.62  4.1377459246769e-21  
1331.62  3.79639922730486e-21  
1333.16  3.78763347069137e-21  
1333.16  3.61733732157061e-21  
1333.93  3.6131623711195e-21  
1333.93  3.89664484753397e-21  
1334.71  3.89209180623134e-21  
1334.71  4.23185982306476e-21  
1335.48  4.22698128849285e-21  
1335.48  4.56637443781107e-21  
1337.02  4.55586125666626e-21  
1337.02  4.4994231657907e-21  
1337.79  4.49424513518825e-21  
1337.79  4.55061827592444e-21  
1338.56  4.54538434057595e-21  
1338.56  4.48907603792464e-21  
1340.1  4.47876456132208e-21  
1340.1  4.59112248455275e-21  
1340.88  4.5857826570236e-21  
1340.88  4.41745847908392e-21  
1341.65  4.41238939705729e-21  
1343.19  4.40227737372564e-21  
1343.19  4.51410230597532e-21  
1343.96  4.50893122490556e-21  
1343.96  4.73234149891616e-21  
1344.73  4.72692351955309e-21  
1344.73  4.83849247210867e-21  
1345.5  4.83295613148747e-21  
1347.05  4.82184032710009e-21  
1347.05  4.76625610509373e-21  
1347.82  4.76081180411358e-21  
1347.82  4.64973731491026e-21  
1348.59  4.64442914027295e-21  
1348.59  4.53349794987539e-21  
1350.13  4.52316175241891e-21  
1350.13  4.57850911710458e-21  
1350.9  4.57329119233841e-21  
1350.9  4.73912761656975e-21  
1351.67  4.73372971786192e-21  
1351.67  4.89937725327394e-21  
1353.22  4.88816002979561e-21  
1353.22  4.94325491802382e-21  
1353.99  4.93763416161716e-21  
1353.99  4.82756967707918e-21  
1354.76  4.82208358023915e-21  
1354.76  4.65719081638474e-21  
1355.53  4.65190134523155e-21  
1355.53  4.5421031311643e-21  
1357.07  4.53180024338656e-21  
1357.07  4.64134940131284e-21  
1357.84  4.63608688773564e-21  
1357.84  4.69080749717558e-21  
1358.61  4.68549191988092e-21  
1360.16  4.67481909550944e-21  
1360.16  4.56575090199191e-21  
1360.93  4.56058585508773e-21  
1360.93  4.34271243437177e-21  
1361.7  4.337802478962e-21  
1361.7  4.22899702419912e-21  
1363.24  4.21944774913588e-21  
1364.01  4.21468523606893e-21  
1364.01  4.43157583040662e-21  
1364.78  4.42657670851605e-21  
1364.78  4.53489161878865e-21  
1365.56  4.52971249045432e-21  
1365.56  4.47562493045678e-21  
1367.1  4.46554727657685e-21  
1367.1  4.35758362844762e-21  
1367.87  4.35267907611184e-21  
1367.87  4.29875800972943e-21  
1368.64  4.29392238816581e-21  
1368.64  4.34778279938439e-21  
1370.18  4.33801499837557e-21  
1370.95  4.33314343703524e-21  
1370.95  4.38682249557074e-21  
1371.73  4.38183499991445e-21  
1371.73  4.48905511516333e-21  
1372.5  4.48401962833567e-21  
1372.5  4.53757751301422e-21  
1374.03  4.52747783787299e-21  
1374.03  4.5809165141777e-21  
1374.8  4.57578657829374e-21  
1374.8  4.62914953895164e-21  
1375.58  4.62390126122735e-21  
1377.12  4.61356544963706e-21  
1377.12  4.50718300350744e-21  
1377.89  4.50214695389216e-21  
1377.89  4.39588337297758e-21  
1378.66  4.39097442521557e-21  
1378.66  4.28481372677777e-21  
1380.2  4.27525723954709e-21  
1380.2  4.48708934425457e-21  
1380.97  4.48208692485255e-21  
1381.75  4.47702806319907e-21  
1381.75  4.4241848551164e-21  
1382.52  4.41925809286699e-21  
1382.52  4.20813634046198e-21  
1384.06  4.19877702854855e-21  
1384.83  4.19410907727443e-21  
1385.6  4.18944890600249e-21  
1385.6  4.13691457398834e-21  
1387.14  4.12773408464701e-21  
1387.14  4.07530074365857e-21  
1387.92  4.07072145757828e-21  
1387.92  4.01834703427067e-21  
1388.69  4.01389208838428e-21  
1388.69  3.90925937171985e-21  
1390.23  3.90060335793749e-21  
1390.23  3.69183233119895e-21  
1391  3.68774617146998e-21  
1391  3.37490522672971e-21  
1391.77  3.37117191136507e-21  
1391.77  3.2670172763065e-21  
1392.54  3.26340530421831e-21  
1392.54  3.41947226405558e-21  
1394.09  3.41187270370918e-21  
1394.09  3.72331292553343e-21  
1394.86  3.71920332365814e-21  
1394.86  3.92660611008857e-21  
1395.63  3.92227451411764e-21  
1395.63  4.12944850625374e-21  
1397.17  4.12035033499013e-21  
1397.17  4.17203356150089e-21  
1397.94  4.16743882766048e-21  
1397.94  4.21906513452609e-21  
1398.71  4.21442116123271e-21  
1398.71  4.00815857080667e-21  
1399.48  4.00374917152039e-21  
1399.48  3.74620074250429e-21  
1401.03  3.73791626731107e-21  
1401.03  3.63513388640717e-21  
1401.8  3.63114147045436e-21  
1401.8  3.78515334858484e-21  
1402.57  3.78099845001888e-21  
1402.57  4.08868409383225e-21  
1404.11  4.07972023697484e-21  
1404.11  4.23324099707927e-21  
1404.88  4.22860187873084e-21  
1404.88  4.33082169208127e-21  
1405.65  4.32607823626014e-21  
1407.2  4.31655332391104e-21  
1407.97  4.31183328413287e-21  
1407.97  4.21006165167149e-21  
1408.74  4.20546057337161e-21  
1409.51  4.20086703356914e-21  
1409.51  4.30241640056945e-21  
1411.05  4.29303033253831e-21  
1411.05  4.34370178064298e-21  
1411.82  4.33896500358529e-21  
1411.82  4.28834881234792e-21  
1412.59  4.28367494573284e-21  
1412.59  4.23311392102616e-21  
1414.14  4.22383940685826e-21  
1414.14  4.02205341502117e-21  
1414.91  4.01767696926214e-21  
1414.91  3.9672966016853e-21  
1415.68  3.96298208482715e-21  
1417.22  3.95437413891911e-21  
1417.22  4.00459040522259e-21  
1417.99  4.00024242336348e-21  
1417.99  4.05041908759247e-21  
1418.76  4.04602373339289e-21  
1419.54  4.04157858711971e-21  
1419.54  4.09164573507045e-21  
1421.08  4.08278244768846e-21  
1421.08  4.18268497815475e-21  
1421.85  4.17815595559935e-21  
1421.85  4.27796515064609e-21  
1422.62  4.27333546498125e-21  
1422.62  4.47272300145359e-21  
1424.16  4.46305517017947e-21  
1424.16  4.41331233275047e-21  
1424.93  4.40854391278977e-21  
1424.93  4.30916572850621e-21  
1425.71  4.30445196507205e-21  
1425.71  4.10594253270763e-21  
1427.25  4.09708670483413e-21  
1427.25  3.89899069671501e-21  
1428.02  3.8947870953299e-21  
1428.02  3.94424667075284e-21  
1428.79  3.93999656881856e-21  
1428.79  4.08825949689188e-21  
1429.56  4.08385658687187e-21  
1429.56  4.18257740997884e-21  
1431.1  4.17358054944446e-21  
1431.1  4.22284210919142e-21  
1431.88  4.21824267388827e-21  
1431.88  4.16903476884853e-21  
1432.65  4.16455454814187e-21  
1432.65  4.21370957229016e-21  
1434.19  4.20466526322113e-21  
1434.19  4.3027497137153e-21  
1434.96  4.29813323887327e-21  
1435.73  4.29352418965932e-21  
1435.73  4.24457983894078e-21  
1436.5  4.2400306561722e-21  
1436.5  4.04449215659217e-21  
1438.05  4.03577815590138e-21  
1438.05  3.98699160122343e-21  
1438.82  3.98272538020122e-21  
1438.82  4.08017959157115e-21  
1439.59  4.07581599072974e-21  
1439.59  4.22184821020154e-21  
1441.13  4.21283004751672e-21  
1441.13  4.26140829063788e-21  
1441.9  4.25685817169487e-21  
1441.9  4.25685817169487e-21  
1441.9  4.15981985378588e-21  
1442.67  4.15538057592149e-21  
1442.67  4.05843140130445e-21  
1444.22  4.04972470424243e-21  
1444.22  4.14646589035102e-21  
1444.99  4.14204796627053e-21  
1444.99  4.23867170995968e-21  
1445.76  4.2341579482204e-21  
1446.53  4.22965139270169e-21  
1446.53  4.08501704601775e-21  
1448.07  4.07633296154727e-21  
1448.07  4.02821923345342e-21  
1448.84  4.02393869924964e-21  
1448.84  4.12006390059625e-21  
1449.61  4.11568809381115e-21  
1449.61  4.06767653910684e-21  
1451.16  4.05899171941813e-21  
1451.16  3.96318787306986e-21  
1451.93  3.95898540398059e-21  
1452.7  3.9547896156448e-21  
1452.7  4.09819797099828e-21  
1454.24  4.08952280985718e-21  
1454.24  4.04181648624261e-21  
1455.01  4.03753971124132e-21  
1455.01  4.08519555527253e-21  
1455.78  4.08087516526514e-21  
1456.56  4.07650565031857e-21  
1456.56  4.21915492569237e-21  
1458.1  4.21024735096181e-21  
1458.1  4.25770142484655e-21  
1458.87  4.25320813221599e-21  
1458.87  4.15840014414265e-21  
1459.64  4.15401396186738e-21  
1461.18  4.14526239071271e-21  
1461.18  4.09800816148069e-21  
1461.95  4.09369250731731e-21  
1461.95  4.14089697263889e-21  
1462.73  4.13648188787612e-21  
1462.73  4.04218763886179e-21  
1463.5  4.03793527714414e-21  
1463.5  3.94372621852155e-21  
1465.04  3.93543955558592e-21  
1465.04  3.88844798083851e-21  
1465.81  3.884363797304e-21  
1465.81  3.93130601502855e-21  
1466.58  3.92717898347298e-21  
1466.58  3.97408586982551e-21  
1468.12  3.96575292378324e-21  
1468.12  4.05935606713229e-21  
1468.9  4.0550460976788e-21  
1468.9  4.14856376299105e-21  
1469.67  4.14421781147456e-21  
1469.67  4.19092766052303e-21  
1471.21  4.18215848318464e-21  
1471.21  4.13554637071931e-21  
1471.98  4.13122085294673e-21  
1471.98  4.08465749377851e-21  
1472.75  4.08038743563004e-21  
1472.75  4.03387275330964e-21  
1473.52  4.02965798803235e-21  
1473.52  4.07612406979445e-21  
1475.07  4.0675622078589e-21  
1475.07  4.11393068803432e-21  
1475.84  4.10963903003609e-21  
1475.84  4.15595913855095e-21  
1476.61  4.15162589663863e-21  
1476.61  4.10535408413173e-21  
1478.15  4.09680427268288e-21  
1478.15  3.91211621584195e-21  
1478.92  3.90804358811196e-21  
1478.92  3.86191621128797e-21  
1479.69  3.85789793480688e-21  
1479.69  3.95005669851447e-21  
1481.24  3.94179418267402e-21  
1482.01  3.93769921295836e-21  
1482.01  3.98362077957611e-21  
1482.78  3.97948450641233e-21  
1482.78  3.93361062107604e-21  
1483.55  3.92952839378948e-21  
1483.55  4.0670344899459e-21  
1485.09  4.05860404369823e-21  
1485.09  4.15009382095065e-21  
1485.86  4.1457936254545e-21  
1486.63  4.14150011008646e-21  
1488.18  4.13287752118391e-21  
1488.18  4.08732240121097e-21  
1488.95  4.08309603435797e-21  
1489.72  4.07887621932954e-21  
1489.72  4.03341523600431e-21  
1490.49  4.02924891820502e-21  
1490.49  3.93842086943453e-21  
1492.03  3.93029497645011e-21  
1492.8  3.92624145738774e-21  
1492.8  4.01678862398031e-21  
1493.58  4.01259430292556e-21  
1493.58  4.10304692038378e-21  
1495.12  4.09459885190086e-21  
1495.89  4.09038459862907e-21  
1495.89  3.95512438815523e-21  
1496.66  3.95105577889184e-21  
1496.66  4.04113649170874e-21  
1498.2  4.03283299190105e-21  
1498.2  3.89798956184345e-21  
1498.97  3.89398590458468e-21  
1499.75  3.88993653745869e-21  
1499.75  3.62083351059149e-21  
1500.52  3.61711836323758e-21  
1500.52  3.5723094361454e-21  
1502.06  3.56498810893477e-21  
1502.83  3.5613358826548e-21  
1502.83  3.60600716401189e-21  
1503.6  3.60231480626332e-21  
1503.6  3.64694034662646e-21  
1505.14  3.63948135284338e-21  
1505.14  3.77307091708186e-21  
1505.92  3.76916336137562e-21  
1505.92  3.81365150864455e-21  
1506.69  3.80975454071672e-21  
1506.69  3.94306938710798e-21  
1508.23  3.93502124227903e-21  
1508.23  3.84631729060909e-21  
1509  3.84239295835326e-21  
1509  3.79809940884843e-21  
1509.77  3.7942262483389e-21  
1510.54  3.7903590093675e-21  
1510.54  3.74614258072198e-21  
1512.09  3.73846639087716e-21  
1512.09  3.65022786159505e-21  
1512.86  3.64651309594718e-21  
1512.86  3.47020252702294e-21  
1513.63  3.46667276572872e-21  
1513.63  3.51069575310301e-21  
1515.17  3.50356292454317e-21  
1515.17  3.59145614793544e-21  
1515.94  3.58780861715471e-21  
1515.94  3.6755995206072e-21  
1516.71  3.67186842736847e-21  
1517.48  3.66814301238482e-21  
1517.48  3.71195592952735e-21  
1519.03  3.70438452373103e-21  
1519.03  3.74810807414047e-21  
1519.8  3.74431111122887e-21  
1520.57  3.74051991507801e-21  
1520.57  3.65324985358069e-21  
1522.11  3.6458612171356e-21  
1522.11  3.51523382702882e-21  
1522.88  3.51167997412231e-21  
1522.88  3.2941791376276e-21  
1523.65  3.29085045059086e-21  
1523.65  3.16048698529402e-21  
1525.2  3.15406649536153e-21  
1525.2  2.98059735184799e-21  
1525.97  2.97759010934564e-21  
1525.97  3.02091686109574e-21  
1526.74  3.01787047545589e-21  
1526.74  3.06115353517458e-21  
1527.5  3.05810816964489e-21  
1527.5  3.14457531186298e-21  
1529.05  3.13820322292308e-21  
1529.05  3.22449515028194e-21  
1529.82  3.22125001501122e-21  
1529.82  3.35057686752101e-21  
1530.59  3.34720653942976e-21  
1530.59  3.64864004236657e-21  
1532.13  3.64130896500203e-21  
1532.13  3.8991705310632e-21  
1532.9  3.89525428441691e-21  
1532.9  3.98111329806065e-21  
1533.67  3.97711675680713e-21  
1533.67  3.89134393490534e-21  
1535.22  3.88349028751451e-21  
1535.22  3.66947191421307e-21  
1535.99  3.66579378459442e-21  
1535.99  3.40922662145864e-21  
1536.76  3.40581106296057e-21  
1536.76  3.23494188435081e-21  
1537.53  3.23170255695656e-21  
1537.53  3.18902486491843e-21  
1539.07  3.18264615406183e-21  
1539.07  3.05488183562264e-21  
1539.84  3.0518274002429e-21  
1539.84  2.96674056915328e-21  
1540.61  2.96377574435426e-21  
1540.61  2.83626672571297e-21  
1542.16  2.83056821953533e-21  
1542.16  2.87297742100274e-21  
1542.93  2.87011061484012e-21  
1542.93  2.7853642464248e-21  
1543.7  2.7825862512544e-21  
1543.7  2.69791181587684e-21  
1544.47  2.69522238292793e-21  
1544.47  2.56834991892114e-21  
1546.01  2.56323573604575e-21  
1546.78  2.56068437094315e-21  
1546.78  2.68717816888394e-21  
1547.56  2.68447007257771e-21  
1547.56  2.89508895594638e-21  
1549.1  2.88933565290728e-21  
1549.1  3.18360861157266e-21  
1549.87  3.18044606285694e-21  
1549.87  3.6004290997211e-21  
1550.64  3.59685426342138e-21  
1550.64  3.8905430048333e-21  
1552.18  3.88282680694798e-21  
1552.18  4.09219375934764e-21  
1552.95  4.08813669631741e-21  
1552.95  3.92081167797763e-21  
1553.73  3.91687603218949e-21  
1553.73  3.83329128850475e-21  
1554.5  3.82949469375839e-21  
1554.5  3.57901364604013e-21  
1556.04  3.5719329108634e-21  
1556.81  3.56840042049044e-21  
1556.81  3.61001521348659e-21  
1557.58  3.60644682582121e-21  
1557.58  3.73120489728307e-21  
1559.12  3.72383764171977e-21  
1559.12  3.76534155403117e-21  
1559.9  3.7615769125497e-21  
1559.9  3.59572724808684e-21  
1560.67  3.59218001904938e-21  
1560.67  3.42651860098303e-21  
1562.21  3.41976632345735e-21  
1562.21  3.37842643551499e-21  
1562.98  3.37509850096675e-21  
1563.75  3.37177548129362e-21  
1563.75  3.45428022090721e-21  
1564.52  3.4508809147397e-21  
1566.07  3.44405335476034e-21  
1566.07  3.36179288164355e-21  
1566.84  3.3584894882411e-21  
1566.84  3.39958541906852e-21  
1567.61  3.39624653008637e-21  
1567.61  3.43728989069338e-21  
1569.15  3.43054633031193e-21  
1569.15  3.47152135271866e-21  
1569.92  3.46811682776225e-21  
1570.69  3.46471730858343e-21  
1570.69  3.42382259559513e-21  
1571.46  3.42046813858395e-21  
1571.46  3.37962564006883e-21  
1573.01  3.37296854463262e-21  
1573.01  3.29142019981634e-21  
1573.78  3.28820021537737e-21  
1573.78  3.32893449856059e-21  
1574.55  3.32567940624168e-21  
1574.55  3.44775066299634e-21  
1576.09  3.4410163495459e-21  
1576.09  3.48163131563682e-21  
1576.86  3.4782318996257e-21  
1577.63  3.47483745989831e-21  
1577.63  3.39376603514901e-21  
1579.18  3.38710719222305e-21  
1579.18  3.42756337025773e-21  
1579.95  3.42422328902384e-21  
1579.95  3.383806534599e-21  
1580.72  3.38051069924705e-21  
1580.72  3.34014531719395e-21  
1581.49  3.33689359156226e-21  
1581.49  3.25621743178811e-21  
1583.03  3.24988509985411e-21  
1583.03  3.37065203304548e-21  
1583.8  3.3673753931176e-21  
1583.8  3.40759589122477e-21  
1584.58  3.40424197962499e-21  
1584.58  3.44442289087989e-21  
1586.12  3.43773760078183e-21  
1586.12  3.35753175275987e-21  
1586.89  3.35427422108143e-21  
1587.66  3.3510214278692e-21  
1589.2  3.34453002012261e-21  
1589.2  3.14481563161458e-21  
1589.97  3.14177038964739e-21  
1589.97  3.02204355058537e-21  
1590.75  3.01908065124557e-21  
1590.75  2.97921083278261e-21  
1591.52  2.97632876104215e-21  
1591.52  2.97632876104215e-21  
1591.52  3.13565375554478e-21  
1593.06  3.12959425653248e-21  
1593.06  3.32834199771587e-21  
1593.83  3.32512684393962e-21  
1593.83  3.48397853160063e-21  
1594.6  3.48061465882069e-21  
1594.6  3.59964724164927e-21  
1596.14  3.59270451417928e-21  
1596.14  3.55310351358543e-21  
1596.92  3.54963340374413e-21  
1596.92  3.43094642995446e-21  
1597.69  3.427640166359e-21  
1597.69  3.2695668717109e-21  
1598.46  3.26641764042811e-21  
1598.46  3.18744537948619e-21  
1600  3.1813125e-21  
1600  3.22072265625e-21  
1600.77  3.21762494703152e-21  
1601.54  3.21453170475608e-21  
1603.09  3.20831855966235e-21  
1603.09  3.09055511021132e-21  
1603.86  3.0875883223482e-21  
1603.86  2.9699262578709e-21  
1604.63  2.96707663579645e-21  
1604.63  2.92789357959486e-21  
1606.17  2.92228172715942e-21  
1606.17  2.88318540145971e-21  
1606.94  2.88042298236999e-21  
1607.71  2.87766453144609e-21  
1607.71  2.99475213089121e-21  
1608.48  2.99188556469868e-21  
1608.48  3.18685250105209e-21  
1610.03  3.18071939340455e-21  
1610.03  3.33639045626294e-21  
1610.8  3.33320147361407e-21  
1610.8  3.25543455773356e-21  
1611.57  3.25232444055734e-21  
1611.57  3.13579706111303e-21  
1613.11  3.12981256861819e-21  
1613.11  3.1685847427955e-21  
1613.88  3.16556193041574e-21  
1613.88  3.28175596958118e-21  
1614.65  3.27862668513482e-21  
1614.65  3.43340817887786e-21  
1616.2  3.42682578712342e-21  
1616.2  3.34957766817139e-21  
1616.97  3.34638829458516e-21  
1616.97  3.38497557731877e-21  
1617.74  3.38175403257171e-21  
1617.74  3.34320347407885e-21  
1618.51  3.34002319799006e-21  
1618.51  3.26300687692328e-21  
1620.05  3.25680627543109e-21  
1620.05  3.17993630634375e-21  
1620.82  3.17691565094516e-21  
1620.82  3.06170309728775e-21  
1621.59  3.05879613355277e-21  
1621.59  3.13553157620585e-21  
1623.14  3.12954595154553e-21  
1623.91  3.12657881780783e-21  
1623.91  3.16483698930814e-21  
1624.68  3.16183781777355e-21  
1625.45  3.15884290748672e-21  
1625.45  3.31156304604162e-21  
1626.99  3.30529700442781e-21  
1626.99  3.34341046252076e-21  
1627.76  3.34024805878875e-21  
1627.76  3.30217065075412e-21  
1628.54  3.29900821533961e-21  
1628.54  3.22293764311502e-21  
1630.08  3.21685085050636e-21  
1630.85  3.21381391834533e-21  
1630.85  3.28966914449721e-21  
1631.62  3.28656493207111e-21  
1631.62  3.21078128476965e-21  
1633.16  3.20472888095871e-21  
1633.16  3.24255490141569e-21  
1633.93  3.23949947191101e-21  
1633.93  3.27727861215565e-21  
1634.71  3.2741518588415e-21  
1634.71  3.23640876254245e-21  
1635.48  3.23336201405274e-21  
1635.48  3.15792445237261e-21  
1637.02  3.15198571470698e-21  
1637.02  3.30256591021957e-21  
1637.79  3.29946126558716e-21  
1637.79  3.48751236103642e-21  
1638.56  3.48423539400001e-21  
1638.56  3.6345326770424e-21  
1640.1  3.62771046798386e-21  
1640.88  3.62426238935551e-21  
1640.88  3.54932052819512e-21  
1641.65  3.54599176034742e-21  
1641.65  3.58342754841852e-21  
1643.19  3.57671390914168e-21  
1643.19  3.42726241512974e-21  
1643.96  3.42405263626349e-21  
1643.96  3.34940242333978e-21  
1644.73  3.3462670319238e-21  
1644.73  3.23437989814478e-21  
1645.5  3.23135359632511e-21  
1645.5  3.26861441122677e-21  
1647.05  3.262465273769e-21  
1647.05  3.29965599111745e-21  
1647.82  3.29657295839462e-21  
1647.82  3.33372892660593e-21  
1648.59  3.33061551235345e-21  
1648.59  3.29349424460026e-21  
1650.13  3.28734974156277e-21  
1650.9  3.28428393624953e-21  
1650.9  3.13622511334106e-21  
1651.67  3.13330161115008e-21  
1652.44  3.1303821948663e-21  
1652.44  3.16733068734088e-21  
1653.99  3.16139708167782e-21  
1653.99  3.12451780767325e-21  
1654.76  3.12161065623736e-21  
1654.76  2.97424177082955e-21  
1655.53  2.9714757278386e-21  
1655.53  2.89786528451585e-21  
1657.07  2.89248151819998e-21  
1657.07  2.92921289896799e-21  
1657.84  2.92649252771491e-21  
1657.84  3.11002252991923e-21  
1658.61  3.10713558062884e-21  
1658.61  3.25382110863128e-21  
1660.16  3.24774811767221e-21  
1660.93  3.24473753158078e-21  
1660.93  3.2081658050942e-21  
1661.7  3.20519328860159e-21  
1661.7  3.13212847113429e-21  
1662.47  3.12922775063439e-21  
1662.47  3.2387289041708e-21  
1664.01  3.23273695154711e-21  
1664.01  3.37847198454348e-21  
1664.78  3.37534746140137e-21  
1664.78  3.4117502306235e-21  
1665.56  3.40855545883086e-21  
1665.56  3.33581809568221e-21  
1667.1  3.32965795277968e-21  
1667.1  3.03926737551026e-21  
1667.87  3.03646176635045e-21  
1667.87  2.8551432847563e-21  
1668.64  2.85250886021236e-21  
1668.64  2.67134690568365e-21  
1670.18  2.66642291231418e-21  
1670.18  2.73874766974991e-21  
1670.95  2.73622413545696e-21  
1670.95  2.70008970509333e-21  
1671.73  2.69757066357077e-21  
1671.73  2.76977210125627e-21  
1672.5  2.7672223451105e-21  
1674.04  2.76213338396282e-21  
1674.04  2.94212846466537e-21  
1674.81  2.93942377798939e-21  
1674.81  3.08328532851147e-21  
1675.58  3.08045217915858e-21  
1675.58  3.04451716782084e-21  
1677.12  3.0389285351332e-21  
1677.12  3.00305948748294e-21  
1677.9  3.00026809115253e-21  
1677.9  2.96444304028431e-21  
1678.67  2.96172410490584e-21  
1678.67  2.92592126604719e-21  
1680.21  2.92056020547134e-21  
1680.21  2.95629744407268e-21  
1680.98  2.95358970492916e-21  
1680.98  3.02498810019314e-21  
1681.75  3.02221871400823e-21  
1681.75  3.09355174381525e-21  
1682.52  3.09072088322833e-21  
1682.52  3.12636005898231e-21  
1684.06  3.12064483135186e-21  
1684.06  3.15621885594022e-21  
1684.83  3.15333460865762e-21  
1685.6  3.15045431313661e-21  
1687.14  3.14470554853228e-21  
1687.14  2.8966168279772e-21  
1687.92  2.89394035149456e-21  
1687.92  2.9293518580424e-21  
1688.69  2.92668104613239e-21  
1688.69  2.82054338491833e-21  
1689.46  2.81797295000435e-21  
1689.46  2.92401388519338e-21  
1691  2.9186904896378e-21  
1691  2.77757047520162e-21  
1691.77  2.77504265812205e-21  
1691.77  2.634040592614e-21  
1692.54  2.6316444898317e-21  
1692.54  2.56121806195164e-21  
1694.09  2.55653345619814e-21  
1694.09  2.66198510401319e-21  
1694.86  2.65956689493507e-21  
1694.86  2.87028904479529e-21  
1695.63  2.86768279137117e-21  
1695.63  2.83259258369245e-21  
1697.17  2.82745436717011e-21  
1697.17  2.89750747789087e-21  
1697.94  2.89488008838266e-21  
1697.94  2.96485927081522e-21  
1698.71  2.96217202669849e-21  
1698.71  2.99713510277794e-21  
1699.48  2.99441983549413e-21  
1699.48  3.06427225078207e-21  
1701.03  3.05869038799191e-21  
1701.03  2.98896521550937e-21  
1701.8  2.98626104046594e-21  
1701.8  3.02108690650885e-21  
1702.57  3.01835490619286e-21  
1702.57  2.84435199501973e-21  
1704.11  2.8392134501626e-21  
1704.88  2.83664939795354e-21  
1704.88  2.80193892830696e-21  
1705.65  2.79940968023776e-21  
1705.65  2.69538258037391e-21  
1707.2  2.69049042195401e-21  
1707.2  2.58664183953468e-21  
1707.97  2.58431010624126e-21  
1707.97  2.54973540090616e-21  
1708.74  2.54743797250388e-21  
1708.74  2.75474038296654e-21  
1709.51  2.75225935344449e-21  
1709.51  2.82130476561367e-21  
1711.05  2.8162285210796e-21  
1711.05  2.85068911203923e-21  
1711.82  2.84812513108457e-21  
1711.82  2.67598738762827e-21  
1712.59  2.67358161966979e-21  
1712.59  2.57038568969378e-21  
1714.14  2.5657392821405e-21  
1714.14  2.73741138182378e-21  
1714.91  2.73495372100419e-21  
1714.91  2.90647169266857e-21  
1715.68  2.90386341956625e-21  
1716.45  2.9012586558929e-21  
1716.45  2.73004831822208e-21  
1717.99  2.7251561010824e-21  
1717.99  2.62261804847051e-21  
1718.76  2.62026872273476e-21  
1718.76  2.68857295932447e-21  
1719.54  2.68613438705653e-21  
1719.54  2.61789210333909e-21  
1721.08  2.61320928772544e-21  
1721.08  2.71537948044066e-21  
1721.85  2.71295142376383e-21  
1721.85  2.64490224106272e-21  
1722.62  2.64253826112779e-21  
1724.16  2.63781979938095e-21  
1724.16  2.3663317655191e-21  
1724.93  2.36421960006679e-21  
1724.93  2.46593421920802e-21  
1725.71  2.46370557823386e-21  
1725.71  2.56532827060506e-21  
1726.48  2.56304053801433e-21  
1726.48  2.83379942465313e-21  
1728.02  2.82875074870353e-21  
1728.02  2.86253782345807e-21  
1728.79  2.85998845278738e-21  
1729.56  2.85744248629766e-21  
1729.56  2.82371555277029e-21  
1731.1  2.81869378890706e-21  
1731.1  2.65037904720762e-21  
1731.88  2.64799224197288e-21  
1731.88  2.68161887387999e-21  
1732.65  2.67923594862928e-21  
1732.65  2.64563919783281e-21  
1734.19  2.64094250907752e-21  
1734.19  2.67447961701649e-21  
1734.96  2.67210619939211e-21  
1734.96  2.70562351193497e-21  
1735.73  2.703223521149e-21  
1735.73  2.73671110256301e-21  
1736.5  2.73428461209831e-21  
1736.5  2.80119044292904e-21  
1738.05  2.79619644488638e-21  
1738.05  2.69601165395012e-21  
1738.82  2.69362443809947e-21  
1738.82  2.5935283569878e-21  
1739.59  2.59123290247027e-21  
1739.59  2.52455463409112e-21  
1741.13  2.52009075743215e-21  
1741.13  2.38697991552567e-21  
1741.9  2.38487007190633e-21  
1741.9  2.38487007190633e-21  
1741.9  2.31837842268566e-21  
1742.67  2.31633012094149e-21  
1742.67  2.38276302437686e-21  
1744.22  2.37853002432971e-21  
1744.22  2.54433202770888e-21  
1744.99  2.54208708256417e-21  
1744.99  2.60835330786106e-21  
1745.76  2.60605288956891e-21  
1745.76  2.63914693714916e-21  
1746.53  2.63682038658104e-21  
1748.07  2.63217650537127e-21  
1748.84  2.62985916390758e-21  
1749.61  2.62754488134317e-21  
1749.61  2.56163795793876e-21  
1751.16  2.55710521208104e-21  
1751.16  2.68869560096368e-21  
1751.93  2.6863326747629e-21  
1751.93  2.78493628792356e-21  
1752.7  2.78248985681699e-21  
1752.7  2.81533211029767e-21  
1753.47  2.81286006372549e-21  
1753.47  2.84566372236394e-21  
1755.01  2.84067184264227e-21  
1755.01  2.70966790541816e-21  
1755.78  2.70729176856672e-21  
1755.78  2.57639297857186e-21  
1756.56  2.57410539335404e-21  
1756.56  2.44331310580631e-21  
1758.1  2.43903456167152e-21  
1758.1  2.40640345402377e-21  
1758.87  2.4042969594328e-21  
1758.87  2.50212398418045e-21  
1759.64  2.4999346568975e-21  
1759.64  2.40219322957654e-21  
1761.18  2.39799404473427e-21  
1761.18  2.52809136092744e-21  
1761.95  2.5258822119802e-21  
1761.95  2.49338388813907e-21  
1762.73  2.49117775431091e-21  
1762.73  2.52364732379459e-21  
1763.5  2.52144399608705e-21  
1763.5  2.39168875784995e-21  
1765.04  2.38751707461549e-21  
1765.04  2.25798816087406e-21  
1765.81  2.25601935131315e-21  
1765.81  2.41778210220075e-21  
1766.58  2.41567488204611e-21  
1768.12  2.4114686978144e-21  
1768.12  2.50828442312628e-21  
1768.9  2.50607284474746e-21  
1768.9  2.37710861650587e-21  
1769.67  2.37504046207217e-21  
1769.67  2.47167708640771e-21  
1771.21  2.4673808957129e-21  
1771.21  2.49954030115773e-21  
1771.98  2.49736846190224e-21  
1771.98  2.62588475662971e-21  
1772.75  2.62360412806253e-21  
1772.75  2.68780169300593e-21  
1773.52  2.68546830175208e-21  
1773.52  2.62132646935656e-21  
1775.07  2.61675055732257e-21  
1775.07  2.48868130942276e-21  
1775.84  2.48652360471959e-21  
1775.84  2.51851553568198e-21  
1776.61  2.51633291066457e-21  
1776.61  2.70809913579863e-21  
1778.15  2.70341036745932e-21  
1778.15  2.73531923078648e-21  
1778.92  2.73295179438963e-21  
1778.92  2.76482356038846e-21  
1779.69  2.76243162292305e-21  
1779.69  2.79428528743606e-21  
1780.46  2.79186890693049e-21  
1780.46  2.76004278812811e-21  
1782.01  2.75524348197235e-21  
1782.01  2.596408486833e-21  
1782.78  2.59416614308845e-21  
1782.78  2.46720222367978e-21  
1783.55  2.46507238641137e-21  
1783.55  2.56021076609076e-21  
1785.09  2.55579527568705e-21  
1785.09  2.61911775102252e-21  
1785.86  2.61685969507325e-21  
1786.63  2.61460455801884e-21  
1786.63  2.45658055698889e-21  
1788.18  2.45232365936083e-21  
1788.18  2.51541809746416e-21  
1788.95  2.51325319056262e-21  
1789.72  2.51109107731543e-21  
1789.72  2.47960280873088e-21  
1790.49  2.47747056156182e-21  
1792.03  2.47321430993263e-21  
1792.03  2.59887090163302e-21  
1792.8  2.59663897296758e-21  
1792.8  2.78495732147689e-21  
1793.58  2.78253557907535e-21  
1793.58  2.75117337207196e-21  
1795.12  2.74645503607871e-21  
1795.12  2.55862313554644e-21  
1795.89  2.55642955190939e-21  
1795.89  2.30619552856641e-21  
1796.66  2.30421920579714e-21  
1796.66  2.39797422569397e-21  
1798.2  2.39386867681829e-21  
1798.2  2.67466146307951e-21  
1798.97  2.67237232143459e-21  
1798.97  2.79706127648484e-21  
1799.75  2.7946373453537e-21  
1799.75  2.60776136488991e-21  
1800.52  2.60553140144469e-21  
1800.52  2.38770357199944e-21  
1802.06  2.38362436006094e-21  
1802.06  2.5078860723525e-21  
1802.83  2.50574426209954e-21  
1802.83  2.44367108268281e-21  
1803.6  2.44158500475208e-21  
1805.14  2.43742085457498e-21  
1805.14  2.31357361424462e-21  
1805.92  2.31157552163045e-21  
1805.92  2.55904688500188e-21  
1806.69  2.5568660502142e-21  
1808.23  2.55251273567211e-21  
1809  2.55034024643688e-21  
1809.77  2.54817052958845e-21  
1809.77  2.60976855262054e-21  
1810.54  2.60754922084849e-21  
1810.54  2.73064965349041e-21  
1812.09  2.72598024215671e-21  
1812.09  2.75670500890707e-21  
1812.86  2.75436372269244e-21  
1812.86  2.69296637865168e-21  
1813.63  2.69068019687466e-21  
1815.17  2.68611655847521e-21  
1815.17  2.56364331568748e-21  
1815.94  2.56146969008155e-21  
1815.94  2.65324446715763e-21  
1816.71  2.65099582506907e-21  
1816.71  2.77327060781687e-21  
1817.48  2.77092123833982e-21  
1817.48  2.67929283986846e-21  
1819.03  2.6747287210228e-21  
1819.03  2.58326547613472e-21  
1819.8  2.58107985837873e-21  
1819.8  2.33737819038385e-21  
1820.57  2.33540144617424e-21  
1820.57  2.45714922969763e-21  
1822.11  2.45299754759241e-21  
1822.11  2.54415184438954e-21  
1822.88  2.54200295562922e-21  
1822.88  2.60272717739212e-21  
1823.65  2.60052974166609e-21  
1823.65  2.57019326496856e-21  
1825.2  2.56582978918993e-21  
1825.2  2.62639073138239e-21  
1825.97  2.62417613370202e-21  
1825.97  2.89649307291125e-21  
1826.74  2.89405175163649e-21  
1826.74  3.07544635885263e-21  
1827.51  3.07285529799714e-21  
1827.51  2.8312055765007e-21  
1829.05  2.82644001943488e-21  
1829.05  2.49473317679209e-21  
1829.82  2.49263401908998e-21  
1829.82  2.4323695441031e-21  
1830.59  2.43032372210541e-21  
1830.59  2.52063545115518e-21  
1832.14  2.51637231374814e-21  
1832.14  2.48632527681526e-21  
1832.91  2.48423672000506e-21  
1832.91  2.51425851690028e-21  
1833.68  2.51214738237379e-21  
1833.68  2.5421528932664e-21  
1835.22  2.53788825700317e-21  
1835.22  2.56784343158824e-21  
1835.99  2.56569001591292e-21  
1835.99  2.29633733027573e-21  
1836.76  2.29441240908919e-21  
1836.76  2.2346024794186e-21  
1837.54  2.23270579145395e-21  
1837.54  2.32234453766848e-21  
1839.08  2.31845681860326e-21  
1839.08  2.46759575957898e-21  
1839.84  2.46555755469339e-21  
1839.84  2.40594770806305e-21  
1840.61  2.40393512285325e-21  
1840.61  2.28482401254538e-21  
1842.16  2.28098071194862e-21  
1842.16  2.19179985681614e-21  
1842.93  2.18996871475296e-21  
1842.93  2.10086236588279e-21  
1843.7  2.09910793053823e-21  
1844.47  2.09735569197629e-21  
1844.47  2.12700235192888e-21  
1846.01  2.12345500676371e-21  
1846.01  2.24187028200854e-21  
1846.78  2.2400012123346e-21  
1846.78  2.15126599792928e-21  
1847.56  2.14944994511008e-21  
1847.56  2.11989358020267e-21  
1849.1  2.11636399645094e-21  
1849.1  2.08686561640364e-21  
1849.87  2.08512868127305e-21  
1849.87  1.99668089693719e-21  
1850.64  1.99501971545762e-21  
1850.64  1.90665427661282e-21  
1852.18  1.90348500914363e-21  
1852.18  1.81526645257013e-21  
1852.95  1.81375808510485e-21  
1852.95  1.72561283237078e-21  
1853.73  1.72416095444522e-21  
1853.73  1.66544107424957e-21  
1854.5  1.66405835826243e-21  
1854.5  1.86938986227855e-21  
1856.04  1.8662889958545e-21  
1856.04  2.24699261799479e-21  
1856.81  2.24512939497139e-21  
1856.81  2.39143378743188e-21  
1857.58  2.38945161453064e-21  
1857.58  2.44791964846998e-21  
1859.12  2.44386586506132e-21  
1859.12  2.3854946548662e-21  
1859.9  2.383494229396e-21  
1860.67  2.38152191747823e-21  
1860.67  2.03185191934845e-21  
1862.21  2.02849272985547e-21  
1862.21  1.8539424538842e-21  
1862.98  1.8524102413241e-21  
1862.98  1.82334977501986e-21  
1863.75  1.82184346859156e-21  
1863.75  1.93801521402054e-21  
1864.52  1.93641484118528e-21  
1864.52  1.90739373050092e-21  
1866.07  1.90422639762397e-21  
1866.07  1.9621636214705e-21  
1866.84  1.96054532059698e-21  
1866.84  2.01844336862353e-21  
1867.61  2.01677933705194e-21  
1867.61  2.30600511458303e-21  
1869.15  2.30220682666291e-21  
1869.15  2.53320976968566e-21  
1869.92  2.53112393722521e-21  
1869.92  2.58883141118983e-21  
1870.69  2.5867006573695e-21  
1870.69  2.41372929766305e-21  
1872.24  2.40973436994457e-21  
1872.24  2.1219373190207e-21  
1873.01  2.12019300811284e-21  
1873.01  2.06267578300539e-21  
1873.78  2.0609808839054e-21  
1873.78  1.85985310143537e-21  
1874.55  1.85832548919527e-21  
1874.55  1.97316247099859e-21  
1876.09  1.96992443545681e-21  
1876.09  1.88394016888899e-21  
1876.86  1.88239467656486e-21  
1876.86  1.93966765727751e-21  
1877.63  1.93807710125607e-21  
1877.63  1.82361655975992e-21  
1879.18  1.82060946098696e-21  
1879.18  2.02059148059282e-21  
1879.95  2.0189366101843e-21  
1879.95  2.27583121621182e-21  
1880.72  2.27396806666616e-21  
1880.72  2.44509941131003e-21  
1881.49  2.44309850639565e-21  
1881.49  2.47158999463476e-21  
1883.03  2.46754896272555e-21  
1883.03  2.35375242186582e-21  
1883.8  2.35182863063605e-21  
1883.8  1.98226256467984e-21  
1884.58  1.98062204548406e-21  
1884.58  1.78179287169396e-21  
1886.12  1.77888442386172e-21  
1886.12  1.75052421130455e-21  
1886.89  1.74909579881926e-21  
1886.89  2.06077830001554e-21  
1887.66  2.05909740869674e-21  
1887.66  2.22897273443283e-21  
1889.2  2.22534027736653e-21  
1889.2  2.42319817486463e-21  
1889.97  2.42122408796855e-21  
1889.97  2.36473451436569e-21  
1890.75  2.36278384668087e-21  
1890.75  2.24990628764655e-21  
1891.52  2.24807487669334e-21  
1891.52  2.24807487669334e-21  
1891.52  2.21988474605452e-21  
1893.06  2.21627447275298e-21  
1893.06  2.32887672295034e-21  
1893.83  2.32698334231238e-21  
1893.83  2.38323451225987e-21  
1894.6  2.38129772595426e-21  
1894.6  2.15645918563417e-21  
1896.14  2.15295775794574e-21  
1896.14  2.20908029789382e-21  
1896.92  2.2072639552197e-21  
1896.92  2.29137021055123e-21  
1897.69  2.28951111121163e-21  
1899.23  2.28579969380982e-21  
1899.23  2.14595783941821e-21  
1900  2.1442188365651e-21  
1900  2.00449030470914e-21  
