# LBG mean spectra from astro-ph/0112262
# lambda (A)  Flam W/m^2/A
1000  3.60006e-21  
1000.77  3.59452230445886e-21  
1000.77  3.80063476905929e-21  
1001.54  3.79479303771268e-21  
1001.54  3.7261845146756e-21  
1003.09  3.71467782293892e-21  
1003.09  3.64628116732869e-21  
1003.86  3.64068963122769e-21  
1003.86  3.26517420534515e-21  
1004.63  3.26017092923707e-21  
1004.63  3.19198380373977e-21  
1006.17  3.18222025838671e-21  
1006.17  3.28418809349812e-21  
1006.94  3.2791672224539e-21  
1006.94  3.38094958111094e-21  
1007.71  3.3757847289939e-21  
1007.71  3.51129707323634e-21  
1009.26  3.50052020460443e-21  
1009.26  3.26410881524462e-21  
1010.03  3.25913390211971e-21  
1010.03  3.15794395231285e-21  
1010.8  3.15313451291153e-21  
1010.8  2.78274316839941e-21  
1011.57  2.77850837153732e-21  
1011.57  2.61040088252527e-21  
1013.11  2.60247092032677e-21  
1013.11  2.83710352659173e-21  
1013.88  2.83279583698305e-21  
1013.88  3.06708678313619e-21  
1014.65  3.06243343328521e-21  
1014.65  3.22952188083176e-21  
1016.2  3.21967747756953e-21  
1016.2  2.88650761811381e-21  
1016.97  2.88213822778811e-21  
1016.97  3.01520560030325e-21  
1017.74  3.01064484797914e-21  
1017.74  3.04386571669716e-21  
1018.51  3.03926509294896e-21  
1018.51  2.97292377828566e-21  
1020.05  2.96395393049712e-21  
1020.05  2.76556795958689e-21  
1020.82  2.76139742178893e-21  
1020.82  2.4642657816495e-21  
1021.59  2.46055241413586e-21  
1021.59  1.99904253350528e-21  
1023.14  1.99299024567061e-21  
1023.14  1.30282561982905e-21  
1023.91  1.30086685680583e-21  
1023.91  1.10397098063372e-21  
1024.68  1.10231243696072e-21  
1024.68  1.23337915091015e-21  
1026.22  1.22968018047605e-21  
1026.22  1.3603509696405e-21  
1026.99  1.35831185033272e-21  
1026.99  1.48878961286716e-21  
1027.76  1.48655963977768e-21  
1027.76  1.61683912698232e-21  
1028.54  1.61438777589386e-21  
1028.54  2.00463934414386e-21  
1030.08  1.9986498347779e-21  
1030.08  2.19319120374512e-21  
1030.85  2.18991599103158e-21  
1030.85  2.5784205134999e-21  
1031.62  2.57457288966305e-21  
1031.62  2.8008611702541e-21  
1033.16  2.79251761932445e-21  
1033.16  2.76028661994601e-21  
1033.93  2.75617680735961e-21  
1033.93  2.65963058252578e-21  
1034.71  2.65562225181445e-21  
1034.71  2.59135323710278e-21  
1036.25  2.58365679579653e-21  
1036.25  2.61569586215025e-21  
1037.02  2.61181293207713e-21  
1037.02  2.64380443729959e-21  
1037.79  2.63988269166605e-21  
1037.79  2.76765610584148e-21  
1038.56  2.76355368481123e-21  
1038.56  3.21011304929255e-21  
1040.1  3.20061412745502e-21  
1040.1  3.67762113353182e-21  
1040.88  3.67211143080064e-21  
1040.88  4.40248546719314e-21  
1041.65  4.39597913420692e-21  
1041.65  4.74474216653467e-21  
1043.19  4.73074373947712e-21  
1043.19  4.85719500039877e-21  
1043.96  4.85003254040395e-21  
1043.96  4.75534082593587e-21  
1044.73  4.74833372731283e-21  
1044.73  4.59072842965019e-21  
1045.5  4.58396887116816e-21  
1045.5  4.55248873528485e-21  
1047.05  4.53902016243384e-21  
1047.05  4.47627352354469e-21  
1047.82  4.46969708067749e-21  
1047.82  4.43835619211204e-21  
1048.59  4.43184024310044e-21  
1048.59  4.46313512011949e-21  
1050.13  4.45005447611982e-21  
1050.13  4.35644500398185e-21  
1050.9  4.35006336208104e-21  
1050.9  4.72389841780737e-21  
1051.67  4.7169835677392e-21  
1051.67  4.68587172736912e-21  
1053.22  4.67208969378309e-21  
1053.22  4.61004902463773e-21  
1053.99  4.6033156759234e-21  
1053.99  4.4794425736973e-21  
1054.76  4.47290476074799e-21  
1055.53  4.46638125041322e-21  
1055.53  4.49726595916162e-21  
1057.07  4.48417175606431e-21  
1057.07  4.29942989369167e-21  
1057.84  4.29317307575668e-21  
1057.84  4.20094997344804e-21  
1058.61  4.19484091523396e-21  
1058.61  4.10275192456775e-21  
1060.16  4.09076389121088e-21  
1060.93  4.08482807049521e-21  
1060.93  3.87085695134439e-21  
1061.7  3.86524429423954e-21  
1061.7  3.77369056003552e-21  
1063.24  3.76276682733655e-21  
1063.24  3.76276682733655e-21  
1063.24  3.45843573455989e-21  
1064.01  3.4534319621503e-21  
1064.01  3.51419421815431e-21  
1064.78  3.50911344814363e-21  
1064.78  3.53946388191497e-21  
1065.55  3.53435027398714e-21  
1065.55  3.7767765335943e-21  
1067.09  3.76588328385505e-21  
1067.09  4.06799597338453e-21  
1067.86  4.06213148257513e-21  
1067.86  4.27333443288187e-21  
1068.63  4.26717836007424e-21  
1068.63  4.38768064186218e-21  
1070.18  4.37498001218443e-21  
1070.95  4.36869115916643e-21  
1070.95  4.30871385807693e-21  
1071.72  4.30252470824073e-21  
1071.72  4.33245722273831e-21  
1072.49  4.32623843372447e-21  
1072.49  4.20660199081035e-21  
1074.03  4.19454735043785e-21  
1074.03  4.13491355038977e-21  
1074.8  4.12899106630513e-21  
1074.8  4.00984235527881e-21  
1075.58  4.00402866786019e-21  
1075.58  4.09326063992137e-21  
1077.12  4.08156442200658e-21  
1077.12  4.14085656257182e-21  
1077.89  4.13494256262486e-21  
1077.89  4.43105732110457e-21  
1078.66  4.42473337038409e-21  
1078.66  4.39515899885011e-21  
1080.2  4.38263591047774e-21  
1080.2  4.11727638195468e-21  
1080.97  4.11141280817558e-21  
1080.97  3.64034578387541e-21  
1081.75  3.63509790588855e-21  
1081.75  3.31168696949073e-21  
1082.52  3.30697741760212e-21  
1084.06  3.29758840245e-21  
1084.06  3.44396522089653e-21  
1084.83  3.43907798125076e-21  
1084.83  3.55600816211206e-21  
1085.6  3.55096550325314e-21  
1085.6  3.75532223537008e-21  
1087.14  3.74469048579288e-21  
1087.14  3.91932848302898e-21  
1087.92  3.91371045907643e-21  
1087.92  4.05905041420964e-21  
1088.69  4.05331073892911e-21  
1088.69  4.11137463863563e-21  
1090.23  4.09976783059677e-21  
1090.23  4.01294310078661e-21  
1091  4.00728063373271e-21  
1091  4.03616456954282e-21  
1091.77  4.03047335111307e-21  
1091.77  3.97276176683876e-21  
1092.54  3.96716389657209e-21  
1092.54  4.02479416160789e-21  
1094.09  4.01339836793417e-21  
1094.86  4.00775521711188e-21  
1094.86  4.06516653145788e-21  
1095.63  4.05945460626942e-21  
1095.63  3.91615298213917e-21  
1097.17  3.90516718578946e-21  
1097.94  3.89969161460003e-21  
1097.94  3.7569923522045e-21  
1098.71  3.7517282326225e-21  
1098.71  3.78023306674179e-21  
1099.48  3.77494009150486e-21  
1099.48  3.71801024658853e-21  
1101.03  3.70754938822078e-21  
1101.03  3.84944881413795e-21  
1101.8  3.84407027020027e-21  
1101.8  4.07080695458291e-21  
1102.57  4.06512309445654e-21  
1102.57  4.20660172698503e-21  
1104.11  4.19487527070227e-21  
1104.11  4.33598412205864e-21  
1104.88  4.32994266165123e-21  
1104.88  4.44269211357159e-21  
1105.65  4.4365062830822e-21  
1105.65  4.21134589572462e-21  
1107.2  4.19956298917856e-21  
1107.2  3.97505704907865e-21  
1107.97  3.96953392055355e-21  
1107.97  3.77334584107337e-21  
1108.74  3.76810661925925e-21  
1109.51  3.76287830172026e-21  
1109.51  3.81878350442837e-21  
1111.05  3.80820459098519e-21  
1111.05  3.72460339510654e-21  
1111.82  3.71944617270538e-21  
1111.82  3.91425361910857e-21  
1112.59  3.90883754969854e-21  
1112.59  4.04780357594987e-21  
1114.14  4.03654874036705e-21  
1114.14  4.20284913482559e-21  
1114.91  4.19704583893004e-21  
1114.91  4.11399838818647e-21  
1115.68  4.10832169662875e-21  
1115.68  3.94250418358871e-21  
1117.22  3.93164280994723e-21  
1117.22  3.76625807969141e-21  
1117.99  3.76107195092879e-21  
1118.76  3.75589652672683e-21  
1118.76  3.83834940805945e-21  
1119.54  3.83300280215557e-21  
1119.54  3.77811876125771e-21  
1121.08  3.76774607302385e-21  
1121.08  3.74036745876845e-21  
1121.85  3.73523469672832e-21  
1121.85  3.57121227189991e-21  
1122.62  3.56631499517194e-21  
1122.62  3.48442814857546e-21  
1124.16  3.47488796948652e-21  
1124.16  3.36599653008965e-21  
1124.93  3.36139014516705e-21  
1125.71  3.35673357115314e-21  
1125.71  3.51963307608014e-21  
1126.48  3.51482306396331e-21  
1126.48  3.59614968457804e-21  
1128.02  3.58633728734962e-21  
1128.02  3.85671777022622e-21  
1128.79  3.85145787280092e-21  
1128.79  3.82445199078537e-21  
1129.56  3.81923965267901e-21  
1129.56  3.92709244297925e-21  
1131.1  3.91640619887079e-21  
1131.1  3.8357425817943e-21  
1131.88  3.83045783723937e-21  
1131.88  3.74988193909815e-21  
1132.65  3.74478517022606e-21  
1132.65  3.79842942415857e-21  
1134.19  3.78812143336222e-21  
1134.19  3.65439806250224e-21  
1134.96  3.64944117946786e-21  
1134.96  3.86309904186927e-21  
1135.73  3.85786262492131e-21  
1135.73  4.01790044133557e-21  
1136.5  4.01245788032933e-21  
1136.5  4.17227891298007e-21  
1138.05  4.16092154145055e-21  
1138.82  4.15529672551182e-21  
1138.82  3.89002023235531e-21  
1139.59  3.88476517810054e-21  
1139.59  3.77880254647872e-21  
1141.13  3.76861014211416e-21  
1141.13  3.61008338830632e-21  
1141.9  3.60521636493998e-21  
1141.9  3.55243768517066e-21  
1142.67  3.54765160452353e-21  
1142.67  3.52132079438925e-21  
1144.22  3.51178705017661e-21  
1144.22  3.56432900664282e-21  
1144.99  3.55953663204967e-21  
1144.99  3.84820893850222e-21  
1145.76  3.84303835267219e-21  
1145.76  4.00028648640079e-21  
1146.53  3.99491517248963e-21  
1146.53  4.23045924894447e-21  
1148.07  4.21911754024212e-21  
1148.07  4.16690462633896e-21  
1148.84  4.16132083517196e-21  
1148.84  4.13524936174336e-21  
1149.61  4.12971170001192e-21  
1149.61  4.02558815900693e-21  
1151.16  4.01475480674596e-21  
1151.16  3.98878831415069e-21  
1151.93  3.98345753800213e-21  
1151.93  4.06125290781192e-21  
1152.7  4.05582891150607e-21  
1152.7  4.02993175470758e-21  
1153.47  4.02455318096057e-21  
1153.47  3.97282799496978e-21  
1155.01  3.96224094139018e-21  
1155.01  3.80752388134974e-21  
1155.78  3.80245229889685e-21  
1156.56  3.79732517593408e-21  
1156.56  3.74587601075227e-21  
1158.1  3.73592037033286e-21  
1158.1  3.94112533666882e-21  
1158.87  3.9358897911257e-21  
1158.87  3.98713405132095e-21  
1159.64  3.98184090180931e-21  
1159.64  4.16093539981324e-21  
1161.18  4.14990594467659e-21  
1161.18  4.0478247909194e-21  
1161.95  4.04246175057935e-21  
1161.95  3.96602454233217e-21  
1162.73  3.96070523083381e-21  
1162.73  3.93525293768376e-21  
1163.5  3.93004598952267e-21  
1163.5  3.95546460535309e-21  
1165.04  3.94501451000066e-21  
1165.04  4.12245263741699e-21  
1165.81  4.11700879966323e-21  
1165.81  4.0410548478326e-21  
1166.58  4.03572201969478e-21  
1166.58  3.83348952586067e-21  
1168.12  3.82338836783104e-21  
1168.12  3.69732061145734e-21  
1168.9  3.69238785781043e-21  
1168.9  3.76791881353223e-21  
1169.67  3.76295956431388e-21  
1169.67  3.86354226502834e-21  
1171.21  3.85338875982099e-21  
1171.21  3.70292214536438e-21  
1171.98  3.6980580463095e-21  
1171.98  3.39747643561392e-21  
1172.75  3.39301649439065e-21  
1172.75  3.26794220039998e-21  
1173.52  3.2636551154596e-21  
1173.52  3.11378028603748e-21  
1175.07  3.10557111332517e-21  
1175.07  3.03080953697072e-21  
1175.84  3.02684137935925e-21  
1175.84  2.85266949213503e-21  
1176.61  2.84893701192269e-21  
1176.61  2.99802567581581e-21  
1178.15  2.99019315525695e-21  
1178.15  3.31242510142049e-21  
1178.92  3.30809955873886e-21  
1178.92  3.67938359758726e-21  
1179.69  3.67458199587824e-21  
1179.69  3.87236616701623e-21  
1180.46  3.86731601795952e-21  
1182.01  3.85718004692352e-21  
1182.01  3.83255129688137e-21  
1182.78  3.82756287314347e-21  
1182.78  3.53246688519287e-21  
1183.55  3.52787203967554e-21  
1183.55  3.4296132422833e-21  
1185.09  3.42070561041541e-21  
1185.86  3.416264802585e-21  
1185.86  3.51414116570866e-21  
1186.63  3.50958201790892e-21  
1186.63  3.4851446726374e-21  
1188.18  3.4760577484992e-21  
1188.18  3.11051706265934e-21  
1188.95  3.10648943732736e-21  
1188.95  2.79010620670748e-21  
1189.72  2.78649579997163e-21  
1189.72  2.47050077538977e-21  
1190.49  2.46730600616866e-21  
1190.49  2.39448977551501e-21  
1192.03  2.3883068232755e-21  
1192.03  2.53358435132917e-21  
1192.8  2.5303143475204e-21  
1192.8  2.82047330933961e-21  
1193.58  2.8167881766371e-21  
1193.58  3.27562206628331e-21  
1195.12  3.26718574540414e-21  
1195.12  3.58031064956792e-21  
1195.89  3.5757016108194e-21  
1195.89  3.67194306916998e-21  
1196.66  3.66721910996945e-21  
1196.66  3.61916028817046e-21  
1198.2  3.60986313387624e-21  
1198.2  3.44213114865087e-21  
1198.97  3.43771137183554e-21  
1198.97  3.27017388925469e-21  
1199.75  3.26592315956635e-21  
1199.75  2.97911616910188e-21  
1200.52  2.97529585156753e-21  
1200.52  2.73658611149997e-21  
1202.06  2.72957873575701e-21  
1202.06  2.49148024224776e-21  
1202.83  2.48829138640739e-21  
1202.83  2.3456109891651e-21  
1203.6  2.34261075199128e-21  
1203.6  2.20011285518652e-21  
1205.14  2.19449357611291e-21  
1205.14  2.05237202489785e-21  
1205.92  2.04971789782938e-21  
1205.92  1.95508928651117e-21  
1206.69  1.95259496163928e-21  
1206.69  1.85808501826929e-21  
1207.46  1.85571596376543e-21  
1207.46  1.83211860291786e-21  
1209  1.82745414355116e-21  
1209  1.85099142699399e-21  
1209.77  1.84863592170014e-21  
1209.77  1.98967785632188e-21  
1210.54  1.98714747368976e-21  
1210.54  2.31582747173325e-21  
1212.09  2.30990837749983e-21  
1212.09  2.91876560199318e-21  
1212.86  2.91506074553455e-21  
1212.86  2.91506074553455e-21  
1212.86  4.13120912761952e-21  
1213.63  4.12596861459761e-21  
1213.63  6.20480941945266e-21  
1215.17  6.18909252113651e-21  
1215.17  8.82183640327913e-21  
1215.94  8.81066699814559e-21  
1215.94  1.09746901153972e-20  
1216.71  1.09608037539501e-20  
1216.71  1.14023583388431e-20  
1217.48  1.13879399672782e-20  
1217.48  1.02274331447386e-20  
1219.03  1.02014412608439e-20  
1219.03  8.04835479268093e-21  
1219.79  8.03832873229786e-21  
1219.79  6.32727211448452e-21  
1220.56  6.31929141257999e-21  
1220.56  4.97987364885637e-21  
1222.1  4.96733101983644e-21  
1222.1  4.29930890969794e-21  
1222.88  4.29382612894065e-21  
1222.88  3.99475605759702e-21  
1223.65  3.98973011984222e-21  
1223.65  4.10461543349248e-21  
1225.19  4.09430334293345e-21  
1225.19  4.25474669675389e-21  
1225.96  4.24940373921192e-21  
1225.96  4.29517287461397e-21  
1226.73  4.28978253583122e-21  
1226.73  4.19833920803487e-21  
1227.5  4.1930736972221e-21  
1227.5  4.21591083494759e-21  
1229.05  4.20528386087261e-21  
1229.05  4.29638229091735e-21  
1229.82  4.29100397748212e-21  
1229.82  4.47297275921308e-21  
1230.59  4.46737688815562e-21  
1232.13  4.45621660310262e-21  
1232.13  4.59219181638275e-21  
1232.9  4.5864575581151e-21  
1232.9  4.67698792693554e-21  
1233.67  4.67115142799018e-21  
1233.67  4.82939665178649e-21  
1234.44  4.82337371726514e-21  
1234.44  4.71048800655748e-21  
1235.99  4.69868098818362e-21  
1235.99  4.5635537506103e-21  
1236.76  4.55787303242861e-21  
1236.76  4.51288015100068e-21  
1237.53  4.50726600563537e-21  
1237.53  4.66452559846627e-21  
1239.07  4.65293802805789e-21  
1239.07  4.96665634790566e-21  
1239.84  4.96048920078457e-21  
1239.84  5.29620278205068e-21  
1240.61  5.28963051423423e-21  
1240.61  5.58021343439063e-21  
1242.16  5.5662958482636e-21  
1242.16  5.87845529666091e-21  
1242.93  5.87117410059372e-21  
1242.93  6.11614537898134e-21  
1243.7  6.10857446302218e-21  
1243.7  6.13082053837584e-21  
1244.47  6.12323615085644e-21  
1244.47  6.03436193118712e-21  
1246.01  6.01945486847332e-21  
1246.01  5.77571250065501e-21  
1246.78  5.76858064849201e-21  
1246.78  5.61364585253584e-21  
1247.56  5.60662851476258e-21  
1247.56  5.54032190641191e-21  
1249.1  5.52666913853421e-21  
1249.1  5.43847178005951e-21  
1249.87  5.43177295002355e-21  
1249.87  5.38771898727579e-21  
1250.64  5.38108675654169e-21  
1250.64  5.27110660504746e-21  
1252.18  5.25814918280036e-21  
1252.18  5.302040755497e-21  
1252.95  5.29552602320871e-21  
1252.95  5.2736072021233e-21  
1253.73  5.26704736220429e-21  
1253.73  5.17950022307276e-21  
1254.5  5.17314391983201e-21  
1254.5  5.08570421889726e-21  
1256.04  5.07324094830947e-21  
1256.04  4.94239331489861e-21  
1256.81  4.93633913476688e-21  
1256.81  4.69674882202368e-21  
1257.58  4.69099906546606e-21  
1257.58  4.19066629953576e-21  
1259.12  4.18042155803013e-21  
1259.12  3.76811113960565e-21  
1259.9  3.76344693310196e-21  
1259.9  3.67675516851531e-21  
1260.67  3.6722651165894e-21  
1260.67  4.1052134761505e-21  
1262.21  4.09520219109369e-21  
1262.21  4.74302216902349e-21  
1262.98  4.73724058297231e-21  
1262.98  5.47055915107433e-21  
1263.75  5.46389478349432e-21  
1263.75  6.11015564693417e-21  
1264.52  6.1027166386102e-21  
1264.52  6.33939421002186e-21  
1266.07  6.32388156665401e-21  
1266.07  6.30241467144207e-21  
1266.84  6.29475563875441e-21  
1266.84  5.88745506825502e-21  
1267.61  5.88030466153516e-21  
1267.61  5.75183472803326e-21  
1269.15  5.7378845229484e-21  
1269.15  5.63108900284912e-21  
1269.92  5.62426239328107e-21  
1269.92  5.83759449553034e-21  
1270.69  5.83052182499725e-21  
1270.69  5.97968080135254e-21  
1271.46  5.97244036907522e-21  
1271.46  5.99370708689499e-21  
1273.01  5.97912025702739e-21  
1273.01  5.76682254752692e-21  
1273.78  5.75985256647119e-21  
1273.78  5.65385049670383e-21  
1274.55  5.64702118464442e-21  
1274.55  5.73173148863211e-21  
1276.09  5.71790559812157e-21  
1276.09  5.86578643749703e-21  
1276.86  5.85871394138823e-21  
1276.86  5.83760832168581e-21  
1277.63  5.83057404118123e-21  
1277.63  5.72519148189141e-21  
1279.18  5.71132530137788e-21  
1279.18  5.6903145031968e-21  
1279.95  5.68347013547892e-21  
1279.95  5.66246629732049e-21  
1280.72  5.65565951933598e-21  
1280.72  5.6137023399071e-21  
1281.49  5.60695823395046e-21  
1281.49  5.73266028657458e-21  
1283.03  5.71890690807071e-21  
1283.03  5.88609539525444e-21  
1283.8  5.87903676577857e-21  
1284.58  5.87189940342049e-21  
1284.58  5.74681954505168e-21  
1286.12  5.73306530198952e-21  
1286.12  5.71226250701009e-21  
1286.89  5.70542878191371e-21  
1286.89  5.72620668997977e-21  
1287.66  5.71936037831034e-21  
1287.66  5.80235454810724e-21  
1289.2  5.78850054713595e-21  
1289.2  5.70570453849922e-21  
1289.97  5.69889495182998e-21  
1289.97  5.84361053434055e-21  
1290.75  5.83655008264567e-21  
1290.75  5.79526044780932e-21  
1291.52  5.78835227708736e-21  
1291.52  5.76772307639937e-21  
1293.06  5.75399284849006e-21  
1293.06  5.56880790293745e-21  
1293.83  5.56218152060441e-21  
1293.83  5.41831021500555e-21  
1294.6  5.41186674500926e-21  
1294.6  5.24765327241138e-21  
1296.14  5.23519075274938e-21  
1296.14  5.15327900967168e-21  
1296.92  5.14708225289949e-21  
1296.92  5.00389569691405e-21  
1297.69  4.99795921505055e-21  
1297.69  4.77324416208836e-21  
1298.46  4.76758467588071e-21  
1298.46  4.35947040270558e-21  
1300  4.34914792899408e-21  
1300  4.02342603550296e-21  
1300.77  4.01866405437705e-21  
1300.77  3.67300855570692e-21  
1301.54  3.66866388709633e-21  
1303.09  3.65994147026081e-21  
1303.09  3.88279794553992e-21  
1303.86  3.87821329440859e-21  
1303.86  4.42462046387543e-21  
1304.63  4.41939913314669e-21  
1304.63  4.94492719674307e-21  
1306.17  4.93327373868602e-21  
1306.17  5.45758090123129e-21  
1306.94  5.45115199192522e-21  
1306.94  5.99496925178681e-21  
1307.71  5.98791146787391e-21  
1307.71  6.35002948938919e-21  
1308.48  6.34255809656637e-21  
1308.48  6.56359985754418e-21  
1310.03  6.54807721883185e-21  
1310.03  6.34760857307459e-21  
1310.8  6.34015324346112e-21  
1310.8  6.24003664679498e-21  
1311.57  6.23271196293918e-21  
1311.57  6.01271050398159e-21  
1313.11  5.99861550140578e-21  
1313.11  5.85895541697379e-21  
1313.88  5.85209014203502e-21  
1313.88  5.61292856714991e-21  
1314.65  5.60635542707981e-21  
1314.65  5.5466437312037e-21  
1316.2  5.53358760667188e-21  
1316.2  5.6130215681475e-21  
1316.97  5.60645989534388e-21  
1316.97  5.74531979735795e-21  
1317.74  5.73860739016389e-21  
1317.74  5.79803937561107e-21  
1318.51  5.79126932956712e-21  
1318.51  5.83085589397462e-21  
1320.05  5.81725901473078e-21  
1320.82  5.81047840300018e-21  
1320.82  5.8301853160074e-21  
1321.59  5.82339359557041e-21  
1321.59  5.784008507425e-21  
1323.14  5.77046502448123e-21  
1323.14  5.73115502205756e-21  
1323.91  5.72449036049229e-21  
1323.91  5.70485821574318e-21  
1324.68  5.69822798936928e-21  
1324.68  5.79625753384232e-21  
1326.22  5.78280417911751e-21  
1326.22  5.76325742155857e-21  
1326.99  5.7565709797602e-21  
1326.99  5.69794763046115e-21  
1327.76  5.69134079264363e-21  
1327.76  5.57424705994682e-21  
1328.54  5.56770358161151e-21  
1328.54  5.52872948657034e-21  
1330.08  5.51593429469168e-21  
1330.08  5.22422875837252e-21  
1330.85  5.21818526371185e-21  
1330.85  4.84912240982557e-21  
1331.62  4.84351608861288e-21  
1331.62  4.30026457926433e-21  
1333.16  4.29033541470115e-21  
1333.16  4.01933683465021e-21  
1333.93  4.01469791639647e-21  
1333.93  3.82134850284104e-21  
1334.71  3.81688344168048e-21  
1334.71  4.10656868283673e-21  
1335.48  4.10183458527e-21  
1335.48  4.58408673330753e-21  
1337.02  4.57353277307778e-21  
1337.02  5.2856126523346e-21  
1337.79  5.27952985837235e-21  
1337.79  5.62554662051221e-21  
1338.56  5.61907634646891e-21  
1338.56  5.69587866114675e-21  
1340.1  5.68279514038451e-21  
1340.1  5.62532989270186e-21  
1340.88  5.61878720264673e-21  
1340.88  5.5422504258615e-21  
1341.65  5.53589063274657e-21  
1341.65  5.57410677452515e-21  
1343.19  5.56133240384184e-21  
1343.19  5.48505865451406e-21  
1343.96  5.4787753049016e-21  
1343.96  5.51687679687843e-21  
1344.73  5.51056061605316e-21  
1344.73  5.60568870139944e-21  
1345.5  5.59927451304505e-21  
1345.5  5.54225302807533e-21  
1347.05  5.52950584005017e-21  
1347.05  5.60534308762398e-21  
1347.82  5.59894033162574e-21  
1347.82  5.58001506183285e-21  
1348.59  5.57364487521348e-21  
1348.59  5.66822917941267e-21  
1350.13  5.65530583927338e-21  
1350.13  5.69304342691068e-21  
1350.9  5.68655531658211e-21  
1350.9  5.64886073680788e-21  
1351.67  5.64242664586563e-21  
1351.67  5.73656396946963e-21  
1353.22  5.72342999004392e-21  
1353.22  5.7046554607815e-21  
1353.99  5.69816894951298e-21  
1353.99  5.67939940390414e-21  
1354.76  5.67294527952951e-21  
1354.76  5.57922054638704e-21  
1355.53  5.57288386676602e-21  
1355.53  5.59161078892738e-21  
1357.07  5.57892729478568e-21  
1357.07  5.63496433616358e-21  
1357.84  5.62857522951333e-21  
1357.84  5.79651201513021e-21  
1358.61  5.7899434642625e-21  
1358.61  5.64083909265587e-21  
1360.16  5.62799013549767e-21  
1360.16  5.66517321128353e-21  
1360.93  5.65876443297199e-21  
1360.93  5.54732519912129e-21  
1361.7  5.54105328501627e-21  
1361.7  5.7265969214803e-21  
1363.24  5.71366599510068e-21  
1363.24  5.71366599510068e-21  
1363.24  5.63960321286063e-21  
1364.01  5.63323776278504e-21  
1364.01  5.59626429368859e-21  
1364.78  5.58995132322242e-21  
1364.78  5.4237181352784e-21  
1365.56  5.41752391177028e-21  
1365.56  5.43597674678432e-21  
1367.1  5.42373669248918e-21  
1367.87  5.41763216237984e-21  
1367.87  5.45439725462333e-21  
1368.64  5.44826166826994e-21  
1368.64  5.41153793263979e-21  
1370.18  5.39938028169063e-21  
1370.18  5.43602151316672e-21  
1370.95  5.42991689797782e-21  
1370.95  5.53974907216241e-21  
1371.73  5.5334507834894e-21  
1371.73  5.55173799125006e-21  
1372.5  5.5455104661232e-21  
1372.5  5.61856131864194e-21  
1374.04  5.60597400590278e-21  
1374.04  5.53308680985664e-21  
1374.81  5.52689063184629e-21  
1375.58  5.5207048561134e-21  
1375.58  5.4661498986308e-21  
1377.12  5.45393140773215e-21  
1377.12  5.41765855286595e-21  
1377.89  5.41160519376124e-21  
1377.89  5.32100067733533e-21  
1378.66  5.31505863744246e-21  
1378.66  5.2607471650481e-21  
1380.2  5.24901403816969e-21  
1380.2  5.19483944593167e-21  
1380.97  5.18904799324576e-21  
1380.97  5.26120549799019e-21  
1381.75  5.25526725734669e-21  
1381.75  5.16516825195091e-21  
1382.52  5.15941633226651e-21  
1382.52  5.30342362379249e-21  
1384.06  5.29162828450492e-21  
1384.06  5.30957545701578e-21  
1384.83  5.30367258592948e-21  
1384.83  5.32161544913673e-21  
1385.6  5.31570247954547e-21  
1385.6  5.26194932602713e-21  
1387.14  5.25027220075944e-21  
1387.14  5.07147185747799e-21  
1387.92  5.06577320553932e-21  
1387.92  4.94074737434292e-21  
1388.69  4.9352698080692e-21  
1388.69  4.64983997081691e-21  
1390.23  4.63954413852593e-21  
1390.23  4.40814202204875e-21  
1391  4.40326304305019e-21  
1391  4.17210154009471e-21  
1391.77  4.16748636730139e-21  
1391.77  3.98987367513013e-21  
1392.54  3.98546252234729e-21  
1394.09  3.97660508452997e-21  
1394.09  4.06511609919791e-21  
1394.86  4.06062923250723e-21  
1394.86  4.32586919475363e-21  
1395.63  4.3210971557333e-21  
1395.63  4.58604452118757e-21  
1397.17  4.57594035875205e-21  
1397.17  4.8931705584651e-21  
1397.94  4.88778162378361e-21  
1398.71  4.88240158659505e-21  
1398.71  4.75931261080516e-21  
1399.48  4.75407686245375e-21  
1399.48  4.66624632290467e-21  
1401.03  4.6559272277561e-21  
1401.03  4.67345754610506e-21  
1401.8  4.66832475401406e-21  
1401.8  4.70333161727271e-21  
1402.57  4.69816885001015e-21  
1402.57  4.71566069346048e-21  
1404.11  4.70532227981095e-21  
1404.11  4.93217206587863e-21  
1404.88  4.92676700390738e-21  
1404.88  5.29282793549379e-21  
1405.65  5.28703081493193e-21  
1405.65  5.32184617696218e-21  
1407.2  5.3101288395488e-21  
1407.2  5.32750576827174e-21  
1407.97  5.3216802780582e-21  
1407.97  5.33903820555756e-21  
1408.74  5.33320329508301e-21  
1408.74  5.50656263575198e-21  
1409.51  5.50054792839691e-21  
1409.51  5.41396293651888e-21  
1411.05  5.40215194016029e-21  
1411.05  5.21207750726098e-21  
1411.82  5.20639377241774e-21  
1411.82  5.08558016341911e-21  
1412.59  5.08003739523857e-21  
1412.59  5.09726693264977e-21  
1414.14  5.08609910790741e-21  
1414.14  5.17211805647584e-21  
1414.91  5.16649021124411e-21  
1415.68  5.16087154660875e-21  
1415.68  5.07503964190577e-21  
1417.22  5.06401620910098e-21  
1417.22  4.99550282018544e-21  
1417.99  4.99007895570957e-21  
1417.99  4.95586691554392e-21  
1418.76  4.95048900526137e-21  
1418.76  5.18977302364862e-21  
1419.54  5.18407130222165e-21  
1419.54  5.28649829535311e-21  
1421.08  5.27504672875375e-21  
1421.08  5.39430583872898e-21  
1421.85  5.3884648698437e-21  
1421.85  5.33741764549627e-21  
1422.62  5.33164140256524e-21  
1424.16  5.32011701138846e-21  
1424.16  5.38796428920197e-21  
1424.93  5.38214279402396e-21  
1424.93  5.36519560737911e-21  
1425.71  5.35932666093692e-21  
1425.71  5.29162682701457e-21  
1427.25  5.2802136774204e-21  
1427.25  5.21265986066013e-21  
1428.02  5.20703995902024e-21  
1428.02  5.17329211070964e-21  
1428.79  5.16771765742572e-21  
1429.56  5.16215220937337e-21  
1429.56  4.97696809286862e-21  
1431.1  4.96626247204526e-21  
1431.1  4.88227026758822e-21  
1431.88  4.87695259630248e-21  
1431.88  4.9776363889217e-21  
1432.65  4.97228721078903e-21  
1432.65  5.17343839792215e-21  
1434.19  5.16233412625424e-21  
1434.19  5.29613736028152e-21  
1434.96  5.29045506721072e-21  
1434.96  5.32387727062e-21  
1435.73  5.31816827767222e-21  
1435.73  5.25139555061405e-21  
1436.5  5.24576730022029e-21  
1436.5  5.16240538523204e-21  
1438.05  5.15128280114699e-21  
1438.05  5.08473985547117e-21  
1438.82  5.07929900526792e-21  
1438.82  5.21225698137485e-21  
1439.59  5.20668266572547e-21  
1439.59  5.30627640779189e-21  
1441.13  5.29494183072669e-21  
1441.9  5.28928815628788e-21  
1441.9  5.10727457381889e-21  
1442.67  5.10182419092736e-21  
1442.67  5.05222530453764e-21  
1444.22  5.04138658611023e-21  
1444.22  5.07438157286805e-21  
1444.99  5.06897498491166e-21  
1444.99  5.16784011209753e-21  
1445.76  5.16233687887523e-21  
1445.76  5.24463435820684e-21  
1446.53  5.23905231894434e-21  
1446.53  5.12395274170617e-21  
1448.07  5.11306004825336e-21  
1448.07  4.93257991744638e-21  
1448.84  4.92733837625265e-21  
1448.84  4.87817532352705e-21  
1449.61  4.8729943474076e-21  
1449.61  4.88936938554196e-21  
1451.16  4.87893018490821e-21  
1451.16  4.9606163194749e-21  
1451.93  4.9553562012534e-21  
1451.93  4.92271070230397e-21  
1452.7  4.91749354436134e-21  
1452.7  5.03161748139322e-21  
1454.24  5.02096643604102e-21  
1454.24  5.06976505430867e-21  
1455.01  5.06440057412494e-21  
1455.78  5.05904460393017e-21  
1456.56  5.05362773374497e-21  
1458.1  5.04295840126214e-21  
1458.1  5.1238687966398e-21  
1458.87  5.11846140903635e-21  
1458.87  5.03763640106541e-21  
1459.64  5.03232282114869e-21  
1459.64  5.1292133441177e-21  
1461.18  5.11840724766241e-21  
1461.18  5.16674342029344e-21  
1461.95  5.16130227013603e-21  
1461.95  5.22568730802782e-21  
1462.73  5.22011560398372e-21  
1462.73  5.12364803027092e-21  
1463.5  5.11825797748633e-21  
1463.5  5.18250670658265e-21  
1465.04  5.1716170849762e-21  
1465.04  5.15558515867184e-21  
1465.81  5.15017005317999e-21  
1465.81  5.23023152743121e-21  
1466.58  5.22474090154908e-21  
1466.58  5.00080689608077e-21  
1468.12  4.9903211000014e-21  
1468.12  4.84666637249128e-21  
1468.9  4.84152048637751e-21  
1468.9  4.72989993670062e-21  
1469.67  4.72494498916284e-21  
1469.67  4.78865538987213e-21  
1471.21  4.77863551557991e-21  
1471.21  4.8740080834877e-21  
1471.98  4.86891018185659e-21  
1471.98  5.01181248039219e-21  
1472.75  5.00657318413465e-21  
1472.75  5.05416670832867e-21  
1473.52  5.04888589565793e-21  
1475.07  5.03828075625912e-21  
1475.07  4.94340668189486e-21  
1475.84  4.93824971342999e-21  
1475.84  4.90665342174605e-21  
1476.61  4.90153746281877e-21  
1476.61  4.91731913660569e-21  
1478.15  4.90707832653421e-21  
1478.15  4.9700598235775e-21  
1478.92  4.9648858455205e-21  
1478.92  4.93343473786145e-21  
1479.69  4.9283015594874e-21  
1479.69  4.91258551696992e-21  
1481.24  4.90230963519161e-21  
1481.24  4.76118846468947e-21  
1482.01  4.75624225956817e-21  
1482.01  4.80322922838586e-21  
1482.78  4.79824193937012e-21  
1482.78  4.81389254807944e-21  
1483.55  4.80889678072792e-21  
1483.55  4.91831008701733e-21  
1485.09  4.9081150545138e-21  
1485.09  5.00171320456939e-21  
1485.86  4.99653058809775e-21  
1485.86  5.10561754721e-21  
1486.63  5.10033000774646e-21  
1486.63  5.22486007005369e-21  
1488.18  5.21398192946213e-21  
1488.18  5.04309943215065e-21  
1488.95  5.03788477419508e-21  
1488.95  4.78960018848501e-21  
1489.72  4.78465021261242e-21  
1489.72  4.64513109013257e-21  
1490.49  4.64033290020953e-21  
1490.49  4.82616174040144e-21  
1492.03  4.81620422820858e-21  
1492.03  4.84711853818491e-21  
1492.8  4.84211945096377e-21  
1492.8  4.93473980572988e-21  
1493.58  4.92958696225106e-21  
1493.58  4.89875023138105e-21  
1495.12  4.88866383016789e-21  
1495.12  4.96561705801711e-21  
1495.89  4.96050633320864e-21  
1495.89  4.97587041301863e-21  
1496.66  4.97075176933792e-21  
1496.66  4.7557285989134e-21  
1498.2  4.74595679546466e-21  
1498.2  4.73064005734929e-21  
1498.97  4.72578117789264e-21  
1498.97  4.54203558725291e-21  
1499.75  4.53731231140068e-21  
1499.75  4.62908956793682e-21  
1500.52  4.62433990192511e-21  
1500.52  4.67017478423171e-21  
1502.06  4.66060341917016e-21  
1502.06  4.70635766122412e-21  
1502.83  4.7015361351466e-21  
1502.83  4.68630034575719e-21  
1503.6  4.68150182578571e-21  
1503.6  4.66628163702671e-21  
1505.14  4.65673781058247e-21  
1505.92  4.65191509115733e-21  
1505.92  4.69742184899412e-21  
1506.69  4.69262180309388e-21  
1506.69  4.67747719425522e-21  
1508.23  4.66793005972684e-21  
1508.23  4.69817064271513e-21  
1509  4.69337717894093e-21  
1509  4.73871153463579e-21  
1509.77  4.73387917286578e-21  
1509.77  4.82442910102244e-21  
1510.54  4.81951183488883e-21  
1510.54  4.87982130803691e-21  
1512.09  4.86982210646834e-21  
1512.09  4.74945031945954e-21  
1512.86  4.74461689657145e-21  
1512.86  4.74461689657145e-21  
1512.86  4.62436760958082e-21  
1513.63  4.61966387437475e-21  
1513.63  4.55960038743667e-21  
1515.17  4.55033645511322e-21  
1515.17  4.62526653880803e-21  
1515.94  4.62056905640133e-21  
1515.94  4.6355294096142e-21  
1516.71  4.63082389359125e-21  
1516.71  4.69065672618383e-21  
1517.48  4.68589766599512e-21  
1519.03  4.67633967731668e-21  
1519.03  4.73597688389655e-21  
1519.8  4.73117917576684e-21  
1519.8  4.59712814665341e-21  
1520.57  4.59247345477101e-21  
1520.57  4.5775910937039e-21  
1522.11  4.5683329926319e-21  
1522.11  4.34558791287211e-21  
1522.88  4.34119458343954e-21  
1522.88  4.07417589265068e-21  
1523.65  4.07005903806789e-21  
1523.65  3.74402114855173e-21  
1525.2  3.73641521623713e-21  
1525.2  3.45542899224835e-21  
1525.97  3.45194267333215e-21  
1525.97  3.39283380118543e-21  
1526.74  3.38941236304411e-21  
1526.74  3.46321107384606e-21  
1527.51  3.45972042513335e-21  
1527.51  3.75461773478706e-21  
1529.05  3.74705853194585e-21  
1529.05  4.08550252837967e-21  
1529.82  4.08139087438872e-21  
1529.82  4.41949426043275e-21  
1530.59  4.41504871381674e-21  
1530.59  4.73813666483828e-21  
1532.13  4.72861650224335e-21  
1532.13  4.81654273381895e-21  
1532.9  4.81170509740942e-21  
1532.9  4.73849831908479e-21  
1533.67  4.73374145772614e-21  
1533.67  4.54360001104778e-21  
1535.22  4.53442995747024e-21  
1535.22  4.50524331955064e-21  
1535.99  4.50072744661843e-21  
1535.99  4.41322986771487e-21  
1536.76  4.40880844125886e-21  
1536.76  4.27769991457451e-21  
1537.53  4.27341641551546e-21  
1537.53  4.05511678469779e-21  
1539.07  4.04700571044939e-21  
1539.07  3.88723698750031e-21  
1539.84  3.88335031861328e-21  
1539.84  3.83982634850944e-21  
1540.61  3.83598900172544e-21  
1540.61  3.82149129708809e-21  
1542.16  3.81381331970789e-21  
1542.16  3.79934474324057e-21  
1542.93  3.79555355962589e-21  
1542.93  3.70885392918761e-21  
1543.7  3.70515488755734e-21  
1543.7  3.45971736271035e-21  
1544.47  3.4562685183803e-21  
1544.47  3.16781225009521e-21  
1546.01  3.16150439809945e-21  
1546.01  3.0031794027539e-21  
1546.78  3.00019013141328e-21  
1546.78  2.97142558219875e-21  
1547.56  2.96843102577649e-21  
1547.56  3.0833607423762e-21  
1549.1  3.0772332937901e-21  
1549.1  3.26360575089463e-21  
1549.87  3.26036373422882e-21  
1549.87  3.57545092457752e-21  
1550.64  3.57190088890148e-21  
1550.64  3.94391827293135e-21  
1552.18  3.93609621472518e-21  
1552.18  4.20741157845993e-21  
1552.95  4.20324028673433e-21  
1552.95  4.37442158012319e-21  
1553.73  4.37003060823232e-21  
1553.73  4.52679860430473e-21  
1554.5  4.52231514126855e-21  
1554.5  4.62196875794353e-21  
1556.04  4.61282463612485e-21  
1556.04  4.59861303011984e-21  
1556.81  4.59406519659014e-21  
1556.81  4.56568247192025e-21  
1557.58  4.56116943691807e-21  
1557.58  4.47608069772399e-21  
1559.12  4.46724268659088e-21  
1559.12  4.5238523939273e-21  
1559.9  4.51932938263235e-21  
1559.9  4.47691763376584e-21  
1560.67  4.47250109960373e-21  
1562.21  4.46368761508046e-21  
1562.21  4.39320206127093e-21  
1562.98  4.3888745173104e-21  
1562.98  4.30437271519221e-21  
1563.75  4.30013476029728e-21  
1563.75  4.14538163234401e-21  
1564.52  4.1413022234807e-21  
1564.52  4.16940589565537e-21  
1566.07  4.16115673564834e-21  
1566.07  4.30143377738861e-21  
1566.84  4.29720706608855e-21  
1566.84  4.40931353930021e-21  
1567.61  4.40498294995461e-21  
1567.61  4.48898633018569e-21  
1569.15  4.48017946450611e-21  
1569.15  4.39634088907325e-21  
1569.92  4.39202939254104e-21  
1569.92  4.43391365602391e-21  
1570.69  4.42956744300415e-21  
1570.69  4.38772423533458e-21  
1571.46  4.38342540503208e-21  
1571.46  4.35556941184493e-21  
1573.01  4.3469899286886e-21  
1573.01  4.19404131586414e-21  
1573.78  4.18993830046239e-21  
1573.78  4.23160524490196e-21  
1574.55  4.22746750481266e-21  
1574.55  4.31073200894914e-21  
1576.09  4.30231207856941e-21  
1576.09  4.34386905101034e-21  
1576.86  4.33962775816125e-21  
1576.86  4.17358630140424e-21  
1577.63  4.16951325867563e-21  
1577.63  4.08657355101879e-21  
1579.18  4.07855536381914e-21  
1579.18  4.10615169816692e-21  
1579.95  4.10215034830142e-21  
1579.95  4.18484665731042e-21  
1580.72  4.18077060703549e-21  
1580.72  4.13945672254867e-21  
1581.49  4.13542684472966e-21  
1581.49  4.16294262090003e-21  
1583.03  4.1548469899878e-21  
1583.03  4.30586551320441e-21  
1583.8  4.30167974418216e-21  
1583.8  4.53483425224023e-21  
1584.58  4.5303708611319e-21  
1584.58  4.58517604695593e-21  
1586.12  4.57627666584169e-21  
1586.12  4.48055672203077e-21  
1586.89  4.47620961334086e-21  
1586.89  4.35325370967634e-21  
1587.66  4.3490321603382e-21  
1587.66  4.32172983346105e-21  
1589.2  4.31335802470856e-21  
1589.2  4.40870730184851e-21  
1589.97  4.40443818655868e-21  
1589.97  4.52693005223399e-21  
1590.75  4.52249171842489e-21  
1590.75  4.60405709190842e-21  
1591.52  4.59960315306997e-21  
1591.52  4.43661837390325e-21  
1593.06  4.42804482377607e-21  
1593.06  4.27892195724252e-21  
1593.83  4.27478855024933e-21  
1593.83  4.1799924386699e-21  
1594.6  4.17595654618169e-21  
1594.6  4.12182615763798e-21  
1596.14  4.11387629095103e-21  
1596.14  4.20840999085215e-21  
1596.92  4.204299881234e-21  
1596.92  4.13684511785706e-21  
1597.69  4.13285860839313e-21  
1597.69  4.15981921344315e-21  
1598.46  4.15581249533284e-21  
1598.46  4.14234517697121e-21  
1600  4.134375e-21  
1600  4.2015703125e-21  
1600.77  4.19752921847289e-21  
1600.77  4.1303985348035e-21  
1601.54  4.12642780372931e-21  
1601.54  4.04594608684308e-21  
1603.09  4.03812595862914e-21  
1603.09  3.90425291756011e-21  
1603.86  3.90050501798954e-21  
1603.86  3.98075406801118e-21  
1604.63  3.97693456419854e-21  
1604.63  3.92349041350075e-21  
1606.17  3.91597031461947e-21  
1606.17  3.82261359162205e-21  
1606.94  3.81895109362495e-21  
1606.94  3.63242815806595e-21  
1607.71  3.6289495457684e-21  
1607.71  3.49584480841346e-21  
1608.48  3.49249859807479e-21  
1608.48  3.6387759801432e-21  
1610.03  3.63177314434075e-21  
1610.03  3.71140830778797e-21  
1610.8  3.70786087625932e-21  
1610.8  3.85370563940484e-21  
1611.57  3.85002395700925e-21  
1611.57  3.95600519277468e-21  
1613.11  3.94845537914698e-21  
1613.11  4.12033036357616e-21  
1613.88  4.11639959112009e-21  
1613.88  4.23527733479837e-21  
1614.65  4.23123882992091e-21  
1614.65  4.20485313628083e-21  
1616.2  4.19679176135221e-21  
1616.97  4.19279569435017e-21  
1616.97  4.1270034019938e-21  
1617.74  4.12307565544819e-21  
1617.74  4.10992742749954e-21  
1618.51  4.10601779291532e-21  
1618.51  4.00094348127403e-21  
1620.05  3.99334059931396e-21  
1620.05  3.96713051171288e-21  
1620.82  3.96336209214636e-21  
1620.82  3.93716548216618e-21  
1621.59  3.9334273021691e-21  
1621.59  3.98575936809977e-21  
1623.14  3.9781506870886e-21  
1623.14  4.09568729382301e-21  
1623.91  4.09180415801458e-21  
1623.91  4.10484128692905e-21  
1624.68  4.1009513162344e-21  
1624.68  4.1139874558795e-21  
1625.45  4.11009066418377e-21  
1625.45  4.04498306013367e-21  
1626.99  4.0373292628695e-21  
1626.99  4.07632670839368e-21  
1627.76  4.07247106729308e-21  
1627.76  4.12440715728858e-21  
1628.54  4.12045727927272e-21  
1628.54  4.09450844764696e-21  
1630.08  4.08677561924165e-21  
1630.08  4.03498725939961e-21  
1630.85  4.03117794925535e-21  
1630.85  3.85008417143105e-21  
1631.62  3.8464511376512e-21  
1631.62  3.89814178302991e-21  
1633.16  3.89079368732028e-21  
1633.16  4.04558455664201e-21  
1633.93  4.04177243971759e-21  
1633.93  4.26083976246273e-21  
1634.71  4.2567746229293e-21  
1634.71  4.28252794324757e-21  
1635.48  4.27849638033307e-21  
1637.02  4.27045031463728e-21  
1637.02  4.2062597829988e-21  
1637.79  4.20230560245773e-21  
1637.79  4.27925288071935e-21  
1638.56  4.27523197149269e-21  
1638.56  4.33930190093772e-21  
1640.1  4.33115680296589e-21  
1640.1  4.44626397269271e-21  
1640.88  4.44203787253517e-21  
1640.88  4.51870676142078e-21  
1641.65  4.51446884442762e-21  
1641.65  4.60383384788726e-21  
1643.19  4.59520845241669e-21  
1643.19  4.62068553782071e-21  
1643.96  4.61635806679852e-21  
1643.96  4.48905864050721e-21  
1644.73  4.48485641152773e-21  
1644.73  4.23050698014486e-21  
1645.5  4.22654863530742e-21  
1645.5  3.93430108411465e-21  
1647.05  3.92689961207702e-21  
1647.05  3.86348849900059e-21  
1647.82  3.85987864951969e-21  
1647.82  3.97392084514179e-21  
1648.59  3.97020954705191e-21  
1648.59  4.13476615117459e-21  
1650.13  4.12705213035405e-21  
1650.13  4.2660384930727e-21  
1650.9  4.26205995579898e-21  
1650.9  4.27467429012751e-21  
1651.67  4.27068955714397e-21  
1651.67  4.3211328505613e-21  
1652.44  4.31710668673353e-21  
1652.44  4.20371227970702e-21  
1653.99  4.19583714021229e-21  
1653.99  4.05750970569142e-21  
1654.76  4.05373446871308e-21  
1654.76  4.00347938898922e-21  
1655.53  3.99975615565562e-21  
1655.53  3.93699299104407e-21  
1657.07  3.92967869304538e-21  
1657.07  3.89208420130751e-21  
1657.84  3.88846960778325e-21  
1657.84  3.71322432495999e-21  
1658.61  3.70977743985646e-21  
1658.61  3.6347389209222e-21  
1660.16  3.62795497802294e-21  
1660.16  3.86512438197892e-21  
1660.93  3.86154150261623e-21  
1660.93  3.99872625718898e-21  
1661.7  3.99502124925888e-21  
1661.7  4.082242714631e-21  
1662.47  4.07846207624498e-21  
1662.47  4.07846207624498e-21  
1662.47  3.95398158172123e-21  
1664.01  3.94666634447426e-21  
1664.01  3.95909353076872e-21  
1664.78  3.95543202952932e-21  
1664.78  3.86853300148433e-21  
1665.56  3.86491049711659e-21  
1665.56  3.72848738737526e-21  
1667.1  3.72160211531973e-21  
1667.1  3.69685058778725e-21  
1667.87  3.6934379502697e-21  
1668.64  3.69003003598404e-21  
1668.64  3.60353258320919e-21  
1670.18  3.59689032700927e-21  
1670.18  3.3625581129175e-21  
1670.95  3.35945978779478e-21  
1670.95  3.28553624307228e-21  
1671.73  3.28247101075627e-21  
1671.73  3.33171097428041e-21  
1672.5  3.32864391669515e-21  
1672.5  3.47622782145897e-21  
1674.04  3.46983498918255e-21  
1674.04  3.62942620264237e-21  
1674.81  3.62608968596419e-21  
1674.81  3.76101002347337e-21  
1675.58  3.75755413082027e-21  
1675.58  3.70854018582883e-21  
1677.12  3.70173264697669e-21  
1677.12  3.73842296036261e-21  
1677.9  3.73494803081939e-21  
1677.9  3.79604881656548e-21  
1678.67  3.79256714689414e-21  
1678.67  3.87803404857633e-21  
1680.21  3.87092846590367e-21  
1680.21  3.80999557082781e-21  
1680.98  3.80650591042017e-21  
1680.98  3.84302791483773e-21  
1681.75  3.83950961061204e-21  
1681.75  3.81518743405479e-21  
1682.52  3.81169621598793e-21  
1682.52  3.83599613570363e-21  
1684.07  3.82893816568128e-21  
1684.07  3.87745916267549e-21  
1684.84  3.87391584543374e-21  
1684.84  3.94663611554548e-21  
1685.6  3.94307801486175e-21  
1685.6  3.89464506180835e-21  
1687.14  3.88753834149046e-21  
1687.14  3.82710498732661e-21  
1687.92  3.82356873897086e-21  
1687.92  3.85979103529098e-21  
1688.69  3.85627190328951e-21  
1688.69  4.00105002734818e-21  
1689.46  3.99740376587323e-21  
1689.46  3.86481318232585e-21  
1691  3.8577769882017e-21  
1691  3.79761921831269e-21  
1691.77  3.79416307316445e-21  
1691.77  3.69800243170067e-21  
1692.54  3.69463847674097e-21  
1692.54  3.77869987995186e-21  
1694.09  3.77178843439346e-21  
1694.09  3.81974760966858e-21  
1694.86  3.81627766224779e-21  
1694.86  3.8641828266136e-21  
1695.63  3.86067410691112e-21  
1695.63  3.82477003179293e-21  
1697.17  3.81783204265723e-21  
1697.17  3.69838971828232e-21  
1697.94  3.69503610818217e-21  
1697.94  3.79050956525559e-21  
1698.71  3.78707398076464e-21  
1698.71  3.87052584270036e-21  
1699.48  3.8670193233639e-21  
1699.48  3.96231983046678e-21  
1701.03  3.95510208876033e-21  
1701.03  3.89565165916704e-21  
1701.8  3.89212718723945e-21  
1701.8  3.90399822902564e-21  
1702.57  3.90046780281633e-21  
1702.57  3.86486618416198e-21  
1704.11  3.85788400042069e-21  
1704.11  3.78679906673114e-21  
1704.88  3.78337926378826e-21  
1704.88  3.83072298197704e-21  
1705.65  3.82726507338098e-21  
1705.65  3.81544756183816e-21  
1707.2  3.8085224692553e-21  
1707.2  3.79671611341875e-21  
1707.97  3.7932935563287e-21  
1707.97  3.56921614569621e-21  
1708.74  3.56600011843938e-21  
1708.74  3.41282484409475e-21  
1709.51  3.40975111734934e-21  
1709.51  3.42151532227736e-21  
1711.05  3.41535914636023e-21  
1711.05  3.43886571658366e-21  
1711.82  3.43577271490708e-21  
1711.82  3.67058604212926e-21  
1712.59  3.66728610942784e-21  
1712.59  3.72593666572504e-21  
1714.14  3.71920140403412e-21  
1714.14  3.67236781766281e-21  
1714.91  3.66907074855565e-21  
1714.91  3.43510285286789e-21  
1715.68  3.43202018517929e-21  
1715.68  3.33851089714526e-21  
1716.45  3.33551625495603e-21  
1716.45  3.39390331789195e-21  
1717.99  3.38782147975326e-21  
1717.99  3.51604486731263e-21  
1718.76  3.51289521511693e-21  
1718.76  3.48960921831345e-21  
1719.54  3.4864440952558e-21  
1719.54  3.41662917490794e-21  
1721.08  3.41051759971127e-21  
1721.08  3.42213429390679e-21  
1721.85  3.41907426635588e-21  
1721.85  3.34944654499286e-21  
1722.62  3.34645285233286e-21  
1722.62  3.42760416466289e-21  
1724.16  3.42148390545144e-21  
1724.16  3.32890226755654e-21  
1724.93  3.32593092073776e-21  
1724.93  3.33749581647081e-21  
1725.71  3.33447948299779e-21  
1725.71  3.38068718421772e-21  
1726.48  3.37767232318064e-21  
1726.48  3.45847123560113e-21  
1728.02  3.45230964900553e-21  
1728.02  3.60208595303193e-21  
1728.79  3.59887794222183e-21  
1728.79  3.63340783372791e-21  
1729.56  3.6301733680156e-21  
1729.56  3.64167642860314e-21  
1731.1  3.63519998338443e-21  
1731.1  3.54335917922392e-21  
1731.88  3.54016819858044e-21  
1731.88  3.39104878897212e-21  
1732.65  3.38803545405553e-21  
1732.65  3.35365924265164e-21  
1734.19  3.3477056365564e-21  
1734.19  3.39346254140948e-21  
1734.96  3.39045107564537e-21  
1734.96  3.53903153814583e-21  
1735.73  3.53589228279662e-21  
1736.5  3.53275720255363e-21  
1736.5  3.57840239985495e-21  
1738.05  3.57202277842442e-21  
1738.05  3.38979728983506e-21  
1738.82  3.38679575317295e-21  
1738.82  3.36403401545783e-21  
1739.59  3.36105660938587e-21  
1739.59  3.37242740537619e-21  
1741.13  3.36646433380085e-21  
1741.13  3.5480456911826e-21  
1741.9  3.54490958538045e-21  
1741.9  3.72632055636943e-21  
1742.67  3.7230283290004e-21  
1742.67  3.68904629363718e-21  
1744.22  3.68249266955658e-21  
1744.22  3.63726049461307e-21  
1744.99  3.63405122388956e-21  
1744.99  3.45327231101824e-21  
1745.76  3.450226722536e-21  
1745.76  3.40507431437103e-21  
1746.53  3.40207255745136e-21  
1748.07  3.39608093932514e-21  
1748.07  3.50866873072192e-21  
1748.84  3.50557973440444e-21  
1748.84  3.51683056321288e-21  
1749.61  3.51373574362477e-21  
1749.61  3.3901051356327e-21  
1751.16  3.38410644055436e-21  
1751.16  3.26069459342369e-21  
1751.93  3.25782897312633e-21  
1752.7  3.25496712879104e-21  
1752.7  3.37816220094648e-21  
1753.47  3.37519595257438e-21  
1753.47  3.4423351480209e-21  
1755.01  3.43629658384146e-21  
1755.01  3.45863056362249e-21  
1755.78  3.45559765338235e-21  
1755.78  3.55604649066782e-21  
1756.56  3.55288906885617e-21  
1756.56  3.53058476409595e-21  
1758.1  3.52440227250333e-21  
1758.1  3.5800556845355e-21  
1758.87  3.57692180940652e-21  
1758.87  3.4101077253751e-21  
1759.64  3.40712392364178e-21  
1759.64  3.34045473635039e-21  
1761.18  3.33461541138584e-21  
1761.18  3.16823863396e-21  
1761.95  3.16547009831647e-21  
1761.95  3.24304861267763e-21  
1762.73  3.24017917918012e-21  
1762.73  3.2291049608638e-21  
1763.5  3.22628571731748e-21  
1763.5  3.32584737175545e-21  
1765.04  3.32004629012407e-21  
1765.04  3.38630816325282e-21  
1765.81  3.3833555366609e-21  
1765.81  3.50472811159977e-21  
1766.58  3.50167356267802e-21  
1766.58  3.55679395812422e-21  
1768.12  3.55060085210101e-21  
1768.12  3.40753160354567e-21  
1768.9  3.40452715032254e-21  
1768.9  3.41552424866416e-21  
1769.67  3.41255264207906e-21  
1769.67  3.4455152337066e-21  
1771.21  3.43952634844028e-21  
1771.21  3.52725468193744e-21  
1771.98  3.52418986630761e-21  
1771.98  3.54609811579167e-21  
1772.75  3.5430182652215e-21  
1772.75  3.52112904344972e-21  
1773.52  3.51807220643118e-21  
1773.52  3.46338235260874e-21  
1775.07  3.45733650781571e-21  
1775.07  3.3590685197424e-21  
1775.84  3.35615618302984e-21  
1775.84  3.33433355750867e-21  
1776.61  3.3314439188561e-21  
1776.61  3.30964971018082e-21  
1778.15  3.30391942484149e-21  
1778.15  3.43448673624354e-21  
1778.92  3.43151416587136e-21  
1778.92  3.48587249610255e-21  
1779.69  3.48285675609566e-21  
1779.69  3.58061520731147e-21  
1780.46  3.57751884173141e-21  
1780.46  3.47984492791657e-21  
1782.01  3.47379399230953e-21  
1782.01  3.46295810701691e-21  
1782.78  3.45996738252642e-21  
1782.78  3.64399002566012e-21  
1783.55  3.64084431442175e-21  
1783.55  3.78143937432067e-21  
1785.09  3.77491768107156e-21  
1785.09  3.72093447060864e-21  
1785.86  3.71772649028208e-21  
1785.86  3.51276902870453e-21  
1786.63  3.50974182185232e-21  
1786.63  3.31574090420868e-21  
1788.18  3.30999520637262e-21  
1788.18  3.28847273187314e-21  
1788.95  3.28564249171546e-21  
1788.95  3.25339593909867e-21  
1789.72  3.25059709237495e-21  
1789.72  3.33652016673386e-21  
1790.49  3.33365104364084e-21  
1790.49  3.51609226513989e-21  
1792.03  3.51005167936501e-21  
1792.03  3.5743232837735e-21  
1792.8  3.57125362972043e-21  
1792.8  3.54985127181342e-21  
1793.58  3.54676439314644e-21  
1793.58  3.47189796500988e-21  
1795.12  3.465943567043e-21  
1795.89  3.46297211064131e-21  
1795.89  3.52697702903485e-21  
1796.66  3.52395454246646e-21  
1796.66  3.39606369900885e-21  
1798.2  3.39024933063416e-21  
1798.2  3.31576710733645e-21  
1798.97  3.3129292676042e-21  
1798.97  3.27040839653027e-21  
1799.75  3.2675742631523e-21  
1799.75  3.42689629397641e-21  
1800.52  3.42396586730125e-21  
1800.52  3.65743280765871e-21  
1802.06  3.65118435883609e-21  
1802.06  3.57703011271578e-21  
1802.83  3.57397522124562e-21  
1802.83  3.36227106613748e-21  
1803.6  3.35940081100459e-21  
1803.6  3.09499652281155e-21  
1805.14  3.0897179720777e-21  
1805.14  3.22697002819166e-21  
1805.92  3.22418309072843e-21  
1805.92  3.28747902245942e-21  
1806.69  3.28467741352527e-21  
1806.69  3.4427777945337e-21  
1808.23  3.43691612859431e-21  
1809  3.43399090781581e-21  
1809  3.46552661421105e-21  
1809.77  3.46257829721922e-21  
1809.77  3.28401272710611e-21  
1810.54  3.28122002206804e-21  
1810.54  3.21824670580835e-21  
1812.09  3.21274350343908e-21  
1812.09  3.20226437543948e-21  
1812.86  3.19954467296366e-21  
1812.86  3.19954467296366e-21  
1812.86  3.32516915240004e-21  
1813.63  3.32234626490245e-21  
1813.63  3.27004868871418e-21  
1815.17  3.26450238864432e-21  
1815.17  3.30626766740927e-21  
1815.94  3.3034643959799e-21  
1815.94  3.18870043753276e-21  
1816.71  3.18599799299724e-21  
1816.71  3.29023879054049e-21  
1817.48  3.28745147271982e-21  
1817.48  3.25620935846256e-21  
1819.03  3.25066247449481e-21  
1819.03  3.43781397141985e-21  
1819.8  3.43490534769258e-21  
1819.8  3.38296179835489e-21  
1820.57  3.38010079358734e-21  
1820.57  3.39048252785999e-21  
1822.11  3.38475385437575e-21  
1822.11  3.30185838264528e-21  
1822.88  3.29906950572259e-21  
1822.88  3.17482229491363e-21  
1823.65  3.17214184957335e-21  
1823.65  3.16179515353646e-21  
1825.2  3.15642730172645e-21  
1825.2  3.06348314048208e-21  
1825.97  3.06089998231918e-21  
1826.74  3.05832008999468e-21  
1827.51  3.05574345800567e-21  
1827.51  3.25146518061685e-21  
1829.05  3.24599223192165e-21  
1829.05  3.40025071008173e-21  
1829.82  3.39738961754744e-21  
1829.82  3.28436012721746e-21  
1830.59  3.28159771136132e-21  
1830.59  3.16867224048168e-21  
1832.14  3.16331308188029e-21  
1832.14  3.20430825094962e-21  
1832.91  3.2016165758571e-21  
1832.91  3.26306213934194e-21  
1833.68  3.26032226072637e-21  
1833.68  3.12730050577606e-21  
1835.22  3.12205424416124e-21  
1835.22  3.0709799143751e-21  
1835.99  3.06840456410069e-21  
1835.99  3.15006030144486e-21  
1836.76  3.14741974087338e-21  
1836.76  3.19840846176709e-21  
1837.54  3.195693713667e-21  
1837.54  3.13455740553913e-21  
1839.08  3.12931000215481e-21  
1839.08  3.05810223373843e-21  
1839.85  3.05554306209256e-21  
1840.62  3.0529871015657e-21  
1840.62  3.0022120153047e-21  
1842.16  2.99719456407671e-21  
1842.16  2.8856831339973e-21  
1842.93  2.88327228624072e-21  
1842.93  2.8326244071347e-21  
1843.7  2.83025887550423e-21  
1843.7  2.92134715968546e-21  
1844.47  2.91890855370835e-21  
1844.47  3.21217416050293e-21  
1846.01  3.20681700118074e-21  
1846.01  3.43901693426063e-21  
1846.78  3.43614979145065e-21  
1846.78  3.34536508210515e-21  
1847.56  3.34254099633685e-21  
1847.56  3.23167167034607e-21  
1849.1  3.2262909965589e-21  
1849.1  3.02504922238734e-21  
1849.87  3.02253142046237e-21  
1849.87  2.86167901219649e-21  
1850.64  2.85929817699002e-21  
1850.64  2.5478905920999e-21  
1852.18  2.54365545263721e-21  
1852.18  2.4533993342396e-21  
1852.95  2.45136072016734e-21  
1852.95  2.39123705997075e-21  
1853.73  2.38922514615264e-21  
1853.73  2.51938492816823e-21  
1854.5  2.51729323373857e-21  
1854.5  2.60732367058595e-21  
1856.04  2.60299875014538e-21  
1856.04  2.75280348315062e-21  
1856.81  2.75052083798854e-21  
1856.81  2.90019265044916e-21  
1857.58  2.89778878574243e-21  
1857.58  2.96758527294913e-21  
1859.12  2.9626709172223e-21  
1859.12  2.86313172933864e-21  
1859.9  2.86073076749861e-21  
1859.9  2.69166125305513e-21  
1860.67  2.68943393674678e-21  
1860.67  2.5403738096725e-21  
1862.21  2.53617389877917e-21  
1862.21  2.62546038330608e-21  
1862.98  2.6232905406732e-21  
1862.98  2.732332117838e-21  
1863.75  2.73007488256163e-21  
1863.75  2.73997249762829e-21  
1864.52  2.73770988507353e-21  
1864.52  2.92573872262973e-21  
1866.07  2.9208803715209e-21  
1866.07  2.9702799316006e-21  
1866.84  2.96783018349841e-21  
1866.84  3.07642130390503e-21  
1867.61  3.07388506124556e-21  
1867.61  3.01470159036824e-21  
1869.15  3.00973598792398e-21  
1869.15  2.84233570637508e-21  
1869.92  2.83999534113932e-21  
1869.92  2.77111701806647e-21  
1870.69  2.76883623294185e-21  
1870.69  2.77866911937607e-21  
1872.24  2.77407018514752e-21  
1872.24  2.87221918981623e-21  
1873.01  2.86985811947846e-21  
1873.01  2.97773498458857e-21  
1873.78  2.97528818204841e-21  
1873.78  3.14186221319898e-21  
1874.55  3.1392816076824e-21  
1874.55  3.19802766907476e-21  
1876.09  3.19277958261039e-21  
1876.09  3.29052616954534e-21  
1876.86  3.28782678289742e-21  
1876.86  3.18039203915168e-21  
1877.63  3.17778407087966e-21  
1877.63  3.13875124775552e-21  
1879.18  3.13357552428709e-21  
1879.18  3.10435130391988e-21  
1879.95  3.10180883100546e-21  
1879.95  2.99472696955168e-21  
1880.72  2.99227528326099e-21  
1880.72  3.07008461843286e-21  
1881.49  3.06757226765801e-21  
1881.49  2.96066562752224e-21  
1883.03  2.95582496046205e-21  
1883.03  2.76177859134548e-21  
1883.8  2.75952130830107e-21  
1883.8  2.66257319675414e-21  
1884.58  2.66036965292635e-21  
1884.58  2.82503997634867e-21  
1886.12  2.82042862026698e-21  
1886.12  3.0041754746851e-21  
1886.89  3.00172409370543e-21  
1886.89  2.98240298056017e-21  
1887.66  2.97997035824502e-21  
1887.66  2.8834183319011e-21  
1889.2  2.87871935414645e-21  
1889.2  2.86907820505642e-21  
1889.97  2.86674087674907e-21  
1889.97  2.96305702751887e-21  
1890.75  2.96061280405246e-21  
1890.75  2.7488887081164e-21  
1891.52  2.74665112830392e-21  
1893.06  2.74218415709977e-21  
1893.06  2.61738493429535e-21  
1893.83  2.61525699600311e-21  
1894.6  2.61313165168243e-21  
1894.6  2.62271792057497e-21  
1896.14  2.61845943184158e-21  
1896.14  2.63760083931123e-21  
1896.92  2.63543215989912e-21  
1896.92  2.83620999900438e-21  
1897.69  2.83390884482518e-21  
1897.69  2.91988786561516e-21  
1899.23  2.91515457448471e-21  
1899.23  3.07730259358896e-21  
1900  3.07480886426593e-21  
1900  3.07480886426593e-21  
