# LBG mean spectra from astro-ph/0112262
# lambda (A)  Flam W/m^2/A
1000  2.39991e-21  
1000.77  2.39621840294158e-21  
1000.77  2.52934530857596e-21  
1001.54  2.52545760121302e-21  
1001.54  3.02391915746832e-21  
1003.09  3.01458110524772e-21  
1003.09  3.24648572047714e-21  
1003.86  3.2415072667391e-21  
1003.86  3.43998208395481e-21  
1004.63  3.43471094707498e-21  
1004.63  3.1374697722829e-21  
1006.17  3.12787297283184e-21  
1006.17  2.99615340669694e-21  
1006.94  2.99157288345787e-21  
1006.94  2.76144711283962e-21  
1007.71  2.75722863349687e-21  
1009.26  2.74876615078703e-21  
1009.26  2.84694152456204e-21  
1010.03  2.84260242695283e-21  
1010.03  2.77725095195842e-21  
1010.8  2.77302129482789e-21  
1010.8  2.70777228410413e-21  
1011.57  2.70365157842702e-21  
1011.57  2.34532521773585e-21  
1013.11  2.33820051116517e-21  
1013.11  2.20829398752212e-21  
1013.88  2.20494104499683e-21  
1014.65  2.20159573304166e-21  
1014.65  2.42824040121878e-21  
1016.2  2.42083850749912e-21  
1016.2  2.51767750940956e-21  
1016.97  2.51386642792e-21  
1016.97  2.3849441762865e-21  
1017.74  2.38133674742866e-21  
1018.51  2.37773749719479e-21  
1018.51  2.31347260205756e-21  
1020.05  2.30649243752897e-21  
1020.05  2.49870830979011e-21  
1020.82  2.49494020226054e-21  
1020.82  2.33500138372777e-21  
1021.59  2.33148280292077e-21  
1021.59  2.13984600706152e-21  
1023.14  2.13336742356991e-21  
1023.14  1.81494167150147e-21  
1023.91  1.81221295586882e-21  
1023.91  1.55785477750203e-21  
1024.68  1.5555143444381e-21  
1024.68  1.33328780513646e-21  
1026.22  1.32928920327287e-21  
1026.22  1.13937772322609e-21  
1026.99  1.13766983521326e-21  
1026.99  1.07446184691887e-21  
1027.76  1.07285247177036e-21  
1027.76  1.32530856250597e-21  
1028.54  1.32329921195709e-21  
1028.54  1.63839016861026e-21  
1030.08  1.63349494728845e-21  
1030.08  2.13613248345318e-21  
1030.85  2.13294247965612e-21  
1030.85  2.32115183909656e-21  
1031.62  2.31768812202702e-21  
1031.62  2.50561662781542e-21  
1033.16  2.49815258776717e-21  
1033.16  2.59183552308992e-21  
1033.93  2.58797651867432e-21  
1033.93  2.9309607498966e-21  
1034.71  2.92654349734103e-21  
1034.71  3.08222829230878e-21  
1036.25  3.07307392894196e-21  
1036.25  2.8868126319588e-21  
1037.02  2.88252723634141e-21  
1037.02  2.75855317952321e-21  
1037.79  2.75446121881157e-21  
1037.79  2.63065991966773e-21  
1038.56  2.62676056434135e-21  
1038.56  2.93581477877205e-21  
1040.1  2.92712752237802e-21  
1040.1  3.17360378945614e-21  
1040.88  3.16884919053701e-21  
1040.88  3.53806507563606e-21  
1041.65  3.53283624985559e-21  
1041.65  3.74788927549736e-21  
1043.19  3.73683186651676e-21  
1043.19  3.95122285325922e-21  
1043.96  3.94539634729956e-21  
1043.96  4.09833447682999e-21  
1044.73  4.09229549141958e-21  
1044.73  4.27554532042496e-21  
1045.5  4.26924984922058e-21  
1045.5  4.33023403573558e-21  
1047.05  4.31742300511837e-21  
1047.05  4.439030533781e-21  
1047.82  4.43250880749738e-21  
1047.82  4.28072272556094e-21  
1048.59  4.27443819818071e-21  
1050.13  4.26191059082305e-21  
1050.13  4.11076434635966e-21  
1050.9  4.10474259560345e-21  
1050.9  4.13492212960374e-21  
1051.67  4.12886942396934e-21  
1051.67  4.2494379771036e-21  
1053.22  4.23693957758914e-21  
1053.22  4.17681908608515e-21  
1053.99  4.17071850466552e-21  
1053.99  4.08070999153721e-21  
1054.76  4.07475413471214e-21  
1054.76  3.92495889410062e-21  
1055.53  3.91923453570741e-21  
1057.07  3.90782332421524e-21  
1057.07  3.93765157724474e-21  
1057.84  3.93192124331223e-21  
1057.84  4.14041515803731e-21  
1058.61  4.13439413008155e-21  
1058.61  3.95594494061033e-21  
1060.16  3.94438586982616e-21  
1060.16  3.88507661316736e-21  
1060.93  3.87943925084196e-21  
1060.93  3.61290821054448e-21  
1061.7  3.60766957341788e-21  
1061.7  3.63723823583087e-21  
1063.24  3.62670949278249e-21  
1063.24  3.53823374606838e-21  
1064.01  3.5331145194133e-21  
1064.01  3.41535286843998e-21  
1064.78  3.41041500179043e-21  
1064.78  3.43981285002057e-21  
1065.55  3.43484321200561e-21  
1065.55  3.61100189024004e-21  
1067.09  3.6005867796161e-21  
1067.09  3.6883989008511e-21  
1067.86  3.68308164350941e-21  
1068.63  3.67777587605544e-21  
1068.63  3.85292057033933e-21  
1070.18  3.84176786317218e-21  
1070.18  3.8999717045509e-21  
1070.95  3.89436565635045e-21  
1070.95  3.92342574423115e-21  
1071.72  3.91779003236861e-21  
1071.72  4.06290787752445e-21  
1072.49  4.05707599839119e-21  
1074.03  4.04544984687238e-21  
1074.03  4.21881177932788e-21  
1074.8  4.21276912684805e-21  
1074.8  4.15506458545736e-21  
1075.58  4.14904034695526e-21  
1075.58  4.32192891357308e-21  
1077.12  4.30957929139354e-21  
1077.12  4.39576363701236e-21  
1077.89  4.38948557702083e-21  
1077.89  4.24602432849334e-21  
1078.66  4.23996445459293e-21  
1078.66  4.06808759265269e-21  
1080.2  4.05649642599804e-21  
1080.2  3.9993673811014e-21  
1080.97  3.99367172612628e-21  
1080.97  3.93659836690351e-21  
1081.75  3.930923414814e-21  
1081.75  3.81699252291135e-21  
1082.52  3.81156437571305e-21  
1082.52  3.29955325637167e-21  
1084.06  3.29018531954985e-21  
1084.06  2.97818366711639e-21  
1084.83  2.97395740571225e-21  
1084.83  2.88896825746905e-21  
1085.6  2.88487150608027e-21  
1085.6  3.08286436387866e-21  
1087.14  3.0741364199519e-21  
1087.14  3.49720204494231e-21  
1087.92  3.49218910332732e-21  
1087.92  3.85830181904831e-21  
1088.69  3.85284601108443e-21  
1088.69  4.21846633857387e-21  
1090.23  4.20655720031385e-21  
1091  4.2006215339067e-21  
1091  4.08858916507951e-21  
1091.77  4.08282402502957e-21  
1091.77  4.05486171795205e-21  
1092.54  4.0491481637098e-21  
1092.54  4.1329168830139e-21  
1094.09  4.12121495089555e-21  
1094.86  4.11542020155673e-21  
1094.86  4.08761550659666e-21  
1095.63  4.08187203857581e-21  
1095.63  3.91527827742265e-21  
1097.17  3.90429493484017e-21  
1097.17  3.79351906428048e-21  
1097.94  3.78820003881838e-21  
1097.94  3.70525329281833e-21  
1098.71  3.70006166755363e-21  
1098.71  3.78289219250531e-21  
1099.48  3.77759549403583e-21  
1099.48  3.88790637487849e-21  
1101.03  3.87696750294504e-21  
1101.03  3.98694327008419e-21  
1101.8  3.98137261553323e-21  
1101.8  4.03628366868835e-21  
1102.57  4.03064801166528e-21  
1102.57  4.08550707325796e-21  
1104.11  4.07411818426947e-21  
1104.88  4.06844158974963e-21  
1104.88  4.09574425781491e-21  
1105.65  4.09004150393077e-21  
1105.65  4.22636476842901e-21  
1107.2  4.21453984064369e-21  
1107.2  4.2417282098884e-21  
1107.97  4.23583455609111e-21  
1107.97  4.2901601789965e-21  
1108.74  4.28420336990913e-21  
1108.74  4.22995317713938e-21  
1109.51  4.22408403897006e-21  
1109.51  4.16993348952916e-21  
1111.05  4.15838180941993e-21  
1111.05  4.05038072962786e-21  
1111.82  4.04477242398665e-21  
1111.82  3.99082238619491e-21  
1112.59  3.98530037021179e-21  
1112.59  4.11995248773051e-21  
1114.14  4.10849704356471e-21  
1114.91  4.10282402907741e-21  
1114.91  4.1832649338517e-21  
1115.68  4.17749266500447e-21  
1115.68  4.09716275643434e-21  
1117.22  4.08587530726617e-21  
1117.22  4.03246957108997e-21  
1117.99  4.02691686971249e-21  
1117.99  3.9468945729244e-21  
1118.76  3.94146344744693e-21  
1118.76  3.78168702100413e-21  
1119.54  3.77641934263418e-21  
1119.54  3.74982703149701e-21  
1121.08  3.73953201718263e-21  
1121.08  3.60691163287311e-21  
1121.85  3.60196200711698e-21  
1121.85  3.52251327263753e-21  
1122.62  3.51768277784735e-21  
1122.62  3.35897940393492e-21  
1124.16  3.34978269684177e-21  
1124.16  3.29703432571906e-21  
1124.93  3.29252231595568e-21  
1124.93  3.47691266900424e-21  
1125.71  3.47209606025491e-21  
1125.71  3.5246992719898e-21  
1126.48  3.51988233629225e-21  
1126.48  3.7300312696191e-21  
1126.48  3.7300312696191e-21  
1128.02  3.71985356521239e-21  
1128.02  3.61505401460317e-21  
1128.79  3.61012370483289e-21  
1128.79  3.79325513492609e-21  
1129.56  3.7880853149533e-21  
1129.56  3.84033055150162e-21  
1131.1  3.82988040032071e-21  
1131.1  3.85593193478931e-21  
1131.88  3.85061937408901e-21  
1131.88  3.56442389978445e-21  
1132.65  3.55957920198478e-21  
1132.65  3.35171356414428e-21  
1134.19  3.34261784885958e-21  
1134.19  3.23897873827329e-21  
1134.96  3.23458533654697e-21  
1134.96  3.33808386941288e-21  
1135.73  3.33355910865524e-21  
1136.5  3.32904354161179e-21  
1136.5  3.50969867777767e-21  
1138.05  3.50014491766921e-21  
1138.05  3.60310534437752e-21  
1138.82  3.59823459539366e-21  
1138.82  3.70103270627503e-21  
1139.59  3.69603295652864e-21  
1141.13  3.68606380308008e-21  
1141.13  3.63487263218035e-21  
1141.9  3.62997218858069e-21  
1141.9  3.70665542296218e-21  
1142.67  3.70166156990756e-21  
1142.67  3.52295210985132e-21  
1144.22  3.51341394895947e-21  
1144.22  3.36066877590942e-21  
1144.99  3.35615023016697e-21  
1144.99  3.17816424526107e-21  
1145.76  3.17389395451682e-21  
1145.76  3.37702993194939e-21  
1146.53  3.37249548475079e-21  
1146.53  3.72748900371745e-21  
1148.07  3.7174957401062e-21  
1148.07  3.97038923896324e-21  
1148.84  3.96506878496918e-21  
1148.84  4.06610426830846e-21  
1149.61  4.06065920126826e-21  
1149.61  3.98500108873946e-21  
1151.16  3.97427696127051e-21  
1151.16  3.84849681056492e-21  
1151.93  3.84335352558969e-21  
1151.93  3.71774147250536e-21  
1152.7  3.71277625204982e-21  
1152.7  3.53718585237948e-21  
1153.47  3.53246492504822e-21  
1153.47  3.45728978551322e-21  
1155.01  3.44807657209301e-21  
1155.01  3.52305137996725e-21  
1155.78  3.51835871194571e-21  
1155.78  3.79284027872174e-21  
1156.56  3.78772611634479e-21  
1156.56  4.01200320955233e-21  
1158.1  4.00134026683848e-21  
1158.1  4.07589315029148e-21  
1158.87  4.07047857389658e-21  
1158.87  4.0456606257375e-21  
1159.64  4.040289778836e-21  
1159.64  4.01550477792888e-21  
1161.18  4.0048608179671e-21  
1161.18  4.02958012089304e-21  
1161.95  4.02424125326461e-21  
1161.95  3.90080849401662e-21  
1162.73  3.8955766515876e-21  
1162.73  3.84624757776671e-21  
1163.5  3.84115839746006e-21  
1165.04  3.83101029211159e-21  
1165.04  3.90469971871922e-21  
1165.81  3.89954343103918e-21  
1165.81  3.87502008303458e-21  
1166.58  3.86990636473291e-21  
1166.58  3.99236129205452e-21  
1168.12  3.98184151052119e-21  
1168.12  3.90856215370334e-21  
1168.9  3.90334757367527e-21  
1168.9  3.85455984588055e-21  
1169.67  3.84948656170199e-21  
1169.67  3.75201760493814e-21  
1171.21  3.74215718988984e-21  
1171.21  3.6206685208046e-21  
1171.98  3.6159124687898e-21  
1171.98  3.44602991044144e-21  
1172.75  3.44150623201556e-21  
1172.75  3.12642109481724e-21  
1173.52  3.12231966585339e-21  
1173.52  2.95290446986273e-21  
1175.07  2.94511943027443e-21  
1175.07  2.77612915393474e-21  
1175.84  2.77249444251581e-21  
1175.84  2.651938941654e-21  
1176.61  2.64846910063269e-21  
1176.61  2.76886686467195e-21  
1178.15  2.76163303514967e-21  
1178.15  2.95375321554056e-21  
1178.92  2.94989604587977e-21  
1178.92  3.21370823835725e-21  
1179.69  3.20951434376585e-21  
1179.69  3.37718358443194e-21  
1180.46  3.37277922808812e-21  
1180.46  3.51628983891407e-21  
1182.01  3.50707388350833e-21  
1182.01  3.57866259548786e-21  
1182.78  3.57400463162556e-21  
1182.78  3.55017993555601e-21  
1183.55  3.54556204984249e-21  
1183.55  3.49795322102755e-21  
1185.09  3.48886809177745e-21  
1185.09  3.41767236931438e-21  
1185.86  3.41323549927995e-21  
1185.86  3.31843110570507e-21  
1186.63  3.31412586662652e-21  
1186.63  3.33779621588254e-21  
1188.18  3.32909347787552e-21  
1188.18  3.11659453249716e-21  
1188.95  3.11255903780746e-21  
1188.95  2.87675718139362e-21  
1189.72  2.87303464800757e-21  
1189.72  2.5197789585109e-21  
1190.49  2.5165204643866e-21  
1190.49  2.28132827287709e-21  
1192.03  2.27543752157882e-21  
1192.03  2.13467814364919e-21  
1192.8  2.13192299335922e-21  
1192.8  2.0616404665417e-21  
1193.58  2.05894679853963e-21  
1193.58  2.33971801417279e-21  
1195.12  2.33369210167894e-21  
1195.12  2.75376844211868e-21  
1195.89  2.75022343535909e-21  
1195.89  3.19306419979654e-21  
1196.66  3.18895631884077e-21  
1196.66  3.23550675564869e-21  
1198.2  3.22719515761708e-21  
1198.2  3.06468716595173e-21  
1198.97  3.06075203602863e-21  
1198.97  2.73611164252742e-21  
1199.75  2.73255511269647e-21  
1199.75  2.45466850533779e-21  
1200.52  2.45152072170008e-21  
1200.52  2.22024203998656e-21  
1202.06  2.21455682871215e-21  
1202.06  2.1453363563229e-21  
1202.83  2.1425905314701e-21  
1202.83  2.25779650256125e-21  
1203.6  2.25490858763026e-21  
1203.6  2.32393132997153e-21  
1205.14  2.3179958077731e-21  
1205.14  2.13438461238466e-21  
1205.92  2.1316244266554e-21  
1205.92  1.76488724244107e-21  
1206.69  1.76263557947341e-21  
1206.69  1.46503804153886e-21  
1207.46  1.46317012110653e-21  
1207.46  1.39458180325407e-21  
1209  1.39103128521203e-21  
1209  1.52785867778264e-21  
1209.77  1.52591437963447e-21  
1209.77  1.50313883447799e-21  
1210.54  1.50122721024779e-21  
1210.54  1.47848063000325e-21  
1212.09  1.47470173616159e-21  
1212.09  1.38394796990281e-21  
1212.86  1.38219129284344e-21  
1212.86  1.3595316502406e-21  
1213.63  1.35780705990962e-21  
1213.63  1.33517616147065e-21  
1215.17  1.3317941352801e-21  
1215.17  1.53495630082941e-21  
1215.94  1.53301287907429e-21  
1215.94  1.93882681748117e-21  
1216.71  1.93637360470816e-21  
1216.71  2.56684886598209e-21  
1217.48  2.5636030654555e-21  
1217.48  3.12579281431198e-21  
1219.03  3.11784895950906e-21  
1219.03  3.31972857434638e-21  
1219.8  3.31553873305575e-21  
1219.8  3.20353614451564e-21  
1220.57  3.19949549996141e-21  
1220.57  2.99812498903147e-21  
1222.11  2.99057378098123e-21  
1222.11  2.94594194896653e-21  
1222.88  2.94223322669316e-21  
1222.88  3.12055586314161e-21  
1223.65  3.11662978622918e-21  
1223.65  3.33924763066029e-21  
1225.19  3.33085838579087e-21  
1225.19  3.53071308661354e-21  
1225.96  3.52627934438182e-21  
1225.96  3.63715921667069e-21  
1226.73  3.63259466922243e-21  
1226.73  3.80979975768587e-21  
1227.5  3.80502154877406e-21  
1227.5  3.95988402238252e-21  
1229.05  3.94990241069924e-21  
1229.05  4.01609623396915e-21  
1229.82  4.0110687892797e-21  
1229.82  4.07719958482047e-21  
1230.59  4.07209884211973e-21  
1230.59  4.09410825970836e-21  
1232.13  4.08388046465992e-21  
1232.13  4.17169820159015e-21  
1232.9  4.16648901263222e-21  
1232.9  4.21034305220471e-21  
1233.67  4.20508888795035e-21  
1233.67  4.46792419115163e-21  
1234.44  4.4623520634533e-21  
1234.44  4.54984144231358e-21  
1235.99  4.53843709069804e-21  
1235.99  4.51661956985166e-21  
1236.76  4.51099727540474e-21  
1236.76  4.38023548792437e-21  
1237.53  4.37478635611925e-21  
1237.53  4.39654961068267e-21  
1239.07  4.38562774369057e-21  
1239.07  4.58102999834504e-21  
1239.84  4.57534168733922e-21  
1239.84  4.66209013918946e-21  
1240.61  4.65630476686894e-21  
1240.61  4.85122220727436e-21  
1242.16  4.83912279500546e-21  
1242.16  4.99035145832744e-21  
1242.93  4.98417028902725e-21  
1242.93  5.30780812696684e-21  
1243.7  5.3012378172756e-21  
1243.7  5.45209219748549e-21  
1244.47  5.44534745919827e-21  
1244.47  5.55297282198875e-21  
1246.01  5.53925496498094e-21  
1246.01  5.47483154225173e-21  
1246.78  5.46807121801948e-21  
1246.78  5.403746644661e-21  
1247.56  5.39699169138413e-21  
1247.56  5.24706936587498e-21  
1249.1  5.23413924713809e-21  
1249.1  5.17005339673562e-21  
1249.87  5.16368519066924e-21  
1249.87  5.14234955308739e-21  
1250.64  5.13601936978867e-21  
1250.64  5.17863811701926e-21  
1252.18  5.16590800059875e-21  
1252.95  5.15956053757428e-21  
1252.95  5.1807914096108e-21  
1253.73  5.17434702325469e-21  
1253.73  5.23796041212004e-21  
1254.5  5.23153236630315e-21  
1256.04  5.21871172226574e-21  
1256.04  5.26098381775656e-21  
1256.81  5.25453938048226e-21  
1256.81  5.04351377882632e-21  
1257.58  5.03733951285593e-21  
1257.58  4.61578601508262e-21  
1259.12  4.60450200170864e-21  
1259.12  3.82656388560194e-21  
1259.9  3.82182732569148e-21  
1259.9  3.27584119376569e-21  
1260.67  3.27184073782373e-21  
1260.67  3.16698251767366e-21  
1262.21  3.15925927381836e-21  
1262.21  3.64046845720342e-21  
1262.98  3.63603084740488e-21  
1262.98  4.45102986846443e-21  
1263.75  4.44560751613557e-21  
1263.75  5.25959490119076e-21  
1264.52  5.25319143579454e-21  
1264.52  5.79519526936658e-21  
1266.07  5.78101429331706e-21  
1266.07  6.00975744351785e-21  
1266.84  6.00245406360644e-21  
1266.84  5.91938261767963e-21  
1267.61  5.91219343444916e-21  
1267.61  5.8499468484449e-21  
1269.15  5.83575868725285e-21  
1269.15  5.73229703497669e-21  
1269.92  5.72534773018572e-21  
1269.92  5.7460149751804e-21  
1270.69  5.73905325990045e-21  
1270.69  5.71841105477704e-21  
1271.46  5.71148697816636e-21  
1271.46  5.77333861035945e-21  
1273.01  5.75928808922847e-21  
1273.01  5.71815401959906e-21  
1273.78  5.71124286100837e-21  
1274.55  5.70434422444774e-21  
1274.55  5.66330949685658e-21  
1276.09  5.64964865158039e-21  
1276.09  5.71105226907614e-21  
1276.86  5.70416633905114e-21  
1276.86  5.64283675712597e-21  
1276.86  5.64283675712597e-21  
1277.63  5.63603717510473e-21  
1277.63  5.67687429522017e-21  
1279.18  5.66312513696422e-21  
1279.18  5.70386335123853e-21  
1279.95  5.69700268682947e-21  
1279.95  5.79874403365445e-21  
1280.72  5.79177343795399e-21  
1280.72  5.85273389089054e-21  
1281.49  5.84570262077571e-21  
1281.49  5.76451966453947e-21  
1283.03  5.75068985135046e-21  
1283.03  5.79118394536858e-21  
1283.8  5.78423913408843e-21  
1283.8  5.74379360075213e-21  
1284.58  5.73682042846697e-21  
1284.58  5.67620760175162e-21  
1286.12  5.66262235892056e-21  
1286.12  5.52155510578195e-21  
1286.89  5.5149495288059e-21  
1286.89  5.4545722248964e-21  
1287.66  5.44805068218989e-21  
1289.2  5.43504263540183e-21  
1289.2  5.49520376397959e-21  
1289.97  5.4886454036503e-21  
1289.97  5.56878253635984e-21  
1290.75  5.56205414132629e-21  
1291.52  5.55542396138544e-21  
1291.52  5.45549733625689e-21  
1293.06  5.44251037055252e-21  
1293.06  5.3827078878932e-21  
1293.83  5.37630294789995e-21  
1294.6  5.36990943306579e-21  
1294.6  5.3500226695977e-21  
1296.14  5.33731703543118e-21  
1296.14  5.17858289891107e-21  
1296.92  5.17235571451276e-21  
1296.92  5.01381245390557e-21  
1297.69  5.00786420707901e-21  
1297.69  4.94848769910985e-21  
1298.46  4.94262043212521e-21  
1298.46  4.7449156148402e-21  
1300  4.73368047337278e-21  
1300  4.43781656804734e-21  
1300.77  4.43256412931706e-21  
1300.77  3.78244101212098e-21  
1301.54  3.77796689982651e-21  
1301.54  3.08926228834498e-21  
1303.09  3.08191742541329e-21  
1303.09  2.66968418158203e-21  
1303.86  2.66653192623033e-21  
1303.86  2.84299723092832e-21  
1304.63  2.83964231519605e-21  
1304.63  3.58383489304574e-21  
1306.17  3.57538905189422e-21  
1306.17  4.49368710165113e-21  
1306.94  4.48839363787126e-21  
1306.94  5.26898383576192e-21  
1307.71  5.2627807431702e-21  
1307.71  5.847534159078e-21  
1308.48  5.84065399815585e-21  
1308.48  6.21056383691945e-21  
1310.03  6.19587611360712e-21  
1310.03  6.27357781664087e-21  
1310.8  6.2662094368896e-21  
1310.8  6.14980250456083e-21  
1311.57  6.14258373940427e-21  
1311.57  5.91006059613978e-21  
1313.11  5.89620622559082e-21  
1313.11  5.76087843977894e-21  
1313.88  5.75412808727355e-21  
1313.88  5.65759106151517e-21  
1314.65  5.65096561847563e-21  
1314.65  5.6123786708208e-21  
1316.2  5.59916781423852e-21  
1316.2  5.57992841349742e-21  
1316.97  5.57340542688986e-21  
1316.97  5.63107345296297e-21  
1317.74  5.62449452275732e-21  
1317.74  5.64368898084796e-21  
1318.51  5.63709916112049e-21  
1318.51  5.77130348169464e-21  
1320.05  5.75784547176487e-21  
1320.05  5.79611736571249e-21  
1320.82  5.78936139674112e-21  
1321.59  5.78261723305092e-21  
1321.59  5.68718611672476e-21  
1323.14  5.67386934720911e-21  
1323.14  5.57867882259555e-21  
1323.91  5.57219147297914e-21  
1323.91  5.55315839106022e-21  
1324.68  5.54670447129035e-21  
1324.68  5.45173514454676e-21  
1326.22  5.43908144061157e-21  
1326.22  5.51488055980174e-21  
1326.99  5.50848228098287e-21  
1327.76  5.50209513048389e-21  
1327.76  5.59664138522353e-21  
1328.54  5.5900716187132e-21  
1328.54  5.47675269518966e-21  
1330.08  5.4640777936997e-21  
1330.85  5.45775683677017e-21  
1330.85  5.2131038530842e-21  
1331.62  5.20707671409999e-21  
1331.62  4.83111486294012e-21  
1333.16  4.81995998313829e-21  
1333.16  4.10726156859511e-21  
1333.93  4.10252117199556e-21  
1333.93  3.54052989173366e-21  
1334.71  3.53639295355709e-21  
1334.71  3.34928141335903e-21  
1335.48  3.34542032488983e-21  
1335.48  3.71921199680088e-21  
1337.02  3.71064924094921e-21  
1337.02  4.40057679194086e-21  
1337.79  4.39551251581979e-21  
1337.79  5.04739924495733e-21  
1338.56  5.04159393242082e-21  
1338.56  5.37646340997843e-21  
1340.1  5.36411359095371e-21  
1340.1  5.47548591836657e-21  
1340.88  5.46911750834469e-21  
1340.88  5.50619287743489e-21  
1341.65  5.49987446075202e-21  
1341.65  5.51839087310091e-21  
1343.19  5.50574418844992e-21  
1343.96  5.4994371427478e-21  
1343.96  5.48098432775815e-21  
1344.73  5.47470923962601e-21  
1344.73  5.56688427314256e-21  
1345.5  5.560514485918e-21  
1345.5  5.63415688033981e-21  
1347.05  5.62119831335393e-21  
1347.05  5.69467133018804e-21  
1347.82  5.6881665381624e-21  
1347.82  5.74322487105027e-21  
1348.59  5.73666836290107e-21  
1348.59  5.62669390247274e-21  
1350.13  5.61386526113526e-21  
1350.13  5.57729617272267e-21  
1350.9  5.57093997443114e-21  
1351.67  5.56459463576918e-21  
1351.67  5.69231138145066e-21  
1353.22  5.67927871922174e-21  
1353.22  5.6974798553566e-21  
1353.99  5.69100150315145e-21  
1353.99  5.6182633774049e-21  
1354.76  5.61187872860166e-21  
1355.53  5.60550495698258e-21  
1355.53  5.75063452201511e-21  
1357.07  5.73759031310567e-21  
1357.07  5.75568832269022e-21  
1357.84  5.74916233524017e-21  
1357.84  5.62261990894984e-21  
1358.61  5.61624841092044e-21  
1358.61  5.43564586270889e-21  
1360.16  5.42326430392483e-21  
1360.16  5.44129639301069e-21  
1360.93  5.43514087736984e-21  
1360.93  5.45313636992916e-21  
1361.7  5.44697094755216e-21  
1361.7  5.4829212405608e-21  
1363.24  5.47054054538021e-21  
1363.24  5.50640966092891e-21  
1364.01  5.50019454712224e-21  
1364.78  5.49398994992812e-21  
1364.78  5.45820173719567e-21  
1365.56  5.45196813126902e-21  
1365.56  5.41622079090181e-21  
1367.1  5.40402522060355e-21  
1367.1  5.42185864508639e-21  
1367.87  5.41575622875904e-21  
1367.87  5.34448678478944e-21  
1368.64  5.33847483541138e-21  
1368.64  5.14273235967143e-21  
1370.18  5.13117861178458e-21  
1370.18  5.07791859237342e-21  
1370.95  5.07221612432912e-21  
1370.95  5.17861654187228e-21  
1371.73  5.1727288344179e-21  
1371.73  5.43845934160794e-21  
1372.5  5.43235888401167e-21  
1372.5  5.5031482974509e-21  
1374.04  5.49081954552642e-21  
1374.04  5.52612701219625e-21  
1374.81  5.51993862805335e-21  
1374.81  5.48467070013578e-21  
1375.58  5.47853217755957e-21  
1375.58  5.58421754419107e-21  
1377.12  5.57173513655404e-21  
1377.12  5.64205037418172e-21  
1377.89  5.63574629343013e-21  
1377.89  5.58306483933806e-21  
1378.66  5.57683014853241e-21  
1378.66  5.40145823055108e-21  
1380.2  5.38941127357726e-21  
1380.2  5.2669200007786e-21  
1380.97  5.26104818928136e-21  
1380.97  5.34844890791229e-21  
1381.75  5.3424121969918e-21  
1381.75  5.4646288108684e-21  
1382.52  5.45854341258282e-21  
1382.52  5.40621422348771e-21  
1384.06  5.39419026772802e-21  
1384.06  5.23758317775534e-21  
1384.83  5.23176034341531e-21  
1385.6  5.22594721390322e-21  
1385.6  5.27804402024919e-21  
1387.14  5.26633117822542e-21  
1387.14  5.23168744237162e-21  
1387.92  5.22580876126604e-21  
1387.92  5.19118837975762e-21  
1388.69  5.18543316172378e-21  
1388.69  5.08173383236234e-21  
1390.23  5.07048168613498e-21  
1390.23  4.93250654437448e-21  
1391  4.92704719308319e-21  
1391  4.53080577048408e-21  
1391.77  4.52579379958097e-21  
1391.77  4.28488296711463e-21  
1392.54  4.28014565587033e-21  
1392.54  4.05667348746733e-21  
1394.09  4.0476577877941e-21  
1394.09  4.08195696369088e-21  
1394.86  4.07745150891758e-21  
1394.86  4.19738154184122e-21  
1395.63  4.19275124268073e-21  
1395.63  4.4323467093129e-21  
1397.17  4.4225811802356e-21  
1397.17  4.62748527154332e-21  
1397.94  4.62238894073492e-21  
1397.94  4.84413797513094e-21  
1398.71  4.83880597700608e-21  
1398.71  4.99214966180724e-21  
1399.48  4.98665776801938e-21  
1399.48  4.88453600185723e-21  
1401.03  4.87373417351989e-21  
1401.03  4.63598209659185e-21  
1401.8  4.63089046325515e-21  
1401.8  4.47822206701161e-21  
1402.57  4.47330639868044e-21  
1402.57  4.35470651505948e-21  
1404.11  4.34515944197649e-21  
1404.11  4.42968792075339e-21  
1404.88  4.42483352041919e-21  
1404.88  4.57683324287337e-21  
1405.65  4.57182033589362e-21  
1405.65  4.99358271115583e-21  
1407.2  4.98258812552095e-21  
1407.2  5.30241754336748e-21  
1407.97  5.2966194864811e-21  
1407.97  5.41432651358661e-21  
1408.74  5.40840932227416e-21  
1408.74  5.34121519345715e-21  
1409.51  5.3353810917799e-21  
1409.51  5.30182827490634e-21  
1411.05  5.29026190934695e-21  
1411.82  5.28449291494844e-21  
1411.82  5.35139418466301e-21  
1412.59  5.34556170607549e-21  
1412.59  5.46248501536595e-21  
1414.14  5.45051701837552e-21  
1414.14  5.46718375221918e-21  
1414.91  5.46123484237703e-21  
1414.91  5.34469465241716e-21  
1415.68  5.33888218677753e-21  
1415.68  5.27234524635117e-21  
1417.22  5.26089324840678e-21  
1417.22  5.27748761838393e-21  
1417.99  5.27175758906645e-21  
1417.99  5.33807791987165e-21  
1418.76  5.33228524936141e-21  
1418.76  5.29916852006484e-21  
1419.54  5.29334661175434e-21  
1419.54  5.37604747612138e-21  
1421.08  5.36440192886599e-21  
1421.08  5.43043415904036e-21  
1421.85  5.42455407031257e-21  
1421.85  5.53995937954221e-21  
1422.62  5.5339639425482e-21  
1424.16  5.52200222936895e-21  
1424.16  5.47270312822389e-21  
1424.93  5.46679007587953e-21  
1424.93  5.43395951901392e-21  
1425.71  5.42801535225469e-21  
1425.71  5.41161803036942e-21  
1427.25  5.39994607991899e-21  
1427.25  5.35084548583162e-21  
1427.25  5.35084548583162e-21  
1428.02  5.34507660274228e-21  
1428.02  5.18161873762498e-21  
1428.79  5.17603531202871e-21  
1428.79  5.07807509014975e-21  
1429.56  5.07260618395292e-21  
1431.1  5.06169484247387e-21  
1431.1  5.14306503706035e-21  
1431.88  5.13746331331929e-21  
1432.65  5.13194237842855e-21  
1432.65  5.18065890994393e-21  
1434.19  5.16953914016414e-21  
1434.19  5.25057366907799e-21  
1434.96  5.24494026187044e-21  
1434.96  5.22875365856281e-21  
1435.73  5.2231466702261e-21  
1435.73  5.19080817861249e-21  
1436.5  5.18524486351013e-21  
1436.5  5.1529264929104e-21  
1438.05  5.14182433143244e-21  
1438.05  5.30302450853068e-21  
1438.82  5.29735008608328e-21  
1438.82  5.4583632819987e-21  
1439.59  5.45252576478273e-21  
1439.59  5.51685637375703e-21  
1441.13  5.50507198317493e-21  
1441.13  5.52112028174989e-21  
1441.9  5.51522510525723e-21  
1441.9  5.4029925347448e-21  
1442.67  5.3972265674664e-21  
1442.67  5.41325503641885e-21  
1444.22  5.40164178808196e-21  
1444.22  5.33770860755078e-21  
1444.99  5.33202145323298e-21  
1444.99  5.37990947371119e-21  
1445.76  5.37418040781393e-21  
1445.76  5.31039770845054e-21  
1446.53  5.30474567506109e-21  
1446.53  5.25695956507917e-21  
1448.07  5.24578412066687e-21  
1448.84  5.24020975714473e-21  
1448.84  5.27196565922504e-21  
1449.61  5.26636644919843e-21  
1449.61  5.36154725062979e-21  
1451.16  5.35009991191528e-21  
1451.16  5.1917991921202e-21  
1451.93  5.18629393314147e-21  
1451.93  5.05981041323629e-21  
1452.7  5.05444795509442e-21  
1452.7  4.92808426846308e-21  
1454.24  4.91765238463308e-21  
1454.24  4.93341263605615e-21  
1455.01  4.92819243471727e-21  
1455.01  4.97542315971163e-21  
1455.78  4.97016128957325e-21  
1455.78  5.01734206465712e-21  
1456.56  5.01196984662649e-21  
1456.56  5.1533747587734e-21  
1458.1  5.14249483812891e-21  
1458.1  5.17386278527305e-21  
1458.87  5.16840263736579e-21  
1459.64  5.16295112831095e-21  
1459.64  5.13164933604818e-21  
1461.18  5.12083810750694e-21  
1461.18  5.15207395394844e-21  
1461.95  5.14664825235556e-21  
1461.95  5.16224270997443e-21  
1462.73  5.15673865148635e-21  
1462.73  5.17231648206701e-21  
1463.5  5.16687523030807e-21  
1463.5  5.19799811586552e-21  
1465.04  5.18707594329585e-21  
1465.04  5.21813343261433e-21  
1465.81  5.21265263031187e-21  
1465.81  5.27471632983169e-21  
1466.58  5.26917900440938e-21  
1466.58  5.16069201004423e-21  
1468.12  5.14987096352708e-21  
1468.12  5.08801633616007e-21  
1468.9  5.08261419980517e-21  
1468.9  5.09806143830679e-21  
1469.67  5.09272081222394e-21  
1469.67  5.13901398108465e-21  
1471.21  5.12826100976303e-21  
1471.21  5.22066747833464e-21  
1471.98  5.21520699308361e-21  
1471.98  5.23058965500329e-21  
1472.75  5.22512165137957e-21  
1472.75  5.31732113765604e-21  
1473.52  5.3117653698196e-21  
1473.52  5.41923286430238e-21  
1475.07  5.40784981442797e-21  
1475.07  5.34657668748788e-21  
1475.84  5.34099913153373e-21  
1475.84  5.21856694462069e-21  
1476.61  5.21312576672342e-21  
1476.61  5.13668027451755e-21  
1478.15  5.12598262288504e-21  
1478.15  5.06496457778794e-21  
1478.92  5.05969180109808e-21  
1478.92  5.07493043197868e-21  
1479.69  5.06965002906926e-21  
1479.69  5.00875892798146e-21  
1481.24  4.99828187584217e-21  
1481.24  5.01347280893275e-21  
1482.01  5.00826451586329e-21  
1482.01  5.0386148195589e-21  
1482.78  5.03338312497401e-21  
1483.55  5.02815957442063e-21  
1483.55  5.04330323746879e-21  
1485.09  5.03284911003041e-21  
1485.86  5.02763423152176e-21  
1485.86  5.05782745812209e-21  
1486.63  5.05258941159054e-21  
1486.63  5.03750843282192e-21  
1488.18  5.02702035769098e-21  
1488.18  5.04206993791397e-21  
1488.95  5.03685634447446e-21  
1488.95  5.09700595116081e-21  
1489.72  5.09173827630533e-21  
1489.72  5.1668306826008e-21  
1490.49  5.16149360288566e-21  
1490.49  5.20651601064671e-21  
1492.03  5.19577373770871e-21  
1492.03  5.24068977744328e-21  
1492.8  5.2352847795894e-21  
1492.8  5.20537163594256e-21  
1493.58  5.19993619935521e-21  
1493.58  5.15509988853069e-21  
1495.12  5.14448566994151e-21  
1495.12  5.04011433178605e-21  
1495.89  5.03492693270713e-21  
1495.89  4.99022899022326e-21  
1496.66  4.98509557597291e-21  
1496.66  4.8958184377574e-21  
1498.2  4.88575878559277e-21  
1498.2  4.85604752134279e-21  
1498.97  4.85105983484457e-21  
1498.97  4.80655874099178e-21  
1499.75  4.80156038675224e-21  
1499.75  4.75710556971475e-21  
1500.52  4.752224553198e-21  
1500.52  4.70780202482294e-21  
1502.06  4.69815354400607e-21  
1502.06  4.62428989547084e-21  
1502.83  4.61955244542434e-21  
1502.83  4.63431004090092e-21  
1503.6  4.62956475621053e-21  
1505.14  4.62009602586321e-21  
1505.14  4.72309559273939e-21  
1505.92  4.71820415032017e-21  
1505.92  4.86518833239127e-21  
1506.69  4.86021685483198e-21  
1506.69  4.9336272406075e-21  
1508.23  4.92355728173377e-21  
1508.23  4.90890517196492e-21  
1509  4.9038966993269e-21  
1509  4.84534805744723e-21  
1509.77  4.84040695171753e-21  
1509.77  4.73803815212414e-21  
1510.54  4.73320893937018e-21  
1510.54  4.74781626979693e-21  
1512.09  4.73808755866276e-21  
1512.09  4.72351015999623e-21  
1512.86  4.71870313590212e-21  
1512.86  4.79152906118225e-21  
1513.63  4.78665529554794e-21  
1513.63  4.74299894816369e-21  
1515.17  4.73336239725299e-21  
1515.17  4.67528962223735e-21  
1515.94  4.67054133571971e-21  
1515.94  4.62701793466237e-21  
1516.71  4.62232105861951e-21  
1516.71  4.65131155270262e-21  
1517.48  4.64659241145482e-21  
1517.48  4.73343657014412e-21  
1519.03  4.72378161470712e-21  
1519.03  4.69489260816244e-21  
1519.8  4.6901365198228e-21  
1519.8  4.73342613129795e-21  
1520.57  4.7286334347521e-21  
1520.57  4.65655713507658e-21  
1522.11  4.64713932651273e-21  
1522.11  4.58958195646668e-21  
1522.88  4.58494195242193e-21  
1522.88  4.51308414662152e-21  
1523.65  4.50852378603791e-21  
1523.65  4.30749939407146e-21  
1525.2  4.29874876272176e-21  
1525.2  3.88320175935446e-21  
1525.97  3.87928384358209e-21  
1525.97  3.29238221528134e-21  
1526.74  3.28906207561424e-21  
1526.74  2.90295092736544e-21  
1527.51  2.90002497751669e-21  
1527.51  3.05716811139303e-21  
1529.05  3.05101308962888e-21  
1529.05  3.57852943545049e-21  
1529.82  3.57492799970719e-21  
1529.82  4.08767198824835e-21  
1530.59  4.08356021995454e-21  
1530.59  4.39658288641393e-21  
1532.13  4.38774899518168e-21  
1532.13  4.57235574156387e-21  
1532.9  4.56776336154461e-21  
1532.9  4.70961904936551e-21  
1533.67  4.70489117919203e-21  
1533.67  4.91746747995594e-21  
1535.22  4.90754287388424e-21  
1535.22  4.99239159973338e-21  
1535.99  4.98738742914966e-21  
1535.99  4.97326014966095e-21  
1536.76  4.96827765279189e-21  
1536.76  4.70010285317621e-21  
1537.53  4.69539637854006e-21  
1537.53  4.38519313614341e-21  
1539.07  4.37642184076296e-21  
1539.07  4.15126382597193e-21  
1539.84  4.14711316883265e-21  
1539.84  4.10493034431922e-21  
1540.61  4.10082806473008e-21  
1542.16  4.09258885582619e-21  
1542.16  4.21873163235031e-21  
1542.93  4.21452196270457e-21  
1542.93  4.14451957213995e-21  
1543.7  4.14038601748195e-21  
1543.7  4.01449479628427e-21  
1544.47  4.01049291804838e-21  
1544.47  3.78690661103877e-21  
1546.01  3.77936599797893e-21  
1546.01  3.57016965285255e-21  
1546.78  3.56661601705755e-21  
1546.78  3.2879735529576e-21  
1547.56  3.28465998442059e-21  
1547.56  3.07589500819708e-21  
1549.1  3.06978239598796e-21  
1549.1  3.0836715695755e-21  
1549.87  3.08060829680805e-21  
1549.87  3.30262680657176e-21  
1550.64  3.29934765570792e-21  
1550.64  3.59047867623155e-21  
1552.18  3.58335760240345e-21  
1552.18  3.95691586171056e-21  
1552.95  3.95299291524215e-21  
1552.95  4.32618082321875e-21  
1553.73  4.32183827460023e-21  
1553.73  4.68084506322773e-21  
1554.5  4.67620902843724e-21  
1554.5  4.84173558519911e-21  
1556.04  4.83215667579415e-21  
1556.04  4.98359019679958e-21  
1556.81  4.97866163715631e-21  
1557.58  4.97374038510458e-21  
1559.12  4.9639197460533e-21  
1559.12  4.86792883616391e-21  
1559.9  4.86306181239926e-21  
1559.9  4.78087671997364e-21  
1560.67  4.77616032644446e-21  
1560.67  4.66667598851198e-21  
1562.21  4.65747986408766e-21  
1562.21  4.57552534939493e-21  
1562.98  4.5710182070382e-21  
1562.98  4.48915670247202e-21  
1563.75  4.48473681486466e-21  
1563.75  4.47109439546684e-21  
1564.52  4.46669445748207e-21  
1564.52  4.45307771967742e-21  
1566.07  4.44426731561682e-21  
1566.84  4.43990025201535e-21  
1566.84  4.45347669541389e-21  
1567.61  4.44910273140427e-21  
1567.61  4.4626780487734e-21  
1569.15  4.45392279686219e-21  
1569.15  4.49453229721355e-21  
1569.92  4.49012450425521e-21  
1569.92  4.54421740367918e-21  
1570.69  4.53976306866576e-21  
1570.69  4.62083504353731e-21  
1571.46  4.61630782517931e-21  
1571.46  4.67029475658955e-21  
1573.01  4.66109533593739e-21  
1573.01  4.72845819704343e-21  
1573.78  4.72383236354589e-21  
1573.78  4.61616449461469e-21  
1574.55  4.61165072554061e-21  
1574.55  4.53097575837336e-21  
1576.09  4.52212563724346e-21  
1576.09  4.42820277334543e-21  
1576.86  4.42387913823203e-21  
1576.86  4.45068804078355e-21  
1576.86  4.45068804078355e-21  
1577.63  4.4463445718212e-21  
1577.63  4.47312731130871e-21  
1579.18  4.46435067442645e-21  
1579.95  4.46000026794277e-21  
1579.95  4.50005648040128e-21  
1580.72  4.49567341503326e-21  
1580.72  4.64242715234288e-21  
1581.49  4.63790761863072e-21  
1581.49  4.69121193829119e-21  
1583.03  4.68208898757051e-21  
1583.03  4.64218849308926e-21  
1583.8  4.63767578159602e-21  
1583.8  4.58451487939966e-21  
1584.58  4.58000259034773e-21  
1584.58  4.54018011719502e-21  
1586.12  4.53136806880769e-21  
1586.12  4.61087035675928e-21  
1586.89  4.60639681567065e-21  
1586.89  4.63286789579298e-21  
1587.66  4.62837519178272e-21  
1587.66  4.68126601159182e-21  
1589.2  4.67219772984382e-21  
1589.2  4.60621227643503e-21  
1589.97  4.60175190973087e-21  
1589.97  4.65448915552249e-21  
1590.75  4.64992575906072e-21  
1590.75  4.66309714422645e-21  
1591.52  4.65858609037469e-21  
1591.52  4.68491522082216e-21  
1593.06  4.67586184906417e-21  
1593.06  4.5707843095781e-21  
1593.83  4.56636896570916e-21  
1593.83  4.57948949392203e-21  
1594.6  4.57506787653407e-21  
1594.6  4.5619600165358e-21  
1596.14  4.55316125293549e-21  
1596.14  4.59240898858203e-21  
1596.92  4.58792384944505e-21  
1596.92  4.66635442276805e-21  
1597.69  4.66185764671325e-21  
1597.69  4.70102926686657e-21  
1598.46  4.69650125780315e-21  
1598.46  4.74867977811625e-21  
1600  4.73954296875e-21  
1600  4.6093359375e-21  
1600.77  4.60490265219461e-21  
1600.77  4.5398676072376e-21  
1601.54  4.53550323580254e-21  
1601.54  4.47051901562816e-21  
1603.09  4.46187825988533e-21  
1603.09  4.31920331151197e-21  
1603.86  4.31505707903722e-21  
1603.86  4.27618626320782e-21  
1604.63  4.27208329440924e-21  
1604.63  4.15557108447291e-21  
1606.17  4.14760615983441e-21  
1606.17  4.19928494371589e-21  
1606.94  4.19526155178077e-21  
1606.94  4.06617675969132e-21  
1607.71  4.0622827659591e-21  
1607.71  3.81725537580386e-21  
1608.48  3.81360151240205e-21  
1608.48  3.62033911629153e-21  
1610.03  3.61337176229147e-21  
1610.03  3.60051394124949e-21  
1610.8  3.59707250457228e-21  
1610.8  3.77693306708153e-21  
1611.57  3.77332473025367e-21  
1611.57  3.90166887309723e-21  
1613.11  3.89422275728255e-21  
1613.11  4.07355703302684e-21  
1613.88  4.0696708820703e-21  
1613.88  4.14646168888196e-21  
1614.65  4.14250787324464e-21  
1614.65  4.3470804251563e-21  
1616.2  4.33874637780285e-21  
1616.2  4.42807671815505e-21  
1616.97  4.42386042812635e-21  
1616.97  4.64058257985763e-21  
1617.74  4.63616605037553e-21  
1617.74  4.62343049566677e-21  
1618.51  4.61903238302794e-21  
1618.51  4.55541518399062e-21  
1620.05  4.54675865482816e-21  
1620.05  4.34354760494937e-21  
1620.82  4.33942162277302e-21  
1620.82  4.26328701129181e-21  
1621.59  4.25923919204225e-21  
1621.59  4.29727605879892e-21  
1623.14  4.2890727028688e-21  
1623.14  4.3396765277407e-21  
1623.91  4.33556206486475e-21  
1623.91  4.3608399884668e-21  
1624.68  4.35670741948949e-21  
1624.68  4.3693344039234e-21  
1625.45  4.36519574618473e-21  
1625.45  4.39043714901058e-21  
1626.99  4.38212969374066e-21  
1626.99  4.29398028040527e-21  
1627.76  4.28991876913822e-21  
1627.76  4.22701122259036e-21  
1628.54  4.22296308232094e-21  
1628.54  4.16012709292204e-21  
1630.08  4.15227033810881e-21  
1630.08  4.17735726541838e-21  
1630.85  4.17341354803234e-21  
1630.85  4.19847679152817e-21  
1631.62  4.19451500593379e-21  
1631.62  4.21955459913882e-21  
1633.16  4.21160063215346e-21  
1633.16  4.32407764808263e-21  
1633.93  4.32000310969295e-21  
1633.93  4.39492087531192e-21  
1634.71  4.39072781300671e-21  
1634.71  4.42814534422763e-21  
1635.48  4.42397669739417e-21  
1635.48  4.44890945083083e-21  
1637.02  4.44054290928587e-21  
1637.02  4.50272958582088e-21  
1637.79  4.49849670277787e-21  
1637.79  4.64762679119945e-21  
1638.56  4.64325974723927e-21  
1638.56  4.63083460570755e-21  
1640.1  4.62214228551046e-21  
1640.1  4.64693477057031e-21  
1640.88  4.64251793614783e-21  
1640.88  4.67965460329734e-21  
1641.65  4.6752657396661e-21  
1641.65  4.83605150323998e-21  
1643.19  4.82699104230466e-21  
1643.19  4.85169037106747e-21  
1643.96  4.84714655406941e-21  
1643.96  4.92114184319201e-21  
1644.73  4.91653513908727e-21  
1644.73  4.90421413545674e-21  
1645.5  4.89962542521564e-21  
1645.5  4.77651959281231e-21  
1647.05  4.76753368262202e-21  
1647.05  4.59551417374446e-21  
1647.82  4.59122035626349e-21  
1647.82  4.45617503974644e-21  
1648.59  4.45201335798234e-21  
1648.59  4.59919592837219e-21  
1650.13  4.59061544477237e-21  
1650.13  4.56612343650257e-21  
1650.9  4.56186503791615e-21  
1650.9  4.6107923643475e-21  
1651.67  4.60649431140417e-21  
1651.67  4.49652419277037e-21  
1652.44  4.49233461015819e-21  
1652.44  4.50454090666109e-21  
1653.99  4.49610220162152e-21  
1653.99  4.41080722891632e-21  
1654.76  4.40670327260746e-21  
1654.76  4.4188753662576e-21  
1655.53  4.41476581492435e-21  
1655.53  4.45125908154711e-21  
1657.07  4.44298936009577e-21  
1657.07  4.46726572180503e-21  
1657.84  4.46311695499681e-21  
1657.84  4.42673623075826e-21  
1658.61  4.42262701196733e-21  
1658.61  4.25298608760439e-21  
1660.16  4.24504823693689e-21  
1660.16  4.14829304708125e-21  
1660.93  4.14444767702845e-21  
1660.93  4.08403853619202e-21  
1661.7  4.08025448242334e-21  
1661.7  4.16474891892047e-21  
1662.47  4.16089187005501e-21  
1662.47  4.23325945437572e-21  
1664.01  4.22542752683718e-21  
1664.01  4.27357610215767e-21  
1664.78  4.26962375698747e-21  
1664.78  4.35381666183724e-21  
1665.56  4.34973973658734e-21  
1665.56  4.36175448687847e-21  
1667.1  4.35369978180336e-21  
1667.1  4.23376335685203e-21  
1667.87  4.22985508430249e-21  
1667.87  3.94227769596075e-21  
1668.64  3.93864017865059e-21  
1668.64  3.63934692464212e-21  
1670.18  3.63263865321245e-21  
1670.18  3.38169056547931e-21  
1670.95  3.37857461135021e-21  
1670.95  3.23531550934655e-21  
1671.73  3.23229713033075e-21  
1671.73  3.31579144824895e-21  
1672.5  3.3127390456273e-21  
1672.5  3.43190224349306e-21  
1674.04  3.42559092658331e-21  
1674.04  3.67537237169051e-21  
1674.81  3.67199361688685e-21  
1674.81  3.86213343141228e-21  
1675.58  3.85858461913376e-21  
1675.58  4.03667823613228e-21  
1677.12  4.0292683544675e-21  
1677.12  4.0766671197835e-21  
1677.9  4.07287778637671e-21  
1677.9  4.13208182641949e-21  
1678.67  4.12829195314079e-21  
1678.67  4.27023642251407e-21  
1680.21  4.2624122215009e-21  
1680.21  4.33325972960531e-21  
1680.98  4.32929079981699e-21  
1680.98  4.27030351593793e-21  
1681.75  4.26639403954639e-21  
1681.75  4.13675355028224e-21  
1682.52  4.1329680721157e-21  
1682.52  4.02699371661769e-21  
1684.07  4.01958432413486e-21  
1684.07  4.10185951807881e-21  
1684.84  4.09811113829095e-21  
1684.84  4.20379384445537e-21  
1685.6  4.20000390251133e-21  
1685.6  4.34078361976903e-21  
1687.14  4.33286281192734e-21  
1687.14  4.23917741165485e-21  
1687.92  4.23526040801859e-21  
1687.92  4.11826449685205e-21  
1688.69  4.11450970384671e-21  
1688.69  4.00930833481701e-21  
1689.46  4.0056545473306e-21  
1689.46  4.09908282296696e-21  
1691  4.09162012267261e-21  
1691  4.14991042080713e-21  
1691.77  4.14613366175311e-21  
1691.77  4.33246979902165e-21  
1692.54  4.32852868931787e-21  
1694.09  4.32061157725959e-21  
1694.09  4.26254417999427e-21  
1694.86  4.25867198588753e-21  
1694.86  4.11941594454163e-21  
1695.63  4.11567547041402e-21  
1697.17  4.10820978974239e-21  
1697.17  4.18921976523839e-21  
1697.94  4.18542108235568e-21  
1697.94  4.13917758990508e-21  
1698.71  4.13542598498539e-21  
1698.71  4.07766361487017e-21  
1699.48  4.07396943818871e-21  
1699.48  3.92393995321935e-21  
1701.03  3.91679212410264e-21  
1701.03  3.92831103363842e-21  
1701.8  3.92475701413867e-21  
1701.8  3.91324852598469e-21  
1702.57  3.90970973463562e-21  
1702.57  4.02470089302761e-21  
1704.11  4.01742995535478e-21  
1704.11  3.98299802918311e-21  
1704.88  3.97940104182212e-21  
1704.88  3.93352294560474e-21  
1705.65  3.92997224176361e-21  
1705.65  3.8268525947931e-21  
1707.2  3.81990680191025e-21  
1707.2  3.85421419860007e-21  
1707.97  3.85073980974983e-21  
1707.97  3.83931431967628e-21  
1708.74  3.83585492159121e-21  
1708.74  3.89294117221227e-21  
1709.51  3.88943503347209e-21  
1709.51  3.95787478413102e-21  
1711.05  3.95075356118327e-21  
1711.05  4.05322335291575e-21  
1711.82  4.04957778264364e-21  
1711.82  4.0723260915505e-21  
1712.59  4.06866498624304e-21  
1712.59  4.02319904227006e-21  
1714.14  4.01592642847777e-21  
1714.14  3.98189626859646e-21  
1714.91  3.97832130338956e-21  
1714.91  3.95565489842713e-21  
1715.68  3.95210508636475e-21  
1715.68  3.8615106382629e-21  
1716.45  3.8580468656326e-21  
1716.45  3.71095912163028e-21  
1717.99  3.70430912291109e-21  
1717.99  3.73819709549317e-21  
1718.76  3.73484844064543e-21  
1718.76  3.76869590132838e-21  
1719.54  3.76527764285063e-21  
1719.54  3.85546581709451e-21  
1721.08  3.84856926260964e-21  
1721.08  3.83731717259114e-21  
1721.85  3.83388589396172e-21  
1721.85  3.87885400815112e-21  
1722.62  3.87538713784362e-21  
1722.62  3.88661911840905e-21  
1724.16  3.87967925157551e-21  
1724.16  3.82361962671109e-21  
1724.93  3.82020669983583e-21  
1724.93  3.75298511321662e-21  
1725.71  3.74959327237449e-21  
1725.71  3.86152127940625e-21  
1726.48  3.85807761561402e-21  
1726.48  3.98109768369022e-21  
1726.48  3.98109768369022e-21  
1728.02  3.97400498970708e-21  
1728.02  4.15260529536024e-21  
1728.79  4.14890699308447e-21  
1728.79  4.11545114180837e-21  
1729.56  4.1117875603394e-21  
1729.56  4.0895035144584e-21  
1731.1  4.08223064274604e-21  
1731.1  3.97099855477706e-21  
1731.88  3.9674224624639e-21  
1731.88  3.88962711952115e-21  
1732.65  3.88617074070115e-21  
1732.65  3.95279463646561e-21  
1734.19  3.94577741123843e-21  
1734.19  4.08986128603632e-21  
1734.96  4.0862318140464e-21  
1734.96  4.18589673388841e-21  
1735.73  4.18218368454949e-21  
1735.73  4.17112073392476e-21  
1736.5  4.167422431726e-21  
1736.5  4.0679342074424e-21  
1738.05  4.06068184246276e-21  
1738.82  4.057086263028e-21  
1738.82  4.06810992937565e-21  
1739.59  4.06450936673287e-21  
1739.59  3.99841599544476e-21  
1741.13  3.9913460609724e-21  
1741.13  3.92537945089519e-21  
1741.9  3.92190982103609e-21  
1741.9  3.77908872468031e-21  
1742.67  3.77574987630665e-21  
1742.67  3.85258483882268e-21  
1744.22  3.84574068703857e-21  
1744.22  3.91148363675482e-21  
1744.99  3.90803241022334e-21  
1744.99  4.08317583679227e-21  
1745.76  4.07957470946159e-21  
1745.76  4.13426552693806e-21  
1746.53  4.13062094858016e-21  
1746.53  4.0978412867692e-21  
1748.07  4.09062430367506e-21  
1748.07  4.05789255476358e-21  
1748.84  4.05432002736917e-21  
1748.84  4.06521773513393e-21  
1749.61  4.06164033347909e-21  
1749.61  3.95274935564319e-21  
1751.16  3.94575507754356e-21  
1751.16  3.82618792767189e-21  
1751.93  3.82282533069358e-21  
1751.93  3.7902474319362e-21  
1752.7  3.78691788387462e-21  
1752.7  3.88457549160783e-21  
1753.47  3.88116457909301e-21  
1753.47  3.94620597959388e-21  
1755.01  3.93928352229428e-21  
1755.01  4.00422056686478e-21  
1755.78  4.00070922289853e-21  
1755.78  4.0655893234781e-21  
1756.56  4.06197947741989e-21  
1756.56  4.08358373425389e-21  
1758.1  4.07643287291173e-21  
1758.1  4.05486644780962e-21  
1758.87  4.05131693734614e-21  
1758.87  4.00821214700085e-21  
1759.64  4.00470501135738e-21  
1759.64  3.85399447388934e-21  
1761.18  3.84725744916641e-21  
1761.18  3.79352012935604e-21  
1761.95  3.79020519733672e-21  
1761.95  3.68283413691484e-21  
1762.73  3.6795755833437e-21  
1762.73  3.7117555045715e-21  
1763.5  3.70851487198797e-21  
1765.04  3.70204632575032e-21  
1765.04  3.77694602771157e-21  
1765.81  3.77365279191021e-21  
1765.81  3.84848718650986e-21  
1766.58  3.84513303405877e-21  
1766.58  3.78104379854433e-21  
1768.12  3.77446022766604e-21  
1768.12  3.72115352193628e-21  
1768.9  3.71787254526652e-21  
1768.9  3.66460325286371e-21  
1769.67  3.66141494021675e-21  
1769.67  3.7039952133305e-21  
1771.21  3.69755704636418e-21  
1771.21  3.75067791976473e-21  
1771.98  3.74741897269471e-21  
1771.98  3.85357796092733e-21  
1772.75  3.85023105853133e-21  
1772.75  3.82901961030766e-21  
1773.52  3.8256954808182e-21  
1773.52  3.71972077453617e-21  
1775.07  3.71322745321422e-21  
1775.07  3.59685972235172e-21  
1775.84  3.59374121894586e-21  
1775.84  3.5514563146557e-21  
1776.61  3.54837851057199e-21  
1776.61  3.67511378247612e-21  
1778.15  3.66875073729846e-21  
1778.15  3.81633990442723e-21  
1778.92  3.81303683768064e-21  
1778.92  3.9499754634549e-21  
1779.69  3.94655821309801e-21  
1779.69  4.04127621640758e-21  
1780.46  4.03778149054303e-21  
1780.46  3.99571574624432e-21  
1782.01  3.98876778758944e-21  
1782.01  4.06224774905937e-21  
1782.78  4.05873945832811e-21  
1782.78  3.96434951006503e-21  
1783.55  3.9609272452622e-21  
1783.55  3.95044957478007e-21  
1785.09  3.94363639657661e-21  
1785.09  3.8913289816251e-21  
1785.86  3.8879740967391e-21  
1785.86  3.97158816236684e-21  
1786.63  3.96816555791974e-21  
1786.63  4.0308244145194e-21  
1788.18  4.02383958072655e-21  
1788.18  3.95086582019604e-21  
1788.95  3.9474654881837e-21  
1788.95  3.82248197480007e-21  
1789.72  3.81919355207135e-21  
1789.72  3.75675087311443e-21  
1790.49  3.75352038741492e-21  
1790.49  3.64954498671345e-21  
1792.03  3.64327513146814e-21  
1792.03  3.54985710180463e-21  
1792.8  3.54680845948124e-21  
1792.8  3.46384048763849e-21  
1793.58  3.46082840220494e-21  
1793.58  3.54372422678215e-21  
1795.12  3.53764664485325e-21  
1795.12  3.80659369949622e-21  
1795.89  3.80333019361443e-21  
1795.89  3.91701543015067e-21  
1796.66  3.91365869535246e-21  
1796.66  3.97561990844249e-21  
1798.2  3.96881328739112e-21  
1798.2  3.70078676162538e-21  
1798.97  3.69761939812464e-21  
1798.97  3.57402428715259e-21  
1799.75  3.57092704047947e-21  
1799.75  3.54004809321941e-21  
1800.52  3.53702090754649e-21  
1800.52  3.61927892937999e-21  
1802.06  3.61309566358829e-21  
1802.06  3.77733064397037e-21  
1802.83  3.7741046898127e-21  
1802.83  3.79461422210474e-21  
1803.6  3.79137489049402e-21  
1803.6  3.72988959613117e-21  
1805.14  3.72352822825248e-21  
1805.14  3.49848199403932e-21  
1805.92  3.4954605682286e-21  
1805.92  3.47502116112116e-21  
1806.69  3.47205972767478e-21  
1806.69  3.49248171619942e-21  
1808.23  3.48653542447176e-21  
1808.23  3.42536459503112e-21  
1809  3.42244920596942e-21  
1809  3.23910207576453e-21  
1809.77  3.23634639077019e-21  
1809.77  3.27706062309401e-21  
1810.54  3.27427383008416e-21  
1810.54  3.45730919197832e-21  
1812.09  3.45139719272038e-21  
1812.09  3.58335928934311e-21  
1812.86  3.5803159206551e-21  
1812.86  3.51946627816688e-21  
1813.63  3.51647844299234e-21  
1813.63  3.55701043262972e-21  
1815.17  3.55097741933574e-21  
1815.17  3.48015763772821e-21  
1815.94  3.47720693093223e-21  
1815.94  3.60861916872605e-21  
1816.71  3.6055608403116e-21  
1816.71  3.65605418094229e-21  
1817.48  3.65295696349985e-21  
1817.48  3.7034166108293e-21  
1819.03  3.69710791873887e-21  
1819.03  3.66688007789263e-21  
1819.8  3.66377764870703e-21  
1820.57  3.66067915515464e-21  
1820.57  3.85176823446071e-21  
1822.11  3.84526015710862e-21  
1822.11  3.88541575732338e-21  
1822.88  3.88213398533775e-21  
1822.88  3.81191201137525e-21  
1823.65  3.80869368265026e-21  
1823.65  3.74856196880378e-21  
1825.2  3.7421979495767e-21  
1825.2  3.67215437955841e-21  
1825.97  3.66905798400929e-21  
1825.97  3.61906647849975e-21  
1826.74  3.61601613321449e-21  
1826.74  3.59603998129724e-21  
1827.51  3.5930103207722e-21  
1827.51  3.563071337732e-21  
1829.05  3.5570738856464e-21  
1829.05  3.60688820062019e-21  
1829.82  3.60385323591238e-21  
1829.82  3.55408083648447e-21  
1830.59  3.55109156342171e-21  
1832.14  3.54508562104203e-21  
1832.14  3.49543025602148e-21  
1832.91  3.49249403334222e-21  
1832.91  3.50241497812229e-21  
1833.68  3.49947412333877e-21  
1833.68  3.61844334196561e-21  
1835.22  3.61237315447474e-21  
1835.22  3.69154103782654e-21  
1835.99  3.68844527963539e-21  
1835.99  3.54012108142526e-21  
1836.76  3.53715354961593e-21  
1836.76  3.42847127777027e-21  
1837.54  3.42556125673987e-21  
1837.54  3.31696234753379e-21  
1839.08  3.31140958929834e-21  
1839.08  3.28184612490723e-21  
1839.85  3.27909971327445e-21  
1839.85  3.22001340233571e-21  
1840.62  3.21731986243623e-21  
1840.62  3.22715786746518e-21  
1842.16  3.22176447515228e-21  
1842.16  3.33964091471776e-21  
1842.93  3.33685080733827e-21  
1842.93  3.41536650272953e-21  
1843.7  3.41251432173741e-21  
1843.7  3.51057477378059e-21  
1844.47  3.50764430774609e-21  
1844.47  3.40966571204911e-21  
1846.01  3.40397918275707e-21  
1846.01  3.32572526991406e-21  
1846.78  3.32295257949762e-21  
1846.78  3.20566517377988e-21  
1847.56  3.20295901969115e-21  
1847.56  3.2810816862573e-21  
1849.1  3.27561874570402e-21  
1849.1  3.24637481331329e-21  
1849.87  3.24367279818783e-21  
1849.87  3.19496471118515e-21  
1850.64  3.19230659179601e-21  
1850.64  3.21177887277856e-21  
1852.18  3.20644020890825e-21  
1852.18  3.42020055752866e-21  
1852.95  3.4173585949956e-21  
1852.95  3.4756124014962e-21  
1853.73  3.4726881273897e-21  
1853.73  3.49208681513795e-21  
1854.5  3.48918754458288e-21  
1854.5  3.2662616804155e-21  
1856.04  3.26084374091483e-21  
1856.04  3.2995533117908e-21  
1856.81  3.29681729759643e-21  
1856.81  3.28715010477952e-21  
1857.58  3.28442550504599e-21  
1857.58  3.32306222516888e-21  
1859.12  3.31755919547476e-21  
1859.12  3.22111867257841e-21  
1859.9  3.21841751044332e-21  
1859.9  3.32441225809801e-21  
1860.67  3.32166134817956e-21  
1860.67  3.37943276238746e-21  
1862.21  3.37384566476507e-21  
1862.21  3.38345687339886e-21  
1862.98  3.38066057564587e-21  
1862.98  3.31342907448155e-21  
1863.75  3.3106917831604e-21  
1863.75  3.18594383200612e-21  
1864.52  3.1833129455577e-21  
1864.52  3.26960824940652e-21  
1866.07  3.26417888391292e-21  
1866.07  3.08230338463798e-21  
1866.84  3.07976124482598e-21  
1866.84  2.90759934168428e-21  
1867.61  2.9052022780969e-21  
1867.61  2.75229372625024e-21  
1869.15  2.74776034341127e-21  
1869.92  2.74549785106404e-21  
1869.92  2.97429434351342e-21  
1870.69  2.97184633202538e-21  
1870.69  3.05757332796454e-21  
1872.24  3.05251278349876e-21  
1872.24  3.20465743435295e-21  
1873.01  3.20202308749049e-21  
1873.01  3.38256184105407e-21  
1873.78  3.37978239259819e-21  
1873.78  3.51269129511408e-21  
1874.55  3.50980610476546e-21  
1874.55  3.50032101913736e-21  
1876.09  3.49457685765336e-21  
1876.09  3.29569988582277e-21  
1876.86  3.29299625491119e-21  
1876.86  3.24567897894993e-21  
1876.86  3.24567897894993e-21  
1877.63  3.24301747442657e-21  
1877.63  3.32811192204841e-21  
1879.18  3.32262394749394e-21  
1879.18  3.47365539798471e-21  
1879.95  3.47081046392321e-21  
1879.95  3.53683366791746e-21  
1880.72  3.53393817637375e-21  
1880.72  3.45854607038478e-21  
1881.49  3.45571582888342e-21  
1881.49  3.5310462390433e-21  
1883.03  3.52527300377537e-21  
1883.03  3.46886545448825e-21  
1883.8  3.46603024850965e-21  
1883.8  3.52239169424416e-21  
1884.58  3.51947656519293e-21  
1884.58  3.46316176415387e-21  
1886.12  3.45750879209092e-21  
1886.12  3.27011044435217e-21  
1886.89  3.2674420627572e-21  
1886.89  3.07082677530345e-21  
1887.66  3.0683220293693e-21  
1887.66  2.91865291772682e-21  
1889.2  2.91389651974523e-21  
1889.2  2.9792663684577e-21  
1889.97  2.97683927406694e-21  
1889.97  3.01417144098112e-21  
1890.75  3.0116850532743e-21  
1890.75  2.92776745678755e-21  
1891.52  2.92538427068853e-21  
1893.06  2.92062661975733e-21  
1893.06  2.96712914743902e-21  
1893.83  2.96471686652148e-21  
1893.83  3.10412775864263e-21  
1894.6  3.10160512308039e-21  
1894.6  3.28732968047364e-21  
1896.14  3.28199206627677e-21  
1896.14  3.33762230324285e-21  
1896.92  3.33487805450492e-21  
1896.92  3.40898793789528e-21  
1897.69  3.40622206130543e-21  
1897.69  3.46176145977523e-21  
1899.23  3.45614976317337e-21  
1899.23  3.64096989450977e-21  
1900  3.63801939058172e-21  
1900  3.65648476454294e-21  
