# M32 from astro-ph/9702233. The flux scale is accurate to a few %
#         l0 / A          f0 / 1E-18 ergs/s/cm^2/A
#
        1901         0.5
        1901       0.561
        1902       0.561
        1902      0.6098
        1903      0.6098
        1903      0.5854
        1904      0.5854
        1904      0.5732
        1905      0.5732
        1905      0.5244
        1906      0.5244
        1906      0.5366
        1908      0.5366
        1908      0.5366
        1909      0.5366
        1909      0.5366
        1910      0.5366
        1910      0.5122
        1911      0.5122
        1911      0.4756
        1912      0.4756
        1912      0.4267
        1914      0.4267
        1914      0.4389
        1915      0.4389
        1915      0.4389
        1916      0.4389
        1916      0.4878
        1917      0.4878
        1917      0.4634
        1919      0.4634
        1919      0.4756
        1920      0.4756
        1920      0.4756
        1921      0.4756
        1921      0.4634
        1922      0.4634
        1922      0.4145
        1923      0.4145
        1923      0.4023
        1924      0.4023
        1924      0.3779
        1926      0.3779
        1926      0.3901
        1927      0.3901
        1927      0.4267
        1928      0.4267
        1928      0.5366
        1929      0.5366
        1929      0.5488
        1930      0.5488
        1930         0.5
        1931         0.5
        1931      0.4511
        1932      0.4511
        1932      0.4511
        1934      0.4511
        1934      0.4145
        1935      0.4145
        1935      0.4145
        1936      0.4145
        1936      0.4145
        1937      0.4145
        1937      0.4023
        1938      0.4023
        1938      0.3657
        1939      0.3657
        1939      0.3779
        1941      0.3779
        1941      0.4023
        1942      0.4023
        1942      0.4756
        1943      0.4756
        1943      0.5122
        1944      0.5122
        1944       0.561
        1946       0.561
        1946       0.561
        1947       0.561
        1947      0.5244
        1948      0.5244
        1948      0.5244
        1949      0.5244
        1949      0.5366
        1950      0.5366
        1950       0.561
        1952       0.561
        1952       0.622
        1953       0.622
        1953      0.6952
        1954      0.6952
        1954      0.7441
        1955      0.7441
        1955      0.7441
        1956      0.7441
        1956      0.7319
        1957      0.7319
        1957      0.6952
        1959      0.6952
        1959      0.7685
        1960      0.7685
        1960      0.8539
        1961      0.8539
        1961      0.9271
        1962      0.9271
        1962      0.9882
        1963      0.9882
        1963       1.025
        1964       1.025
        1964       1.049
        1965       1.049
        1965       1.037
        1967       1.037
        1967       1.049
        1968       1.049
        1968       1.074
        1969       1.074
        1969     0.03619
        1971     0.03619
        1971      0.1338
        1972      0.1338
        1972        1.11
        1975        1.11
        1975       1.562
        1976       1.562
        1976       1.122
        1978       1.122
        1978      0.8905
        1980      0.8905
        1980      0.9637
        1982      0.9637
        1982       1.171
        1984       1.171
        1984       1.269
        1986       1.269
        1986       1.025
        1988       1.025
        1988      0.8417
        1989      0.8417
        1989      0.7074
        1992      0.7074
        1992      0.2193
        1993      0.2193
        1993      0.2803
        1995      0.2803
        1995      0.7685
        1997      0.7685
        1997      0.3901
        1999      0.3901
        1999      0.3657
        2001      0.3657
        2001       1.086
        2003       1.086
        2003       1.171
        2004       1.171
        2004       1.244
        2006       1.244
        2006        1.11
        2008        1.11
        2008       0.976
        2010       0.976
        2010      0.5122
        2012      0.5122
        2012      0.9271
        2014      0.9271
        2014       1.183
        2015       1.183
        2015           1
        2018           1
        2018       1.086
        2019       1.086
        2019      0.8905
        2021      0.8905
        2021       1.086
        2023       1.086
        2023       1.293
        2025       1.293
        2025       1.208
        2027       1.208
        2027        1.22
        2029        1.22
        2029       1.013
        2031       1.013
        2031       1.013
        2033       1.013
        2033       1.232
        2035       1.232
        2035      0.4267
        2036      0.4267
        2036      0.4145
        2038      0.4145
        2038       1.464
        2040       1.464
        2040       1.733
        2042       1.733
        2042       1.489
        2044       1.489
        2044       1.428
        2046       1.428
        2046       1.598
        2047       1.598
        2047       1.757
        2050       1.757
        2050       1.171
        2051       1.171
        2051       1.464
        2053       1.464
        2053       1.476
        2055       1.476
        2055        1.72
        2057        1.72
        2057       1.574
        2059       1.574
        2059       1.135
        2061       1.135
        2061       0.976
        2062       0.976
        2062      0.9393
        2064      0.9393
        2064      0.6342
        2066      0.6342
        2066      0.7074
        2068      0.7074
        2068      0.9271
        2070      0.9271
        2070       1.086
        2072       1.086
        2072      0.9149
        2074      0.9149
        2074       1.049
        2076       1.049
        2076        1.33
        2078        1.33
        2078       1.525
        2079       1.525
        2079       1.476
        2081       1.476
        2081       1.659
        2083       1.659
        2083       1.916
        2085       1.916
        2085       1.659
        2087       1.659
        2087       1.513
        2089       1.513
        2089       1.464
        2091       1.464
        2091       1.647
        2093       1.647
        2093       1.733
        2094       1.733
        2094       1.916
        2096       1.916
        2096       1.354
        2098       1.354
        2098       1.049
        2100       1.049
        2100       1.635
        2102       1.635
        2102       1.428
        2104       1.428
        2104        1.22
        2105        1.22
        2105      0.7929
        2108      0.7929
        2108       1.354
        2110       1.354
        2110       1.415
        2111       1.415
        2111       1.281
        2113       1.281
        2113       1.525
        2115       1.525
        2115        1.94
        2117        1.94
        2117       2.099
        2119       2.099
        2119        1.72
        2121        1.72
        2121        1.72
        2122        1.72
        2122       1.452
        2125       1.452
        2125      0.6708
        2126      0.6708
        2126      0.7441
        2128      0.7441
        2128       1.745
        2130       1.745
        2130       2.404
        2132       2.404
        2132       1.598
        2134       1.598
        2134       1.074
        2136       1.074
        2136       1.257
        2137       1.257
        2137       1.244
        2139       1.244
        2139       1.257
        2141       1.257
        2141       1.086
        2143       1.086
        2143       1.122
        2145       1.122
        2145       1.818
        2147       1.818
        2147       1.318
        2149       1.318
        2149           1
        2151           1
        2151       1.562
        2152       1.562
        2152       1.452
        2154       1.452
        2154       1.367
        2156       1.367
        2156       1.696
        2158       1.696
        2158       1.159
        2160       1.159
        2160      0.9515
        2162      0.9515
        2162       1.489
        2164       1.489
        2164       1.611
        2166       1.611
        2166       1.061
        2168       1.061
        2168      0.5366
        2169      0.5366
        2169      0.8539
        2171      0.8539
        2171      0.9637
        2173      0.9637
        2173      0.5732
        2175      0.5732
        2175       1.183
        2177       1.183
        2177       1.501
        2179       1.501
        2179       1.208
        2180       1.208
        2180       0.976
        2183       0.976
        2183       1.159
        2184       1.159
        2184       1.562
        2186       1.562
        2186       1.452
        2188       1.452
        2188       1.281
        2190       1.281
        2190       1.159
        2192       1.159
        2192       1.159
        2194       1.159
        2194      0.8783
        2195      0.8783
        2195      0.9149
        2197      0.9149
        2197      0.9393
        2200      0.9393
        2200      0.8539
        2201      0.8539
        2201       1.135
        2203       1.135
        2203       1.196
        2205       1.196
        2205       1.452
        2207       1.452
        2207       1.855
        2209       1.855
        2209       1.208
        2211       1.208
        2211         0.5
        2212         0.5
        2212       0.622
        2214       0.622
        2214       1.318
        2216       1.318
        2216       1.281
        2218       1.281
        2218       1.061
        2220       1.061
        2220      0.7074
        2222      0.7074
        2222      0.6098
        2224      0.6098
        2224       1.049
        2226       1.049
        2226       1.293
        2227       1.293
        2227       1.354
        2229       1.354
        2229       1.135
        2231       1.135
        2231        1.11
        2233        1.11
        2233       1.428
        2235       1.428
        2235       1.611
        2237       1.611
        2237       1.171
        2238       1.171
        2238       1.244
        2241       1.244
        2241       1.525
        2243       1.525
        2243       1.525
        2244       1.525
        2244      0.8417
        2246      0.8417
        2246       1.037
        2248       1.037
        2248      0.8051
        2250      0.8051
        2250           1
        2252           1
        2252       1.367
        2254       1.367
        2254       1.611
        2255       1.611
        2255       1.818
        2258       1.818
        2258       1.586
        2259       1.586
        2259       1.659
        2261       1.659
        2261        1.72
        2263        1.72
        2263       1.476
        2265       1.476
        2265       1.305
        2267       1.305
        2267      0.6464
        2269      0.6464
        2269      0.8905
        2270      0.8905
        2270      0.8295
        2272      0.8295
        2272      0.9149
        2274      0.9149
        2274       1.025
        2276       1.025
        2276       1.061
        2278       1.061
        2278       1.183
        2280       1.183
        2280      0.9637
        2282      0.9637
        2282       1.305
        2284       1.305
        2284       1.708
        2285       1.708
        2285       1.135
        2287       1.135
        2287      0.9027
        2289      0.9027
        2289       1.281
        2291       1.281
        2291      0.8661
        2293      0.8661
        2293      0.6586
        2295      0.6586
        2295       1.489
        2297       1.489
        2297       1.452
        2299       1.452
        2299       1.342
        2301       1.342
        2301        1.44
        2302        1.44
        2302       1.489
        2304       1.489
        2304       1.611
        2306       1.611
        2306       1.623
        2308       1.623
        2308       1.537
        2310       1.537
        2310       1.244
        2312       1.244
        2312       1.171
        2313       1.171
        2313       1.379
        2316       1.379
        2316       1.891
        2317       1.891
        2317       1.965
        2319       1.965
        2319       1.244
        2321       1.244
        2321       1.037
        2323       1.037
        2323       1.672
        2325       1.672
        2325       1.586
        2327       1.586
        2327       1.733
        2329       1.733
        2329       1.696
        2330       1.696
        2330       1.513
        2333       1.513
        2333       1.415
        2334       1.415
        2334        1.44
        2336        1.44
        2336       1.196
        2338       1.196
        2338       1.305
        2340       1.305
        2340       1.025
        2342       1.025
        2342      0.8661
        2344      0.8661
        2344       1.025
        2345       1.025
        2345       1.159
        2348       1.159
        2348      0.8783
        2349      0.8783
        2349      0.9515
        2351      0.9515
        2351      0.8295
        2353      0.8295
        2353      0.9393
        2355      0.9393
        2355       1.013
        2357       1.013
        2357      0.8417
        2359      0.8417
        2359       1.025
        2360       1.025
        2360      0.9027
        2362      0.9027
        2362       1.257
        2364       1.257
        2364       1.281
        2366       1.281
        2366      0.8051
        2368      0.8051
        2368       1.037
        2370       1.037
        2370       1.037
        2371       1.037
        2371       1.147
        2374       1.147
        2374       1.379
        2376       1.379
        2376       1.147
        2377       1.147
        2377       1.061
        2379       1.061
        2379      0.8051
        2381      0.8051
        2381      0.8661
        2383      0.8661
        2383       1.183
        2385       1.183
        2385      0.8539
        2387      0.8539
        2387      0.4145
        2388      0.4145
        2388      0.8173
        2391      0.8173
        2391       1.147
        2392       1.147
        2392      0.8905
        2394      0.8905
        2394       1.025
        2396       1.025
        2396      0.7441
        2398      0.7441
        2398      0.5854
        2400      0.5854
        2400      0.7319
        2402      0.7319
        2402      0.8295
        2403      0.8295
        2403      0.8295
        2406      0.8295
        2406      0.9637
        2407      0.9637
        2407      0.6464
        2409      0.6464
        2409      0.6952
        2411      0.6952
        2411      0.6586
        2413      0.6586
        2413      0.5976
        2415      0.5976
        2415      0.8051
        2417      0.8051
        2417      0.6708
        2419      0.6708
        2419       1.098
        2420       1.098
        2420       1.122
        2423       1.122
        2423       1.025
        2424       1.025
        2424      0.9393
        2426      0.9393
        2426       1.354
        2428       1.354
        2428       1.403
        2430       1.403
        2430       1.574
        2432       1.574
        2432       1.537
        2434       1.537
        2434       1.305
        2435       1.305
        2435       1.367
        2437       1.367
        2437       1.171
        2439       1.171
        2439       1.257
        2441       1.257
        2441       1.513
        2443       1.513
        2443       1.305
        2445       1.305
        2445       1.098
        2447       1.098
        2447       1.305
        2449       1.305
        2449       1.269
        2450       1.269
        2450        1.22
        2452        1.22
        2452      0.9393
        2454      0.9393
        2454       0.976
        2456       0.976
        2456      0.8417
        2458      0.8417
        2458       1.318
        2460       1.318
        2460       1.135
        2462       1.135
        2462        1.11
        2464        1.11
        2464       1.379
        2466       1.379
        2466       1.403
        2467       1.403
        2467       1.415
        2469       1.415
        2469       1.086
        2471       1.086
        2471       1.135
        2473       1.135
        2473      0.9515
        2475      0.9515
        2475      0.8905
        2477      0.8905
        2477      0.9882
        2478      0.9882
        2478       1.013
        2481       1.013
        2481        1.11
        2482        1.11
        2482       1.464
        2484       1.464
        2484       1.244
        2486       1.244
        2486       1.061
        2488       1.061
        2488       1.098
        2490       1.098
        2490       1.049
        2492       1.049
        2492      0.8051
        2493      0.8051
        2493      0.7929
        2495      0.7929
        2495      0.7929
        2497      0.7929
        2497       1.061
        2499       1.061
        2499       1.196
        2501       1.196
        2501       1.574
        2503       1.574
        2503       1.403
        2505       1.403
        2505       1.147
        2507       1.147
        2507       1.232
        2509       1.232
        2509       1.318
        2510       1.318
        2510       1.403
        2512       1.403
        2512       1.122
        2514       1.122
        2514       1.147
        2516       1.147
        2516       1.013
        2518       1.013
        2518       1.086
        2520       1.086
        2520      0.9515
        2522      0.9515
        2522      0.8295
        2524      0.8295
        2524      0.7929
        2525      0.7929
        2525      0.6708
        2527      0.6708
        2527      0.8051
        2529      0.8051
        2529       1.098
        2531       1.098
        2531      0.8539
        2533      0.8539
        2533      0.9393
        2535      0.9393
        2535       1.122
        2536       1.122
        2536      0.8539
        2539      0.8539
        2539      0.8661
        2540      0.8661
        2540       1.025
        2542       1.025
        2542       1.183
        2544       1.183
        2544       1.171
        2546       1.171
        2546      0.9027
        2548      0.9027
        2548       1.037
        2550       1.037
        2550       1.147
        2552       1.147
        2552       1.232
        2553       1.232
        2553       1.403
        2556       1.403
        2556       1.281
        2557       1.281
        2557       1.122
        2559       1.122
        2559       1.257
        2561       1.257
        2561       1.489
        2563       1.489
        2563        1.44
        2565        1.44
        2565       1.464
        2567       1.464
        2567       1.489
        2568       1.489
        2568       1.647
        2570       1.647
        2570       1.781
        2572       1.781
        2572       1.879
        2574       1.879
        2574       1.904
        2576       1.904
        2576       2.062
        2578       2.062
        2578        1.94
        2580        1.94
        2580        1.44
        2582        1.44
        2582        1.22
        2583        1.22
        2583        1.33
        2585        1.33
        2585       1.403
        2587       1.403
        2587       1.305
        2589       1.305
        2589       1.476
        2591       1.476
        2591       1.428
        2593       1.428
        2593       1.428
        2595       1.428
        2595       1.574
        2597       1.574
        2597        1.55
        2599        1.55
        2599       1.501
        2600       1.501
        2600       1.244
        2602       1.244
        2602       1.171
        2604       1.171
        2604       1.232
        2606       1.232
        2606       1.135
        2608       1.135
        2608       1.476
        2610       1.476
        2610       1.623
        2611       1.623
        2611        1.44
        2614        1.44
        2614       1.489
        2615       1.489
        2615       1.476
        2617       1.476
        2617       1.598
        2619       1.598
        2619       1.452
        2621       1.452
        2621       1.501
        2623       1.501
        2623       1.476
        2625       1.476
        2625       1.769
        2626       1.769
        2626       1.574
        2628       1.574
        2628       1.769
        2630       1.769
        2630       1.818
        2632       1.818
        2632       1.684
        2634       1.684
        2634       1.842
        2636       1.842
        2636       2.184
        2638       2.184
        2638       2.636
        2640       2.636
        2640       2.868
        2642       2.868
        2642       2.868
        2643       2.868
        2643       3.026
        2646       3.026
        2646       3.002
        2647       3.002
        2647       2.892
        2649       2.892
        2649       2.941
        2651       2.941
        2651       2.978
        2653       2.978
        2653       3.051
        2655       3.051
        2655       3.112
        2657       3.112
        2657       3.075
        2658       3.075
        2658       3.209
        2660       3.209
        2660       2.929
        2662       2.929
        2662       2.965
        2664       2.965
        2664       3.026
        2666       3.026
        2666       2.916
        2668       2.916
        2668       2.843
        2669       2.843
        2669       2.636
        2672       2.636
        2672        2.77
        2673        2.77
        2673       2.843
        2675       2.843
        2675       2.892
        2677       2.892
        2677       2.941
        2679       2.941
        2679        2.88
        2681        2.88
        2681       3.087
        2683       3.087
        2683        2.99
        2685        2.99
        2685       2.965
        2686       2.965
        2686       2.855
        2689       2.855
        2689       2.929
        2690       2.929
        2690       2.965
        2692       2.965
        2692       2.831
        2694       2.831
        2694       2.733
        2696       2.733
        2696       2.697
        2698       2.697
        2698       2.709
        2700       2.709
        2700       2.782
        2701       2.782
        2701       2.721
        2704       2.721
        2704       2.746
        2705       2.746
        2705       3.051
        2707       3.051
        2707       3.185
        2709       3.185
        2709       3.039
        2711       3.039
        2711       2.941
        2713       2.941
        2713       2.709
        2715       2.709
        2715       2.538
        2716       2.538
        2716       2.489
        2718       2.489
        2718       2.526
        2720       2.526
        2720       2.477
        2722       2.477
        2722       2.465
        2724       2.465
        2724       2.416
        2726       2.416
        2726       2.441
        2728       2.441
        2728       2.514
        2730       2.514
        2730        2.66
        2732        2.66
        2732       2.733
        2733       2.733
        2733       2.526
        2735       2.526
        2735       2.257
        2737       2.257
        2737       2.306
        2739       2.306
        2739       2.294
        2741       2.294
        2741        1.94
        2743        1.94
        2743       1.708
        2744       1.708
        2744       1.672
        2747       1.672
        2747        1.72
        2748        1.72
        2748       1.733
        2750       1.733
        2750       1.696
        2752       1.696
        2752       1.904
        2754       1.904
        2754       2.209
        2756       2.209
        2756       2.099
        2758       2.099
        2758       2.172
        2759       2.172
        2759       2.355
        2762       2.355
        2762       2.502
        2764       2.502
        2764       2.807
        2765       2.807
        2765       2.819
        2767       2.819
        2767       2.709
        2769       2.709
        2769       2.892
        2771       2.892
        2771       2.855
        2773       2.855
        2773       2.538
        2775       2.538
        2775       2.758
        2776       2.758
        2776       2.819
        2779       2.819
        2779       2.624
        2780       2.624
        2780       2.843
        2782       2.843
        2782       2.587
        2784       2.587
        2784       2.343
        2786       2.343
        2786       2.257
        2788       2.257
        2788       1.928
        2790       1.928
        2790       1.928
        2791       1.928
        2791       1.586
        2793       1.586
        2793       1.354
        2795       1.354
        2795       1.367
        2797       1.367
        2797       1.086
        2799       1.086
        2799       1.037
        2801       1.037
        2801       1.183
        2802       1.183
        2802       1.257
        2805       1.257
        2805       1.269
        2806       1.269
        2806       1.293
        2808       1.293
        2808       1.501
        2810       1.501
        2810       1.879
        2812       1.879
        2812       2.184
        2814       2.184
        2814       2.575
        2816       2.575
        2816        2.99
        2818        2.99
        2818       3.161
        2820       3.161
        2820       3.295
        2822       3.295
        2822       3.441
        2823       3.441
        2823       3.637
        2825       3.637
        2825       3.661
        2827       3.661
        2827       3.673
        2829       3.673
        2829       3.661
        2831       3.661
        2831       3.734
        2833       3.734
        2833       3.722
        2834       3.722
        2834       3.685
        2837       3.685
        2837       3.637
        2838       3.637
        2838       3.527
        2840       3.527
        2840       3.466
        2842       3.466
        2842       3.222
        2844       3.222
        2844       3.283
        2846       3.283
        2846       3.075
        2848       3.075
        2848       2.782
        2850       2.782
        2850       2.502
        2851       2.502
        2851       2.563
        2854       2.563
        2854       2.502
        2855       2.502
        2855       2.392
        2857       2.392
        2857       2.624
        2859       2.624
        2859       2.794
        2861       2.794
        2861       3.258
        2863       3.258
        2863       3.795
        2865       3.795
        2865       3.734
        2866       3.734
        2866       3.637
        2868       3.637
        2868       3.771
        2870       3.771
        2870       3.868
        2872       3.868
        2872       4.015
        2874       4.015
        2874       3.966
        2876       3.966
        2876       4.015
        2878       4.015
        2878       4.015
        2880       4.015
        2880       3.856
        2881       3.856
        2881       3.759
        2883       3.759
        2883       3.783
        2885       3.783
        2885       3.881
        2887       3.881
        2887       4.149
        2889       4.149
        2889       4.381
        2891       4.381
        2891       4.711
        2892       4.711
        2892       5.028
        2895       5.028
        2895       5.028
        2897       5.028
        2897       5.248
        2898       5.248
        2898       5.614
        2900       5.614
        2900       5.638
        2902       5.638
        2902       5.663
        2904       5.663
        2904        6.09
        2906        6.09
        2906       6.334
        2908       6.334
        2908       6.065
        2909       6.065
        2909       6.163
        2912       6.163
        2912       6.016
        2913       6.016
        2913       5.931
        2915       5.931
        2915       5.919
        2917       5.919
        2917       5.894
        2919       5.894
        2919       5.931
        2921       5.931
        2921       5.955
        2923       5.955
        2923        5.98
        2924        5.98
        2924       5.699
        2926       5.699
        2926       5.565
        2928       5.565
        2928       5.479
        2930       5.479
        2930       5.431
        2932       5.431
        2932       5.528
        2934       5.528
        2934       5.663
        2936       5.663
        2936       5.785
        2938       5.785
        2938       5.309
        2939       5.309
        2939        5.37
        2941        5.37
        2941       5.516
        2944       5.516
        2944       5.711
        2945       5.711
        2945       5.846
        2947       5.846
        2947       5.565
        2949       5.565
        2949       5.602
        2951       5.602
        2951       5.614
        2953       5.614
        2953       5.626
        2955       5.626
        2955       5.687
        2956       5.687
        2956       6.029
        2958       6.029
        2958       6.383
        2960       6.383
        2960       6.139
        2962       6.139
        2962       5.968
        2964       5.968
        2964       5.833
        2966       5.833
        2966       5.467
        2967       5.467
        2967        5.37
        2970        5.37
        2970       5.455
        2971       5.455
        2971       5.504
        2973       5.504
        2973       5.577
        2975       5.577
        2975       5.675
        2977       5.675
        2977       5.833
        2979       5.833
        2979        5.76
        2981        5.76
        2981       5.833
        2983       5.833
        2983       5.736
        2984       5.736
        2984       5.528
        2987       5.528
        2987       5.431
        2988       5.431
        2988       5.431
        2990       5.431
        2990       5.394
        2992       5.394
        2992       5.333
        2994       5.333
        2994       5.309
        2996       5.309
        2996       5.284
        2998       5.284
        2998       5.321
        2999       5.321
        2999       5.065
        3002       5.065
        3002       4.942
        3003       4.942
        3003       4.833
        3005       4.833
        3005       4.711
        3007       4.711
        3007       4.906
        3009       4.906
        3009       5.174
        3011       5.174
        3011       5.321
        3013       5.321
        3013       5.174
        3014       5.174
        3014       5.199
        3016       5.199
        3016       5.272
        3018       5.272
        3018       5.321
        3020       5.321
        3020       5.406
        3022       5.406
        3022       5.394
        3024       5.394
        3024       5.565
        3025       5.565
        3025        5.76
        3028        5.76
        3028       6.041
        3030       6.041
        3030       5.992
        3031       5.992
        3031       6.346
        3033       6.346
        3033       6.773
        3035       6.773
        3035       6.578
        3037       6.578
        3037       6.505
        3039       6.505
        3039       6.383
        3041       6.383
        3041       6.236
        3042       6.236
        3042       6.395
        3045       6.395
        3045       6.688
        3046       6.688
        3046        6.92
        3048        6.92
        3048       6.993
        3050       6.993
        3050       6.737
        3052       6.737
        3052       6.627
        3054       6.627
        3054       6.651
        3056       6.651
        3056       6.578
        3057       6.578
        3057       6.468
        3060       6.468
        3060       6.407
        3061       6.407
        3061       6.261
        3063       6.261
        3063       6.126
        3065       6.126
        3065        5.87
        3067        5.87
        3067       6.053
        3069       6.053
        3069       6.346
        3071       6.346
        3071       6.407
        3073       6.407
        3073       6.431
        3074       6.431
        3074       6.639
        3077       6.639
        3077       6.712
        3078       6.712
        3078       6.627
        3080       6.627
        3080       6.517
        3082       6.517
        3082       6.895
        3084       6.895
        3084       7.029
        3086       7.029
        3086       7.164
        3088       7.164
        3088        6.92
        3089        6.92
        3089       6.798
        3091       6.798
        3091       6.456
        3093       6.456
        3093       6.126
        3095       6.126
        3095       6.212
        3097       6.212
        3097       5.992
        3099       5.992
        3099       5.638
        3100       5.638
        3100       6.212
        3103       6.212
        3103       7.042
        3104       7.042
        3104       7.029
        3106       7.029
        3106       7.542
        3108       7.542
        3108       7.872
        3110       7.872
        3110        7.92
        3112        7.92
        3112       7.823
        3114       7.823
        3114       7.823
        3116       7.823
        3116       8.067
        3118       8.067
        3118       7.762
        3120       7.762
        3120       7.176
        3121       7.176
        3121       7.322
        3123       7.322
        3123       7.444
        3125       7.444
        3125       7.701
        3127       7.701
        3127       7.713
        3129       7.713
        3129       7.628
        3131       7.628
        3131       7.444
        3132       7.444
        3132       7.457
        3135       7.457
        3135       7.847
        3136       7.847
        3136       8.018
        3138       8.018
        3138       7.762
        3140       7.762
        3140       7.774
        3142       7.774
        3142       7.676
        3144       7.676
        3144       7.127
        3146       7.127
        3146       7.152
        3147       7.152
        3147       7.274
        3149       7.274
        3149       7.213
        3151       7.213
        3151       7.176
        3153       7.176
        3153       7.237
        3155       7.237
        3155       6.956
        3157       6.956
        3157       6.981
        3159       6.981
        3159       7.432
        3161       7.432
        3161       7.225
        3163       7.225
        3163       6.956
        3164       6.956
        3164       7.554
        3166       7.554
        3166       8.116
        3168       8.116
        3168       8.494
        3170       8.494
        3170       8.348
        3172       8.348
        3172       9.019
        3174       9.019
        3176       8.994
        3176       8.055
        3178       8.055
        3178        8.36
        3179        8.36
        3179       7.981
        3181       7.981
        3181       7.652
        3183       7.652
        3183       7.566
        3185       7.566
        3185       7.383
        3187       7.383
        3187       7.786
        3189       7.786
        3189       8.409
        3190       8.409
        3190        8.25
        3193        8.25
        3193       7.969
        3194       7.969
        3194       8.665
        3196       8.665
        3196        8.75
        3198        8.75
        3198       8.555
        3200       8.555
        3200        8.25
        3202        8.25
