# NGC3610 from astro-ph/9702233. The flux scale is accurate to a few %
#         l0 / A          f0 / 1E-18 ergs/s/cm^2/A
#
        1900         0.3
        1901      0.2636
        1902      0.2636
        1902      0.3243
        1903      0.3243
        1903      0.4093
        1903      0.4093
        1903       0.555
        1904       0.555
        1904       0.555
        1905       0.555
        1905      0.6158
        1906      0.6158
        1906      0.6158
        1907      0.6158
        1907      0.5672
        1909      0.5672
        1909      0.4458
        1910      0.4458
        1910      0.4336
        1911      0.4336
        1911      0.4093
        1912      0.4093
        1912      0.4822
        1912      0.4822
        1912      0.4822
        1913      0.4822
        1913      0.5308
        1914      0.5308
        1914      0.5429
        1915      0.5429
        1915      0.5672
        1917      0.5672
        1917       0.555
        1918       0.555
        1918      0.6279
        1919      0.6279
        1919      0.5915
        1920      0.5915
        1920      0.6886
        1920      0.6886
        1920      0.6036
        1921      0.6036
        1921      0.5186
        1922      0.5186
        1922      0.4822
        1923      0.4822
        1923      0.5186
        1924      0.5186
        1924      0.4579
        1926      0.4579
        1926      0.4579
        1927      0.4579
        1927      0.4336
        1928      0.4336
        1928      0.3972
        1928      0.3972
        1928      0.3972
        1929      0.3972
        1929      0.3972
        1930      0.3972
        1930      0.3972
        1931      0.3972
        1931       0.385
        1932       0.385
        1932      0.3729
        1934      0.3729
        1934      0.2879
        1935      0.2879
        1935      0.2272
        1936      0.2272
        1936      0.2636
        1937      0.2636
        1937      0.2758
        1937      0.2758
        1937      0.3122
        1938      0.3122
        1938      0.3972
        1939      0.3972
        1939      0.3972
        1940      0.3972
        1940      0.3608
        1942      0.3608
        1942       0.385
        1943       0.385
        1943      0.4336
        1944      0.4336
        1944      0.3972
        1945      0.3972
        1945      0.3729
        1945      0.3729
        1945      0.3729
        1946      0.3729
        1946      0.3365
        1947      0.3365
        1947      0.2636
        1948      0.2636
        1948      0.2758
        1949      0.2758
        1949       0.215
        1951       0.215
        1951      0.2758
        1952      0.2758
        1952      0.2879
        1953      0.2879
        1953      0.3608
        1953      0.3608
        1953       0.385
        1954       0.385
        1954      0.4579
        1955      0.4579
        1955      0.4579
        1956      0.4579
        1956      0.4458
        1957      0.4458
        1957      0.3122
        1959      0.3122
        1959      0.2879
        1960      0.2879
        1960      0.2636
        1961      0.2636
        1961      0.1786
        1961      0.1786
        1961      0.2029
        1962      0.2029
        1962      0.2636
        1963      0.2636
        1963      0.3122
        1964      0.3122
        1964      0.3608
        1965      0.3608
        1965      0.4215
        1967      0.4215
        1967      0.4336
        1968      0.4336
        1968      0.4822
        1969      0.4822
        1969        0.47
        1970        0.47
        1970      0.5186
        1970      0.5186
        1970      0.5429
        1971      0.5429
        1971      0.5429
        1972      0.5429
        1972      0.4822
        1973      0.4822
        1973      0.4215
        1975      0.4215
        1975      0.4215
        1976      0.4215
        1976       0.385
        1977       0.385
        1977      0.4093
        1978      0.4093
        1978      0.4579
        1978      0.4579
        1978      0.5065
        1979      0.5065
        1979      0.4215
        1980      0.4215
        1980      0.3972
        1981      0.3972
        1981      0.3365
        1982      0.3365
        1982      0.3608
        1984      0.3608
        1984      0.3365
        1985      0.3365
        1985      0.3608
        1986      0.3608
        1986      0.4458
        1986      0.4458
        1986      0.4822
        1987      0.4822
        1987      0.5186
        1988      0.5186
        1988      0.5308
        1989      0.5308
        1989      0.5186
        1990      0.5186
        1990      0.4579
        1992      0.4579
        1992      0.3972
        1993      0.3972
        1993      0.3122
        1994      0.3122
        1994      0.3365
        1994      0.3365
        1994      0.4093
        1995      0.4093
        1995      0.4336
        1996      0.4336
        1996      0.5065
        1997      0.5065
        1997      0.5065
        1998      0.5065
        1998      0.4822
        2000      0.4822
        2000      0.4579
        2001      0.4579
        2001      0.5429
        2002      0.5429
        2002      0.5429
        2003      0.5429
        2003      0.5429
        2003      0.5429
        2003      0.5672
        2004      0.5672
        2004      0.5672
        2005      0.5672
        2005      0.4579
        2006      0.4579
        2006      0.4458
        2007      0.4458
        2007      0.4822
        2009      0.4822
        2009      0.5186
        2010      0.5186
        2010      0.5065
        2011      0.5065
        2011       0.555
        2011       0.555
        2011      0.6036
        2012      0.6036
        2012      0.6158
        2013      0.6158
        2013      0.6158
        2014      0.6158
        2014      0.5793
        2015      0.5793
        2015      0.5793
        2017      0.5793
        2017      0.5308
        2018      0.5308
        2018      0.4943
        2019      0.4943
        2019      0.4822
        2019      0.4822
        2019      0.5308
        2020      0.5308
        2020       0.555
        2021       0.555
        2021      0.5065
        2022      0.5065
        2022      0.5065
        2023      0.5065
        2023      0.5186
        2025      0.5186
        2025      0.5308
        2026      0.5308
        2026      0.4943
        2027      0.4943
        2027      0.5429
        2028      0.5429
        2028      0.5915
        2028      0.5915
        2028      0.5429
        2029      0.5429
        2029       0.555
        2030       0.555
        2030       0.555
        2031       0.555
        2031      0.5308
        2033      0.5308
        2033      0.4579
        2034      0.4579
        2034      0.4822
        2035      0.4822
        2035      0.4336
        2036      0.4336
        2036      0.4458
        2036      0.4458
        2036      0.5308
        2037      0.5308
        2037      0.5429
        2038      0.5429
        2038      0.5672
        2039      0.5672
        2039      0.5793
        2040      0.5793
        2040      0.5429
        2042      0.5429
        2042      0.5429
        2043      0.5429
        2043      0.6279
        2044      0.6279
        2044      0.6036
        2044      0.6036
        2044      0.6279
        2045      0.6279
        2045      0.6643
        2046      0.6643
        2046      0.6158
        2047      0.6158
        2047      0.5429
        2048      0.5429
        2048      0.4943
        2050      0.4943
        2050      0.4943
        2051      0.4943
        2051      0.4458
        2052      0.4458
        2052      0.4458
        2052      0.4458
        2052      0.4215
        2053      0.4215
        2053      0.4579
        2054      0.4579
        2054      0.4336
        2055      0.4336
        2055      0.4458
        2056      0.4458
        2056      0.4458
        2058      0.4458
        2058      0.5308
        2059      0.5308
        2059      0.6158
        2060      0.6158
        2060      0.6158
        2061      0.6158
        2061      0.6279
        2061      0.6279
        2061      0.6158
        2062      0.6158
        2062      0.5429
        2063      0.5429
        2063      0.4943
        2064      0.4943
        2064      0.5186
        2065      0.5186
        2065      0.5672
        2067      0.5672
        2067      0.6036
        2068      0.6036
        2068      0.6886
        2069      0.6886
        2069      0.6522
        2070      0.6522
        2070      0.6643
        2070      0.6643
        2070      0.6522
        2071      0.6522
        2071      0.6643
        2072      0.6643
        2072      0.5672
        2073      0.5672
        2073      0.6158
        2075      0.6158
        2075      0.6036
        2076      0.6036
        2076      0.5793
        2077      0.5793
        2077      0.4822
        2078      0.4822
        2078      0.5429
        2078      0.5429
        2078       0.555
        2079       0.555
        2079      0.5308
        2080      0.5308
        2080      0.5672
        2081      0.5672
        2081      0.5915
        2083      0.5915
        2083       0.555
        2084       0.555
        2084      0.5429
        2085      0.5429
        2085      0.5429
        2086      0.5429
        2086      0.4943
        2086      0.4943
        2086      0.5308
        2087      0.5308
        2087      0.5429
        2088      0.5429
        2088      0.5308
        2089      0.5308
        2089      0.5429
        2091      0.5429
        2091      0.5915
        2092      0.5915
        2092      0.5915
        2093      0.5915
        2093      0.5915
        2094      0.5915
        2094      0.5915
        2094      0.5915
        2094      0.5915
        2095      0.5915
        2095      0.6279
        2096      0.6279
        2096      0.6522
        2097      0.6522
        2097      0.6158
        2098      0.6158
        2098      0.6158
        2100      0.6158
        2100      0.6036
        2101      0.6036
        2101      0.5793
        2102      0.5793
        2102      0.5915
        2103      0.5915
        2103      0.6158
        2103      0.6158
        2103        0.64
        2104        0.64
        2104      0.6522
        2105      0.6522
        2105      0.6643
        2106      0.6643
        2106      0.6643
        2108      0.6643
        2108      0.6522
        2109      0.6522
        2109      0.7008
        2110      0.7008
        2110      0.7129
        2111      0.7129
        2111       0.725
        2111       0.725
        2111      0.7615
        2112      0.7615
        2112      0.8222
        2113      0.8222
        2113      0.7736
        2114      0.7736
        2114      0.8222
        2116      0.8222
        2116      0.8829
        2117      0.8829
        2117      0.8465
        2118      0.8465
        2118      0.8465
        2119      0.8465
        2119      0.8586
        2119      0.8586
        2119      0.7979
        2120      0.7979
        2120      0.7129
        2121      0.7129
        2121      0.6886
        2122      0.6886
        2122      0.6765
        2123      0.6765
        2123      0.6765
        2125      0.6765
        2125      0.7008
        2126      0.7008
        2126       0.725
        2127       0.725
        2127       0.725
        2127       0.725
        2127      0.7493
        2128      0.7493
        2128       0.725
        2129       0.725
        2129      0.6886
        2130      0.6886
        2130      0.6522
        2131      0.6522
        2131      0.6522
        2133      0.6522
        2133      0.6522
        2134      0.6522
        2134      0.6886
        2135      0.6886
        2135      0.7493
        2136      0.7493
        2136      0.7493
        2136      0.7493
        2136      0.7615
        2137      0.7615
        2137      0.7129
        2138      0.7129
        2138      0.7129
        2139      0.7129
        2139      0.7129
        2141      0.7129
        2141        0.81
        2142        0.81
        2142      0.7858
        2143      0.7858
        2143      0.8343
        2144      0.8343
        2144        0.81
        2144        0.81
        2144      0.8222
        2145      0.8222
        2145      0.7493
        2146      0.7493
        2146      0.7736
        2147      0.7736
        2147      0.7372
        2149      0.7372
        2149      0.7615
        2150      0.7615
        2150      0.7736
        2151      0.7736
        2151      0.7979
        2152      0.7979
        2152      0.7979
        2152      0.7979
        2152      0.8343
        2153      0.8343
        2153      0.7979
        2154      0.7979
        2154      0.7372
        2155      0.7372
        2155       0.725
        2156       0.725
        2156      0.7372
        2158      0.7372
        2158       0.725
        2159       0.725
        2159      0.7372
        2160      0.7372
        2160      0.7979
        2161      0.7979
        2161        0.81
        2161        0.81
        2161      0.7858
        2162      0.7858
        2162      0.7372
        2163      0.7372
        2163      0.7372
        2164      0.7372
        2164       0.725
        2166       0.725
        2166      0.6886
        2167      0.6886
        2167      0.6765
        2168      0.6765
        2168      0.7008
        2169      0.7008
        2169      0.7129
        2169      0.7129
        2169      0.6643
        2170      0.6643
        2170      0.6886
        2171      0.6886
        2171      0.6886
        2172      0.6886
        2172      0.6765
        2174      0.6765
        2174        0.64
        2175        0.64
        2175      0.6279
        2176      0.6279
        2176      0.6279
        2177      0.6279
        2177      0.6643
        2177      0.6643
        2177      0.6886
        2178      0.6886
        2178      0.7493
        2179      0.7493
        2179      0.7979
        2180      0.7979
        2180      0.8343
        2182      0.8343
        2182      0.8465
        2183      0.8465
        2183      0.8829
        2184      0.8829
        2184      0.8586
        2185      0.8586
        2185       0.895
        2185       0.895
        2185      0.8586
        2186      0.8586
        2186        0.81
        2187        0.81
        2187      0.7736
        2188      0.7736
        2188        0.81
        2189        0.81
        2189      0.7979
        2191      0.7979
        2191      0.8465
        2192      0.8465
        2192      0.8708
        2193      0.8708
        2193      0.8586
        2194      0.8586
        2194      0.8708
        2194      0.8708
        2194      0.8586
        2195      0.8586
        2195      0.8586
        2196      0.8586
        2196      0.8708
        2197      0.8708
        2197      0.9558
        2199      0.9558
        2199      0.9436
        2200      0.9436
        2200      0.9315
        2201      0.9315
        2201      0.9315
        2202      0.9315
        2202      0.9193
        2202      0.9193
        2202      0.8708
        2203      0.8708
        2203      0.8708
        2204      0.8708
        2204      0.8465
        2205      0.8465
        2205        0.81
        2207        0.81
        2207      0.7736
        2208      0.7736
        2208      0.7493
        2209      0.7493
        2209       0.725
        2210       0.725
        2210      0.7493
        2210      0.7493
        2210      0.7615
        2211      0.7615
        2211      0.7736
        2212      0.7736
        2212      0.7858
        2213      0.7858
        2213      0.7858
        2214      0.7858
        2214      0.7372
        2216      0.7372
        2216       0.725
        2217       0.725
        2217      0.7493
        2218      0.7493
        2218      0.7372
        2218      0.7372
        2218      0.7129
        2219      0.7129
        2219      0.7493
        2220      0.7493
        2220      0.7979
        2221      0.7979
        2221      0.7736
        2222      0.7736
        2222      0.7372
        2224      0.7372
        2224      0.7615
        2225      0.7615
        2225       0.725
        2226       0.725
        2226      0.6765
        2227      0.6765
        2227      0.6643
        2227      0.6643
        2227      0.7129
        2228      0.7129
        2228      0.7615
        2229      0.7615
        2229        0.81
        2230        0.81
        2230      0.8586
        2232      0.8586
        2232       0.895
        2233       0.895
        2233      0.9193
        2234      0.9193
        2234      0.9072
        2235      0.9072
        2235      0.9072
        2235      0.9072
        2235      0.9193
        2236      0.9193
        2236      0.9558
        2237      0.9558
        2237      0.9558
        2238      0.9558
        2238      0.9436
        2240      0.9436
        2240      0.9315
        2241      0.9315
        2241      0.9315
        2242      0.9315
        2242      0.8829
        2243      0.8829
        2243       0.895
        2243       0.895
        2243      0.9072
        2244      0.9072
        2244      0.9193
        2245      0.9193
        2245      0.8708
        2246      0.8708
        2246       0.895
        2247       0.895
        2247      0.8586
        2249      0.8586
        2249      0.8343
        2250      0.8343
        2250      0.8343
        2251      0.8343
        2251        0.81
        2252        0.81
        2252      0.7615
        2252      0.7615
        2252      0.7615
        2253      0.7615
        2253      0.7736
        2254      0.7736
        2254      0.7372
        2255      0.7372
        2255      0.7736
        2257      0.7736
        2257      0.8222
        2258      0.8222
        2258      0.8465
        2259      0.8465
        2259        0.81
        2260        0.81
        2260      0.8343
        2260      0.8343
        2260        0.81
        2261        0.81
        2261      0.7372
        2262      0.7372
        2262      0.6886
        2263      0.6886
        2263       0.725
        2265       0.725
        2265      0.6886
        2266      0.6886
        2266      0.6765
        2267      0.6765
        2267       0.725
        2268       0.725
        2268      0.7858
        2268      0.7858
        2268      0.7615
        2269      0.7615
        2269      0.7493
        2270      0.7493
        2270      0.7372
        2271      0.7372
        2271      0.6886
        2272      0.6886
        2272      0.6643
        2274      0.6643
        2274      0.6643
        2275      0.6643
        2275      0.7008
        2276      0.7008
        2276      0.7372
        2276      0.7372
        2276      0.7493
        2277      0.7493
        2277      0.7736
        2278      0.7736
        2278      0.8222
        2279      0.8222
        2279      0.8343
        2280      0.8343
        2280      0.8708
        2282      0.8708
        2282      0.9072
        2283      0.9072
        2283      0.8829
        2284      0.8829
        2284      0.8708
        2285      0.8708
        2285      0.8829
        2285      0.8829
        2285      0.8829
        2286      0.8829
        2286      0.8708
        2287      0.8708
        2287      0.8708
        2288      0.8708
        2288      0.8343
        2290      0.8343
        2290      0.8343
        2291      0.8343
        2291      0.8708
        2292      0.8708
        2292      0.8586
        2293      0.8586
        2293      0.8708
        2294      0.8708
        2294      0.8829
        2294      0.8829
        2294      0.8586
        2295      0.8586
        2295      0.7372
        2296      0.7372
        2296      0.7129
        2298      0.7129
        2298        0.64
        2299        0.64
        2299      0.5793
        2300      0.5793
        2300      0.5793
        2301      0.5793
        2301      0.6643
        2301      0.6643
        2301      0.7008
        2302      0.7008
        2302      0.7493
        2303      0.7493
        2303      0.7979
        2304      0.7979
        2304      0.8465
        2305      0.8465
        2305       0.895
        2307       0.895
        2307       0.895
        2308       0.895
        2308      0.9436
        2309      0.9436
        2309      0.9679
        2309      0.9679
        2309      0.9679
        2310      0.9679
        2310      0.8829
        2311      0.8829
        2311      0.8586
        2312      0.8586
        2312      0.8222
        2313      0.8222
        2313      0.7736
        2315      0.7736
        2315       0.725
        2316       0.725
        2316      0.7129
        2317      0.7129
        2317      0.7008
        2318      0.7008
        2318      0.6765
        2318      0.6765
        2318       0.725
        2319       0.725
        2319      0.7008
        2320      0.7008
        2320      0.7493
        2321      0.7493
        2321      0.7493
        2323      0.7493
        2323      0.7493
        2324      0.7493
        2324       0.725
        2325       0.725
        2325      0.7615
        2326      0.7615
        2326      0.7372
        2327      0.7372
        2327      0.6886
        2327      0.6886
        2327      0.6765
        2328      0.6765
        2328      0.6643
        2329      0.6643
        2329      0.6643
        2330      0.6643
        2330      0.6765
        2332      0.6765
        2332      0.7008
        2333      0.7008
        2333      0.7615
        2334      0.7615
        2334      0.7129
        2335      0.7129
        2335      0.6522
        2335      0.6522
        2335      0.6279
        2336      0.6279
        2336        0.64
        2337        0.64
        2337      0.5915
        2338      0.5915
        2338        0.64
        2340        0.64
        2340      0.7129
        2341      0.7129
        2341      0.7129
        2342      0.7129
        2342      0.6886
        2343      0.6886
        2343      0.6643
        2343      0.6643
        2343      0.6158
        2344      0.6158
        2344      0.5915
        2345      0.5915
        2345      0.6643
        2346      0.6643
        2346      0.7129
        2348      0.7129
        2348      0.7736
        2349      0.7736
        2349        0.81
        2350        0.81
        2350        0.81
        2351        0.81
        2351      0.7493
        2351      0.7493
        2351      0.7493
        2352      0.7493
        2352      0.7493
        2353      0.7493
        2353      0.7736
        2354      0.7736
        2354      0.7372
        2356      0.7372
        2356      0.7615
        2357      0.7615
        2357      0.7615
        2358      0.7615
        2358      0.7979
        2359      0.7979
        2359      0.7493
        2360      0.7493
        2360      0.7615
        2360      0.7615
        2360      0.7736
        2361      0.7736
        2361      0.7858
        2362      0.7858
        2362      0.7615
        2363      0.7615
        2363      0.7615
        2365      0.7615
        2365      0.7615
        2366      0.7615
        2366      0.6886
        2367      0.6886
        2367      0.6643
        2368      0.6643
        2368      0.6158
        2368      0.6158
        2368      0.6158
        2369      0.6158
        2369      0.6643
        2370      0.6643
        2370      0.7129
        2371      0.7129
        2371      0.7493
        2373      0.7493
        2373       0.725
        2374       0.725
        2374      0.7493
        2375      0.7493
        2375      0.7372
        2376      0.7372
        2376        0.81
        2376        0.81
        2376      0.8222
        2377      0.8222
        2377      0.8465
        2378      0.8465
        2378        0.81
        2379        0.81
        2379      0.7615
        2381      0.7615
        2381      0.6886
        2382      0.6886
        2382      0.6158
        2383      0.6158
        2383      0.6036
        2384      0.6036
        2384      0.6279
        2385      0.6279
        2385      0.6279
        2385      0.6279
        2385      0.6279
        2386      0.6279
        2386      0.6158
        2387      0.6158
        2387      0.6886
        2388      0.6886
        2388       0.725
        2390       0.725
        2390      0.7736
        2391      0.7736
        2391      0.8586
        2392      0.8586
        2392      0.9436
        2393      0.9436
        2393      0.8829
        2393      0.8829
        2393      0.8586
        2394      0.8586
        2394        0.81
        2395        0.81
        2395      0.6886
        2396      0.6886
        2396      0.6036
        2398      0.6036
        2398      0.5672
        2399      0.5672
        2399      0.5308
        2400      0.5308
        2400       0.555
        2401       0.555
        2401      0.5915
        2401      0.5915
        2401      0.6522
        2402      0.6522
        2402      0.6886
        2403      0.6886
        2403      0.6886
        2404      0.6886
        2404      0.7008
        2406      0.7008
        2406       0.725
        2407       0.725
        2407      0.7008
        2408      0.7008
        2408      0.7008
        2409      0.7008
        2409      0.7736
        2409      0.7736
        2409      0.7736
        2410      0.7736
        2410      0.7858
        2411      0.7858
        2411      0.8222
        2412      0.8222
        2412      0.8465
        2414      0.8465
        2414       0.895
        2415       0.895
        2415      0.9193
        2416      0.9193
        2416      0.9315
        2417      0.9315
        2417      0.9436
        2418      0.9436
        2418      0.9679
        2418      0.9679
        2418      0.9193
        2419      0.9193
        2419      0.9072
        2420      0.9072
        2420      0.9436
        2421      0.9436
        2421        0.98
        2423        0.98
        2423      0.9558
        2424      0.9558
        2424      0.9193
        2425      0.9193
        2425        0.98
        2426        0.98
        2426        0.98
        2426        0.98
        2426      0.9436
        2427      0.9436
        2427        0.98
        2428        0.98
        2428       1.029
        2429       1.029
        2429      0.9679
        2431      0.9679
        2431      0.9558
        2432      0.9558
        2432      0.9922
        2433      0.9922
        2433      0.9436
        2434      0.9436
        2434      0.8829
        2434      0.8829
        2434      0.9436
        2435      0.9436
        2435      0.9558
        2436      0.9558
        2436        0.98
        2437        0.98
        2437       1.041
        2439       1.041
        2439       1.126
        2440       1.126
        2440       1.089
        2441       1.089
        2441       1.077
        2442       1.077
        2442       1.065
        2442       1.065
        2442        0.98
        2443        0.98
        2443      0.9072
        2444      0.9072
        2444      0.8586
        2445      0.8586
        2445      0.7858
        2447      0.7858
        2447      0.7736
        2448      0.7736
        2448      0.8465
        2449      0.8465
        2449      0.7979
        2450      0.7979
        2450      0.8465
        2451      0.8465
        2451      0.8465
        2451      0.8465
        2451      0.8586
        2452      0.8586
        2452      0.8222
        2453      0.8222
        2453      0.8708
        2454      0.8708
        2454      0.9193
        2456      0.9193
        2456      0.9679
        2457      0.9679
        2457      0.9072
        2458      0.9072
        2458       0.895
        2459       0.895
        2459      0.8829
        2459      0.8829
        2459      0.7979
        2460      0.7979
        2460      0.7615
        2461      0.7615
        2461      0.7736
        2462      0.7736
        2462      0.7736
        2464      0.7736
        2464      0.7372
        2465      0.7372
        2465       0.725
        2466       0.725
        2466      0.7372
        2467      0.7372
        2467       0.725
        2467       0.725
        2467      0.7372
        2468      0.7372
        2468      0.7979
        2469      0.7979
        2469      0.8708
        2470      0.8708
        2470      0.8829
        2472      0.8829
        2472      0.9193
        2473      0.9193
        2473      0.9436
        2474      0.9436
        2474      0.9679
        2475      0.9679
        2475      0.9436
        2475      0.9436
        2475      0.9315
        2476      0.9315
        2476      0.9315
        2477      0.9315
        2477      0.9436
        2478      0.9436
        2478      0.8829
        2479      0.8829
        2479      0.8465
        2481      0.8465
        2481      0.8343
        2482      0.8343
        2482      0.7736
        2483      0.7736
        2483       0.725
        2484       0.725
        2484      0.7129
        2484      0.7129
        2484      0.7008
        2485      0.7008
        2485      0.7129
        2486      0.7129
        2486      0.7129
        2487      0.7129
        2487      0.7008
        2489      0.7008
        2489      0.7129
        2490      0.7129
        2490       0.725
        2491       0.725
        2491      0.7372
        2492      0.7372
        2492      0.7979
        2492      0.7979
        2492      0.8465
        2493      0.8465
        2493       0.895
        2494       0.895
        2494      0.9436
        2495      0.9436
        2495      0.9558
        2497      0.9558
        2497      0.9922
        2498      0.9922
        2498      0.9315
        2499      0.9315
        2499      0.9193
        2500      0.9193
        2500      0.9193
        2500      0.9193
        2500      0.9315
        2501      0.9315
        2501       0.895
        2502       0.895
        2502      0.9436
        2503      0.9436
        2503      0.9558
        2505      0.9558
        2505      0.9193
        2506      0.9193
        2506      0.9193
        2507      0.9193
        2507       0.895
        2508       0.895
        2508      0.9072
        2509      0.9072
        2509      0.8708
        2509      0.8708
        2509      0.8829
        2510      0.8829
        2510      0.8829
        2511      0.8829
        2511      0.8465
        2512      0.8465
        2512      0.8343
        2514      0.8343
        2514        0.81
        2515        0.81
        2515      0.7979
        2516      0.7979
        2516      0.7615
        2517      0.7615
        2517      0.7736
        2517      0.7736
        2517      0.7736
        2518      0.7736
        2518      0.7979
        2519      0.7979
        2519      0.7736
        2520      0.7736
        2520      0.7493
        2522      0.7493
        2522      0.7008
        2523      0.7008
        2523      0.6643
        2524      0.6643
        2524      0.6036
        2525      0.6036
        2525      0.6036
        2525      0.6036
        2525      0.6036
        2526      0.6036
        2526      0.6643
        2527      0.6643
        2527      0.6886
        2528      0.6886
        2528       0.725
        2530       0.725
        2530      0.7493
        2531      0.7493
        2531      0.8222
        2532      0.8222
        2532        0.81
        2533        0.81
        2533      0.8222
        2533      0.8222
        2533      0.8222
        2534      0.8222
        2534      0.8586
        2535      0.8586
        2535      0.7979
        2536      0.7979
        2536      0.7979
        2537      0.7979
        2537      0.7979
        2539      0.7979
        2539      0.7858
        2540      0.7858
        2540      0.7736
        2541      0.7736
        2541      0.7979
        2542      0.7979
        2542      0.8343
        2542      0.8343
        2542      0.8343
        2543      0.8343
        2543      0.8465
        2544      0.8465
        2544      0.8465
        2545      0.8465
        2545      0.8222
        2547      0.8222
        2547      0.8708
        2548      0.8708
        2548      0.9193
        2549      0.9193
        2549      0.9679
        2550      0.9679
        2550       1.016
        2551       1.016
        2551       1.114
        2551       1.114
        2551       1.101
        2552       1.101
        2552       1.101
        2553       1.101
        2553       1.065
        2555       1.065
        2555       1.077
        2556       1.077
        2556       1.029
        2557       1.029
        2557       1.029
        2558       1.029
        2558       1.016
        2559       1.016
        2559       1.029
        2559       1.029
        2559      0.9922
        2560      0.9922
        2560       1.004
        2561       1.004
        2561        0.98
        2563        0.98
        2563      0.9922
        2564      0.9922
        2564      0.9922
        2565      0.9922
        2565       1.065
        2566       1.065
        2566       1.101
        2566       1.101
        2566       1.162
        2567       1.162
        2567       1.186
        2568       1.186
        2568       1.186
        2569       1.186
        2569       1.174
        2570       1.174
        2570       1.077
        2572       1.077
        2572       1.065
        2573       1.065
        2573       1.041
        2574       1.041
        2574       1.077
        2575       1.077
        2575       1.114
        2575       1.114
        2575       1.199
        2576       1.199
        2576       1.235
        2577       1.235
        2577        1.32
        2578        1.32
        2578       1.308
        2580       1.308
        2580       1.296
        2581       1.296
        2581       1.247
        2582       1.247
        2582       1.186
        2583       1.186
        2583       1.089
        2584       1.089
        2584       1.065
        2584       1.065
        2584       1.053
        2585       1.053
        2585       1.174
        2586       1.174
        2586       1.259
        2588       1.259
        2588       1.381
        2589       1.381
        2589       1.478
        2590       1.478
        2590       1.526
        2591       1.526
        2591       1.466
        2592       1.466
        2592       1.429
        2592       1.429
        2592       1.332
        2593       1.332
        2593       1.259
        2594       1.259
        2594       1.162
        2595       1.162
        2595       1.089
        2597       1.089
        2597       1.065
        2598       1.065
        2598       1.089
        2599       1.089
        2599       1.053
        2600       1.053
        2600       1.053
        2600       1.053
        2600       1.101
        2601       1.101
        2601       1.114
        2602       1.114
        2602       1.138
        2603       1.138
        2603       1.174
        2605       1.174
        2605       1.162
        2606       1.162
        2606       1.114
        2607       1.114
        2607       1.126
        2608       1.126
        2608       1.077
        2608       1.077
        2608       1.041
        2609       1.041
        2609       1.029
        2610       1.029
        2610       1.053
        2611       1.053
        2611       1.029
        2613       1.029
        2613       1.053
        2614       1.053
        2614       1.101
        2615       1.101
        2615        1.15
        2616        1.15
        2616       1.162
        2617       1.162
        2617       1.174
        2617       1.174
        2617       1.259
        2618       1.259
        2618       1.284
        2619       1.284
        2619        1.32
        2621        1.32
        2621       1.356
        2622       1.356
        2622       1.381
        2623       1.381
        2623        1.32
        2624        1.32
        2624       1.284
        2625       1.284
        2625       1.271
        2625       1.271
        2625       1.211
        2626       1.211
        2626       1.186
        2627       1.186
        2627       1.162
        2628       1.162
        2628       1.138
        2630       1.138
        2630       1.138
        2631       1.138
        2631       1.211
        2632       1.211
        2632       1.235
        2633       1.235
        2633       1.356
        2633       1.356
        2633       1.551
        2634       1.551
        2634       1.721
        2635       1.721
        2635       1.939
        2636       1.939
        2636       2.158
        2638       2.158
        2638       2.328
        2639       2.328
        2639       2.413
        2640       2.413
        2640       2.546
        2641       2.546
        2641       2.583
        2642       2.583
        2642       2.619
        2642       2.619
        2642       2.559
        2643       2.559
        2643       2.498
        2644       2.498
        2644       2.401
        2646       2.401
        2646       2.328
        2647       2.328
        2647       2.206
        2648       2.206
        2648       2.097
        2649       2.097
        2649       2.097
        2650       2.097
        2650       2.182
        2650       2.182
        2650       2.194
        2651       2.194
        2651       2.255
        2652       2.255
        2652       2.401
        2653       2.401
        2653       2.486
        2655       2.486
        2655       2.437
        2656       2.437
        2656       2.449
        2657       2.449
        2657       2.461
        2658       2.461
        2658       2.486
        2658       2.486
        2658       2.474
        2659       2.474
        2659       2.461
        2660       2.461
        2660       2.425
        2661       2.425
        2661       2.304
        2663       2.304
        2663       2.243
        2664       2.243
        2664       2.146
        2665       2.146
        2665       2.134
        2666       2.134
        2666       2.049
        2666       2.049
        2666       2.194
        2667       2.194
        2667       2.206
        2668       2.206
        2668       2.267
        2669       2.267
        2669       2.243
        2671       2.243
        2671       2.413
        2672       2.413
        2672       2.364
        2673       2.364
        2673       2.425
        2674       2.425
        2674       2.486
        2675       2.486
        2675       2.583
        2675       2.583
        2675        2.51
        2676        2.51
        2676       2.498
        2677       2.498
        2677       2.413
        2679       2.413
        2679       2.328
        2680       2.328
        2680       2.255
        2681       2.255
        2681       2.231
        2682       2.231
        2682       2.243
        2683       2.243
        2683       2.255
        2683       2.255
        2683       2.255
        2684       2.255
        2684       2.279
        2685       2.279
        2685       2.255
        2686       2.255
        2686       2.267
        2688       2.267
        2688       2.231
        2689       2.231
        2689       2.158
        2690       2.158
        2690       2.134
        2691       2.134
        2691        2.17
        2691        2.17
        2691       2.158
        2692       2.158
        2692       2.158
        2693       2.158
        2693        2.17
        2694        2.17
        2694        2.17
        2696        2.17
        2696       2.097
        2697       2.097
        2697       2.085
        2698       2.085
        2698        2.17
        2699        2.17
        2699       2.279
        2699       2.279
        2699        2.34
        2700        2.34
        2700       2.413
        2701       2.413
        2701       2.401
        2702       2.401
        2702       2.425
        2704       2.425
        2704       2.376
        2705       2.376
        2705        2.34
        2706        2.34
        2706       2.376
        2707       2.376
        2707       2.389
        2708       2.389
        2708       2.316
        2708       2.316
        2708       2.279
        2709       2.279
        2709       2.316
        2710       2.316
        2710       2.219
        2712       2.219
        2712       2.182
        2713       2.182
        2713       2.182
        2714       2.182
        2714       2.146
        2715       2.146
        2715       2.012
        2716       2.012
        2716       1.976
        2716       1.976
        2716       1.915
        2717       1.915
        2717       1.866
        2718       1.866
        2718       1.818
        2719       1.818
        2719       1.879
        2721       1.879
        2721       1.915
        2722       1.915
        2722           2
        2723           2
        2723       2.024
        2724       2.024
        2724       2.085
        2724       2.085
        2724       2.085
        2725       2.085
        2725       2.097
        2726       2.097
        2726       2.146
        2727       2.146
        2727       2.194
        2729       2.194
        2729       2.267
        2730       2.267
        2730       2.304
        2731       2.304
        2731       2.364
        2732       2.364
        2732        2.34
        2733        2.34
        2733       2.291
        2733       2.291
        2733       2.194
        2734       2.194
        2734       2.121
        2735       2.121
        2735       2.024
        2737       2.024
        2737       1.891
        2738       1.891
        2738       1.818
        2739       1.818
        2739       1.709
        2740       1.709
        2740       1.636
        2741       1.636
        2741       1.526
        2741       1.526
        2741       1.526
        2742       1.526
        2742       1.466
        2743       1.466
        2743       1.454
        2744       1.454
        2744       1.466
        2746       1.466
        2746        1.49
        2747        1.49
        2747       1.441
        2748       1.441
        2748       1.478
        2749       1.478
        2749       1.526
        2749       1.526
        2749       1.611
        2750       1.611
        2750       1.587
        2751       1.587
        2751       1.709
        2752       1.709
        2752       1.757
        2754       1.757
        2754       1.806
        2755       1.806
        2755       1.806
        2756       1.806
        2756       1.951
        2757       1.951
        2757       1.964
        2757       1.964
        2757       2.012
        2758       2.012
        2758       2.061
        2759       2.061
        2759       2.097
        2760       2.097
        2760       2.109
        2762       2.109
        2762       2.158
        2763       2.158
        2763       2.194
        2764       2.194
        2764       2.206
        2765       2.206
        2765       2.255
        2766       2.255
        2766       2.194
        2766       2.194
        2766       2.146
        2767       2.146
        2767       2.134
        2768       2.134
        2768       2.049
        2770       2.049
        2770           2
        2771           2
        2771       2.024
        2772       2.024
        2772       2.061
        2773       2.061
        2773       2.073
        2774       2.073
        2774       2.085
        2775       2.085
        2775       2.012
        2775       2.012
        2775       1.854
        2776       1.854
        2776       1.624
        2777       1.624
        2777       1.405
        2779       1.405
        2779       1.284
        2780       1.284
        2780       1.199
        2781       1.199
        2781       1.271
        2782       1.271
        2782       1.369
        2782       1.369
        2782       1.381
        2783       1.381
        2783       1.356
        2784       1.356
        2784        1.32
        2785        1.32
        2785       1.186
        2787       1.186
        2787       1.138
        2788       1.138
        2788        1.15
        2789        1.15
        2789       1.138
        2790       1.138
        2790       1.114
        2790       1.114
        2790       1.138
        2791       1.138
        2791       1.101
        2792       1.101
        2792       1.089
        2793       1.089
        2793       1.077
        2795       1.077
        2795       1.138
        2796       1.138
        2796       1.114
        2797       1.114
        2797       1.114
        2798       1.114
        2798       1.065
        2799       1.065
        2799       1.053
        2799       1.053
        2799       1.016
        2800       1.016
        2800       1.029
        2801       1.029
        2801       1.041
        2802       1.041
        2802        1.15
        2804        1.15
        2804       1.199
        2805       1.199
        2805       1.223
        2806       1.223
        2806       1.284
        2807       1.284
        2807        1.32
        2808        1.32
        2808       1.369
        2808       1.369
        2808       1.454
        2809       1.454
        2809       1.514
        2810       1.514
        2810       1.599
        2812       1.599
        2812       1.745
        2813       1.745
        2813       1.842
        2814       1.842
        2814       1.903
        2815       1.903
        2815       2.085
        2816       2.085
        2816       2.182
        2816       2.182
        2816       2.267
        2817       2.267
        2817       2.304
        2818       2.304
        2818       2.449
        2820       2.449
        2820       2.461
        2821       2.461
        2821       2.583
        2822       2.583
        2822       2.607
        2823       2.607
        2823       2.692
        2824       2.692
        2824        2.68
        2824        2.68
        2824       2.716
        2825       2.716
        2825       2.692
        2826       2.692
        2826       2.704
        2828       2.704
        2828       2.814
        2829       2.814
        2829       2.862
        2830       2.862
        2830       2.911
        2831       2.911
        2831       2.862
        2832       2.862
        2832       2.874
        2832       2.874
        2832       2.777
        2833       2.777
        2833       2.644
        2834       2.644
        2834       2.486
        2835       2.486
        2835        2.51
        2837        2.51
        2837       2.401
        2838       2.401
        2838       2.449
        2839       2.449
        2839       2.534
        2840       2.534
        2840       2.583
        2841       2.583
        2841       2.595
        2841       2.595
        2841       2.559
        2842       2.559
        2842       2.425
        2843       2.425
        2843       2.328
        2845       2.328
        2845       2.194
        2846       2.194
        2846       1.988
        2847       1.988
        2847       1.842
        2848       1.842
        2848       1.672
        2849       1.672
        2849        1.49
        2849        1.49
        2849       1.381
        2850       1.381
        2850       1.235
        2851       1.235
        2851       1.271
        2853       1.271
        2853       1.296
        2854       1.296
        2854       1.441
        2855       1.441
        2855       1.575
        2856       1.575
        2856       1.757
        2857       1.757
        2857       1.891
        2857       1.891
        2857       2.085
        2858       2.085
        2858       2.255
        2859       2.255
        2859       2.437
        2860       2.437
        2860       2.644
        2862       2.644
        2862       2.765
        2863       2.765
        2863       2.862
        2864       2.862
        2864       2.862
        2865       2.862
        2865       2.899
        2866       2.899
        2866       2.838
        2866       2.838
        2866       2.911
        2867       2.911
        2867       2.874
        2868       2.874
        2868       2.984
        2870       2.984
        2870       3.032
        2871       3.032
        2871       3.154
        2872       3.154
        2872       3.214
        2873       3.214
        2873       3.263
        2874       3.263
        2874       3.141
        2874       3.141
        2874       3.056
        2875       3.056
        2875       2.971
        2876       2.971
        2876       2.789
        2878       2.789
        2878        2.68
        2879        2.68
        2879       2.607
        2880       2.607
        2880       2.522
        2881       2.522
        2881        2.51
        2882        2.51
        2882       2.583
        2882       2.583
        2882       2.729
        2883       2.729
        2883       2.826
        2884       2.826
        2884       3.056
        2886       3.056
        2886       3.239
        2887       3.239
        2887       3.348
        2888       3.348
        2888       3.409
        2889       3.409
        2889       3.469
        2890       3.469
        2890       3.433
        2890       3.433
        2890       3.409
        2891       3.409
        2891       3.481
        2892       3.481
        2892       3.542
        2893       3.542
        2893       3.664
        2895       3.664
        2895       3.712
        2896       3.712
        2896       3.906
        2897       3.906
        2897        4.04
        2898        4.04
        2898       4.186
        2899       4.186
        2899        4.38
        2899        4.38
        2899       4.647
        2900       4.647
        2900       4.793
        2901       4.793
        2901       4.841
        2903       4.841
        2903       4.939
        2904       4.939
        2904       4.841
        2905       4.841
        2905       4.659
        2906       4.659
        2906       4.514
        2907       4.514
        2907       4.453
        2907       4.453
        2907       4.441
        2908       4.441
        2908       4.429
        2909       4.429
        2909       4.538
        2911       4.538
        2911       4.623
        2912       4.623
        2912       4.684
        2913       4.684
        2913       4.647
        2914       4.647
        2914       4.659
        2915       4.659
        2915       4.538
        2915       4.538
        2915       4.489
        2916       4.489
        2916       4.429
        2917       4.429
        2917       4.319
        2918       4.319
        2918       4.368
        2920       4.368
        2920       4.429
        2921       4.429
        2921       4.404
        2922       4.404
        2922       4.307
        2923       4.307
        2923       4.283
        2923       4.283
        2923       4.149
        2924       4.149
        2924       4.028
        2925       4.028
        2925       3.894
        2926       3.894
        2926       3.991
        2928       3.991
        2928       4.028
        2929       4.028
        2929       4.174
        2930       4.174
        2930       4.344
        2931       4.344
        2931       4.586
        2932       4.586
        2932       4.781
        2932       4.781
        2932       4.926
        2933       4.926
        2933        4.89
        2934        4.89
        2934       4.829
        2936       4.829
        2936       4.635
        2937       4.635
        2937       4.429
        2938       4.429
        2938       4.307
        2939       4.307
        2939       4.319
        2940       4.319
        2940       4.271
        2940       4.271
        2940       4.283
        2941       4.283
        2941       4.271
        2942       4.271
        2942       4.295
        2944       4.295
        2944       4.222
        2945       4.222
        2945       4.259
        2946       4.259
        2946        4.21
        2947        4.21
        2947       4.137
        2948       4.137
        2948       4.101
        2948       4.101
        2948       4.137
        2949       4.137
        2949       4.307
        2950       4.307
        2950       4.477
        2951       4.477
        2951       4.647
        2953       4.647
        2953        4.72
        2954        4.72
        2954       4.744
        2955       4.744
        2955       4.696
        2956       4.696
        2956       4.684
        2957       4.684
        2957       4.732
        2957       4.732
        2957       4.805
        2958       4.805
        2958       4.878
        2959       4.878
        2959       4.926
        2961       4.926
        2961       5.024
        2962       5.024
        2962       4.987
        2963       4.987
        2963       4.866
        2964       4.866
        2964       4.708
        2965       4.708
        2965       4.489
        2965       4.489
        2965       4.137
        2966       4.137
        2966       3.919
        2967       3.919
        2967       3.797
        2969       3.797
        2969       3.785
        2970       3.785
        2970       3.846
        2971       3.846
        2971       3.894
        2972       3.894
        2972       3.979
        2973       3.979
        2973       4.137
        2973       4.137
        2973       4.368
        2974       4.368
        2974       4.538
        2975       4.538
        2975       4.756
        2977       4.756
        2977       4.939
        2978       4.939
        2978       4.987
        2979       4.987
        2979       4.793
        2980       4.793
        2980       4.514
        2981       4.514
        2981        4.21
        2981        4.21
        2981        3.87
        2982        3.87
        2982       3.542
        2983       3.542
        2983        3.36
        2984        3.36
        2984       3.348
        2986       3.348
        2986       3.421
        2987       3.421
        2987       3.579
        2988       3.579
        2988       3.858
        2989       3.858
        2989       4.113
        2990       4.113
        2990       4.368
        2990       4.368
        2990        4.55
        2991        4.55
        2991       4.574
        2992       4.574
        2992        4.55
        2994        4.55
        2994       4.526
        2995       4.526
        2995       4.429
        2996       4.429
        2996       4.356
        2997       4.356
        2997       4.259
        2998       4.259
        2998        4.21
        2998        4.21
        2998       3.955
        2999       3.955
        2999       3.688
        3000       3.688
        3000       3.433
        3002       3.433
        3002       3.396
        3003       3.396
        3003       3.226
        3004       3.226
        3004       3.324
        3005       3.324
        3005       3.409
        3006       3.409
        3006       3.566
        3006       3.566
        3006       3.664
        3007       3.664
        3007       3.736
        3008       3.736
        3008       3.834
        3009       3.834
        3009       4.016
        3011       4.016
        3011       4.137
        3012       4.137
        3012       4.174
        3013       4.174
        3013        4.21
        3014        4.21
        3014       4.222
        3014       4.222
        3014       4.064
        3015       4.064
        3015       3.846
        3016       3.846
        3016         3.7
        3017         3.7
        3017       3.579
        3019       3.579
        3019       3.457
        3020       3.457
        3020       3.469
        3021       3.469
        3021       3.627
        3022       3.627
        3022       3.846
        3023       3.846
        3023       4.101
        3023       4.101
        3023       4.295
        3024       4.295
        3024       4.562
        3025       4.562
        3025       4.902
        3027       4.902
        3027       5.036
        3028       5.036
        3028       5.145
        3029       5.145
        3029       5.254
        3030       5.254
        3030       5.266
        3031       5.266
        3031       5.169
        3032       5.169
        3032       5.218
        3032       5.218
        3032       5.327
        3033       5.327
        3033       5.339
        3035       5.339
        3035       5.351
        3036       5.351
        3036       5.279
        3037       5.279
        3037       5.194
        3038       5.194
        3038       5.036
        3039       5.036
        3039       4.914
        3040       4.914
        3040        4.89
        3040        4.89
        3040        4.89
        3041        4.89
        3041       4.926
        3042       4.926
        3042       4.987
        3044       4.987
        3044       5.072
        3045       5.072
        3045       5.024
        3046       5.024
        3046       5.133
        3047       5.133
        3047       5.169
        3047       5.169
        3047       5.218
        3048       5.218
        3048         5.4
        3049         5.4
        3049       5.606
        3050       5.606
        3050       5.619
        3052       5.619
        3052       5.679
        3053       5.679
        3053       5.582
        3054       5.582
        3054       5.376
        3055       5.376
        3055       5.157
        3056       5.157
        3056       4.914
        3056       4.914
        3056       4.599
        3057       4.599
        3057       4.538
        3058       4.538
        3058       4.489
        3060       4.489
        3060       4.562
        3061       4.562
        3061        4.72
        3062        4.72
        3062       4.902
        3063       4.902
        3063       4.939
        3064       4.939
        3064       4.987
        3065       4.987
        3065       4.939
        3065       4.939
        3065       4.878
        3066       4.878
        3066       4.866
        3067       4.866
        3067        5.06
        3069        5.06
        3069        5.23
        3070        5.23
        3070       5.412
        3071       5.412
        3071        5.57
        3072        5.57
        3072       5.631
        3073       5.631
        3073       5.485
        3073       5.485
        3073       5.388
        3074       5.388
        3074       5.327
        3075       5.327
        3075       5.242
        3077       5.242
        3077       5.218
        3078       5.218
        3078       5.339
        3079       5.339
        3079       5.388
        3080       5.388
        3080       5.339
        3081       5.339
        3081       5.388
        3081       5.388
        3081       5.485
        3082       5.485
        3082       5.582
        3083       5.582
        3083       5.667
        3085       5.667
        3085       5.813
        3086       5.813
        3086       5.837
        3087       5.837
        3087       5.776
        3088       5.776
        3088       5.558
        3089       5.558
        3089       5.266
        3090       5.266
        3090       4.963
        3090       4.963
        3090       4.684
        3091       4.684
        3091       4.514
        3093       4.514
        3093       4.356
        3094       4.356
        3094       4.344
        3095       4.344
        3095       4.392
        3096       4.392
        3096       4.429
        3097       4.429
        3097       4.429
        3098       4.429
        3098       4.368
        3098       4.368
        3098       4.295
        3099       4.295
        3099       4.307
        3100       4.307
        3100       4.331
        3102       4.331
        3102       4.416
        3103       4.416
        3103       4.671
        3104       4.671
        3104       5.011
        3105       5.011
        3105       5.497
        3106       5.497
        3106       5.934
        3106       5.934
        3106       6.299
        3107       6.299
        3107       6.639
        3108       6.639
        3108       6.881
        3110       6.881
        3110       6.784
        3111       6.784
        3111       6.845
        3112       6.845
        3112       6.966
        3113       6.966
        3113       6.979
        3114       6.979
        3114       6.748
        3114       6.748
        3114       6.687
        3115       6.687
        3115       6.456
        3116       6.456
        3116       6.092
        3118       6.092
        3118        5.74
        3119        5.74
        3119       5.606
        3120       5.606
        3120       5.461
        3121       5.461
        3121       5.473
        3122       5.473
        3122       5.546
        3123       5.546
        3123       5.631
        3123       5.631
        3123       5.837
        3124       5.837
        3124       6.007
        3125       6.007
        3125       6.044
        3127       6.044
        3127       6.104
        3128       6.104
        3128       6.177
        3129       6.177
        3129       6.068
        3130       6.068
        3130       6.007
        3131       6.007
        3131       5.959
        3131       5.959
        3131       5.959
        3132       5.959
        3132       6.044
        3133       6.044
        3133       6.153
        3135       6.153
        3135       6.274
        3136       6.274
        3136       6.469
        3137       6.469
        3137       6.529
        3138       6.529
        3138       6.529
        3139       6.529
        3139       6.675
        3139       6.675
        3139       6.663
        3140       6.663
        3140       6.347
        3141       6.347
        3141       6.141
        3143       6.141
        3143       5.946
        3144       5.946
        3144       5.643
        3145       5.643
        3145        5.57
        3146        5.57
        3146       5.679
        3147       5.679
        3147       5.837
        3147       5.837
        3147       6.068
        3148       6.068
        3148       6.311
        3149       6.311
        3149       6.456
        3151       6.456
        3151       6.699
        3152       6.699
        3152       6.736
        3153       6.736
        3153       6.663
        3154       6.663
        3154       6.493
        3155       6.493
        3155       6.165
        3156       6.165
        3156       5.716
        3156       5.716
        3156       5.388
        3157       5.388
        3157       5.121
        3158       5.121
        3158       4.963
        3160       4.963
        3160       4.939
        3161       4.939
        3161       5.084
        3162       5.084
        3162       5.266
        3163       5.266
        3163       5.461
        3164       5.461
        3164       5.667
        3164       5.667
        3164       5.971
        3165       5.971
        3165       6.238
        3166       6.238
        3166       6.456
        3168       6.456
        3168       6.748
        3169       6.748
        3169       7.051
        3170       7.051
        3170       7.173
        3171       7.173
        3171       7.282
        3172       7.282
        3172       7.501
        3172       7.501
        3172       7.525
        3173       7.525
        3173       7.561
        3174       7.561
        3174       7.574
        3176       7.574
        3176       7.452
        3177       7.452
        3177       7.258
        3178       7.258
        3178        6.93
        3179        6.93
        3179       6.663
        3180       6.663
        3180       6.226
        3180       6.226
        3180       5.789
        3181       5.789
        3181       5.655
        3182       5.655
        3182       5.606
        3183       5.606
        3183       5.594
        3185       5.594
        3185       5.861
        3186       5.861
        3186       6.238
        3187       6.238
        3187       6.408
        3188       6.408
        3188       6.687
        3189       6.687
        3189       6.796
        3189       6.796
        3189       6.748
        3190       6.748
        3190       6.541
        3191       6.541
        3191       6.371
        3193       6.371
        3193       6.129
        3194       6.129
        3194       6.068
        3195       6.068
        3195       6.104
        3196       6.104
        3196       6.444
        3197       6.444
        3197       6.663
        3197       6.663
        3197        6.93
        3198        6.93
        3198       7.161
        3199       7.161
        3199       7.367
        3201       7.367
        3201        7.44
        3202        7.44
        3202       7.574
        3203       7.574
        3203       7.707
        3204       7.707
        3204       7.695
        3205       7.695
        3205       7.707
        3205       7.707
        3205       7.731
        3206       7.731
        3206       7.634
        3207       7.634
        3207       7.416
        3209       7.416
        3209       7.197
        3210       7.197
        3210       7.003
        3211       7.003
        3211       6.675
        3212       6.675
        3212       6.396
        3213       6.396
        3213       6.177
        3214       6.177
        3214       6.031
        3214       6.031
        3214       5.983
        3215       5.983
        3215       6.129
        3216       6.129
        3216       6.396
        3218       6.396
        3218       6.529
        3219       6.529
        3219       6.711
        3220       6.711
        3220       6.918
        3221       6.918
        3221       6.906
        3222       6.906
        3222       6.724
        3222       6.724
        3222        6.76
        3223        6.76
        3223       6.578
        3224       6.578
        3224        6.25
        3225        6.25
