# Spectrum of the Sun from Kohl, Parkinson & Kurucz Atlas
# Sun center, observed, averaged
#
# My mods:
#    Used abs() for uncertain data (negative values in original)
#    Interpolated gaps  (zero in original)
#    Binned up to 0.9328 A/pix
# Wave(air)/A     ergs/cm^2/sec/nm/steradian
2255.52389268821  1016230.18634394  
2256.45674440876  929933.42615944  
2257.38960303524  1467195.34528728  
2258.32245861407  1299570.60500186  
2259.25531373522  1212381.88567644  
2260.18817368089  749742.444503427  
2261.12102397589  999918.589652698  
2262.05388816906  1115445.32947121  
2262.98673914001  924586.996015877  
2263.91959854247  927621.743646815  
2264.85245334453  573830.092743409  
2265.78530924245  663402.017427907  
2266.71816841214  786964.519046461  
2267.65101953672  648759.601547247  
2268.58388284592  621615.02014143  
2269.51673398275  668999.299598533  
2270.4495939382  488445.124915597  
2271.382448075  745221.525781715  
2272.31530480327  762537.116250219  
2273.24816312067  853574.814796135  
2274.18101506666  645981.71270783  
2275.11387757638  1001850.53188174  
2276.04672946359  648180.470215924  
2276.97958869583  1133072.95925119  
2277.91244359442  1060233.58015309  
2278.84529952154  1223753.07522677  
2279.77815865595  771531.494967259  
2280.71101057383  1547867.68468564  
2281.64387391481  1593569.42604589  
2282.57672579469  1167514.8038062  
2283.5095850308  1233334.38934794  
2284.44243991725  1208700.3554312  
2285.37529588629  2053488.18897066  
2286.30815494161  1044273.76688791  
2287.2410061346  535024.119417353  
2288.173869419  1468091.1922268  
2289.10672050186  1309741.15533377  
2290.03958059241  862164.935649166  
2290.97243459411  1077881.38989208  
2291.90529144706  1149976.86833801  
2292.83814961931  1313284.840547  
2293.77100169579  1328782.48045252  
2294.70386409549  1224165.69517013  
2295.6367160899  1857936.68975675  
2296.56957524284  963603.063165865  
2297.50243018215  620098.285748683  
2298.43528610477  764467.310894064  
2299.36814520008  902431.272018736  
2300.30099639904  892230.620082006  
2301.23385962994  1067946.60961383  
2302.16671076677  1591569.80858033  
2303.09957080445  641589.965586167  
2304.03242491261  1439683.07157326  
2304.965281612  1453588.37570506  
2305.89814078891  2568721.15844572  
2306.83099265665  2027748.68404094  
2307.76385602196  1244602.88234222  
2308.696706998  1363704.52881763  
2309.62956722364  991687.126957365  
2310.56242114384  924201.703447806  
2311.4952780304  795367.541316626  
2312.42813621694  725504.251210654  
2313.36098827107  668585.753215143  
2314.29385069883  1275954.92976703  
2315.22670253244  1638519.40585575  
2316.15956198127  1292472.39828218  
2317.09241662469  1180616.26968474  
2318.02527278724  1626125.98095918  
2318.95813122984  1565080.9685931  
2319.89098355024  487274.086349575  
2320.82384532209  1129262.90385893  
2321.75669812048  841689.183252982  
2322.6895566317  1951000.25081951  
2323.62241221273  2933400.63965682  
2324.55526749049  1483501.49157278  
2325.48812676429  674648.264744812  
2326.42097825427  977133.286994173  
2327.35384085653  681787.250433135  
2328.28669279735  1627261.0477461  
2329.21955219331  1837143.33912826  
2330.15240692859  1217358.2867717  
2331.08526301232  879578.956263051  
2332.01812229873  893524.898627284  
2332.95097456626  523935.372459326  
2333.88383719496  1232599.76363402  
2334.81668912886  1065818.31742041  
2335.74954852828  2021836.60207183  
2336.682403251  1019139.19629632  
2337.61525937707  504550.923168635  
2338.54811777958  519056.48580786  
2339.48097012787  806301.899733503  
2340.41383189559  1156349.93381819  
2341.3466846396  1368147.63262194  
2342.27954328591  1148591.65044046  
2343.21239873184  463558.093264032  
2344.14525413386  399326.047945815  
2345.07811329188  533037.211409818  
2346.01096485488  712776.984015418  
2346.94382742925  935746.60214635  
2347.87667937006  415789.050455964  
2348.80953879392  755347.709667842  
2349.7423934623  1420269.36946543  
2350.67524964957  1355794.37345844  
2351.60810801386  1373849.07462265  
2352.54096041649  1701069.14039394  
2353.47382210611  1678758.55373368  
2354.4066749045  1149449.43735877  
2355.33953349795  751885.396936318  
2356.27238899675  1904530.24091344  
2357.20524435281  1779361.81467365  
2358.13810440589  1661228.4516114  
2359.07095667489  650324.140044012  
2360.00381849813  483195.635847348  
2360.93667113573  1139055.50502656  
2361.86952991714  859169.90076392  
2362.80238528158  2000841.06518964  
2363.73524071762  1146170.01738129  
2364.66809988673  703008.216903578  
2365.60095143251  1273132.17431076  
2366.53381403258  828379.202334912  
2367.46666581259  998875.983834581  
2368.39952528739  916055.273516219  
2369.3323801498  1612628.18400022  
2370.26523552806  1221756.88044952  
2371.19809531398  1986709.6362516  
2372.13094624374  2015400.63538526  
2373.06380945982  701289.886954582  
2373.99666059665  731884.994828552  
2374.92952074101  902403.467278028  
2375.86237493465  1383945.98043996  
2376.79523103528  1818035.77176478  
2377.72809004444  1613899.60709758  
2378.66094180535  734679.125391411  
2379.59380413669  831340.776021549  
2380.5266561311  704632.688184707  
2381.45951544426  463960.937101251  
2382.39237050929  404206.794984533  
2383.3252265031  492726.839009948  
2384.25808643646  838652.705116787  
2385.19093806374  1212326.667149  
2386.12380052871  1383219.12299823  
2387.05665240943  1429467.81345594  
2387.98951181556  736518.478100562  
2388.92236679496  591566.544279216  
2389.85522206387  1248541.98016739  
2390.78808191731  1956937.44949725  
2391.72093282137  1187055.88746692  
2392.65379603374  1575908.75333604  
2393.58664711577  1454169.0458323  
2394.51950737633  787072.450387576  
2395.45236147266  362309.376539552  
2396.38521762464  692428.308643332  
2397.31807662605  1191272.49577201  
2398.25092835236  1040463.85718882  
2399.183790763  553509.514501846  
2400.11664265021  1143607.18621401  
2401.04950207952  1402899.93719412  
2401.98235700794  1290342.42966313  
2402.91521233678  1192522.15266336  
2403.8480721516  904045.741532277  
2404.78092310999  378364.837136023  
2405.71378624384  853705.628221032  
2406.64663738067  573235.958830589  
2407.57949760334  908826.947414085  
2408.51235172259  1409166.07039279  
2409.44520870159  1190069.12732706  
2410.37806849002  539154.128499531  
2411.31091942198  544447.330543473  
2412.24378258227  1182444.41079514  
2413.1766336655  652613.667056016  
2414.10949396814  1190149.85859667  
2415.04234806181  1428208.63425113  
2415.97520420881  1463333.83911457  
2416.90806322048  1823401.67761503  
2417.84091490879  1809400.85368003  
2418.77377733393  1970640.85693012  
2419.70662834236  1786440.0058416  
2420.63948958257  2109915.13316331  
2421.57234268586  2111578.02065042  
2422.50519982324  2427466.98812888  
2423.43805784375  1714874.01252093  
2424.37091052322  1525170.20591944  
2425.30377201158  1701350.0855072  
2426.23662387681  2298055.77682754  
2427.16948428581  2445189.38252217  
2428.10233822108  1658523.6186895  
2429.03519458008  1838952.3890125  
2429.96805332459  2259559.38584866  
2430.90090533366  2154305.49512836  
2431.83376743961  1742502.51353246  
2432.76661866087  1508318.00362115  
2433.69947973944  2222944.04478655  
2434.63233380991  1239658.83008239  
2435.56519083769  1506104.46082419  
2436.49804971662  1593997.48059507  
2437.43090159127  2220465.04172923  
2438.36376383242  1897843.7356409  
2439.29661493962  1478400.9357459  
2440.22947611032  1678107.16424914  
2441.16232933143  2317890.80436114  
2442.09518635863  2414520.30670142  
2443.02804444708  1934209.00107802  
2443.96089709849  1421965.76814579  
2444.89375858827  1728561.41274565  
2445.82661039592  1522537.64015252  
2446.75947092071  1601111.29267076  
2447.69232475951  1227118.09317441  
2448.62518116902  1385036.58889841  
2449.55803990662  1447783.83518402  
2450.49089187664  1267456.97322082  
2451.42375406995  1075204.36409272  
2452.35660512638  1051505.63798706  
2453.28946642788  1135860.27897032  
2454.22231949081  1066097.01520579  
2455.15517668556  1428720.79163896  
2456.08803462777  1134669.98561626  
2457.02088743741  1353341.02528856  
2457.95374874765  1618150.71661031  
2458.88660066083  1038660.52757391  
2459.81946114813  1366104.7386783  
2460.75231586661  1039163.44781741  
2461.68517315757  1078806.25870371  
2462.61803101979  726827.273718605  
2463.55088385576  1160341.77836928  
2464.48374514051  1503163.81130422  
2465.41659705285  1341329.74640537  
2466.34945756654  1132446.83753906  
2467.28231145544  1487407.38803991  
2468.21516780721  1605214.83609964  
2469.14802575025  1300176.31636757  
2470.08087936477  1401056.35801212  
2471.01373986998  1680975.95920115  
2471.94659258729  1566235.13122811  
2472.87945232338  744204.791514219  
2473.81230693707  1973922.1578379  
2474.74516256405  1676843.54312252  
2475.6780212847  2051460.01991995  
2476.61087406801  1513207.52293146  
2477.54373545881  1781760.71783657  
2478.47658721056  1213538.87969141  
2479.40944793781  1007307.72355295  
2480.34230156112  1451443.52560385  
2481.27515817848  1791856.38795378  
2482.20801590796  1248763.76041302  
2483.14086973604  542518.458646575  
2484.07373002926  766149.133273212  
2485.0065828522  1293178.39051783  
2485.93944339143  1701330.90860983  
2486.87229806113  1329177.20892738  
2487.80515454328  734555.793367146  
2488.73801235358  957941.760215517  
2489.67086610084  800756.869055205  
2490.60372647567  677311.260017064  
2491.53657923857  942892.233351566  
2492.46943895791  1345669.29779036  
2493.40229363666  1698886.36890238  
2494.33514920622  1777537.23062146  
2495.26800794163  2683122.42109654  
2496.20086075049  1632904.1364048  
2497.1337220645  2402550.41327752  
2498.06657386189  1884171.66156999  
2498.99943457228  2174121.23892568  
2499.93228826076  2620094.01557749  
2500.8651448206  1153931.56976483  
2501.79800259761  1557919.22893396  
2502.7308563322  1849374.51563731  
2503.66371676722  2027123.60793878  
2504.59656937131  2336986.14904199  
2505.52942932907  1376161.95471198  
2506.46228374244  823419.708706215  
2507.39513958717  944413.49159953  
2508.32799806872  2005593.45963204  
2509.26085114259  2101119.75658106  
2510.1937121953  1857854.13540266  
2511.12656415537  1306098.93879057  
2512.05942560411  1448260.15374949  
2512.99228011782  1469285.34279232  
2513.92513589838  979216.64459692  
2514.85799440714  1071152.14372753  
2515.79084745374  796468.62597111  
2516.72370853457  937976.42090249  
2517.6565604402  897875.163594991  
2518.58942036095  1096771.44344458  
2519.52227565305  863440.823159955  
2520.45513060163  1538351.24076991  
2521.38798994159  1219412.248264  
2522.32084215918  1019612.1246655  
2523.2537040676  808469.792409413  
2524.18655517066  684951.457277358  
2525.11941586818  1060151.98768811  
2526.0522703843  1289996.98226393  
2526.98512610885  1024609.28660677  
2527.91798467205  857452.570691289  
2528.85083766641  530294.560970432  
2529.78369885244  923056.924670804  
2530.71655059791  1573703.90407575  
2531.64941067862  1551881.59683902  
2532.58226581233  1285097.69060525  
2533.51512091929  1220738.65176695  
2534.44798015289  1471263.05030787  
2535.38083247685  1128470.13920058  
2536.31369428047  1222321.43549561  
2537.24654538197  1459057.13493397  
2538.17940698983  1371953.46002334  
2539.11226215154  1254370.16646847  
2540.0451172841  1734251.97071949  
2540.97797643772  1124093.20800398  
2541.91082884166  1314390.25154134  
2542.84369056609  1907474.54380809  
2543.7765417204  1685014.01110598  
2544.70940249706  1427222.39600582  
2545.64225692351  1400136.79383893  
2546.5751127506  1332545.82060975  
2547.50797122178  1655768.38545295  
2548.44082429529  1183399.09214521  
2549.37368535093  986448.792899275  
2550.30653719606  1600764.11528256  
2551.23939725908  2181153.22792059  
2552.17225240519  2916938.52545112  
2553.10510750739  1489802.65068006  
2554.03796673576  3433110.17521981  
2554.97081901899  1883502.25371264  
2555.90368091165  2522787.75901994  
2556.83653184748  1928381.02779392  
2557.76939287345  2366178.39340298  
2558.7022470293  2262540.09764021  
2559.63510216468  2994489.80167699  
2560.56796281394  2077578.66745311  
2561.50081493957  1724652.38407762  
2562.43367753901  1085763.00407254  
2563.36652857204  1349147.77333887  
2564.29938917147  2788774.54405719  
2565.23224284466  2267721.94823028  
2566.16509919879  4398820.23812271  
2567.09795854488  3289064.28081801  
2568.03080937843  3358906.45510087  
2568.96367263712  4074663.2259524  
2569.89652377395  4453963.13253367  
2570.82938412146  2826767.84600436  
2571.7622378662  4162361.91016304  
2572.6950955894  3424738.40952539  
2573.62795227811  5442684.55347143  
2574.56080595502  2992893.79899921  
2575.49366702291  1727810.5924187  
2576.42651956493  1536891.08694802  
2577.35937868358  2608992.57877473  
2578.29223385995  3914990.41634316  
2579.22508866045  3848866.35734087  
2580.15794961376  5426465.18243582  
2581.09079878649  6843139.92382059  
2582.02366370601  4498504.81035477  
2582.95651312768  2434143.86956655  
2583.88937524468  4589368.11024591  
2584.82222727353  2284755.92122921  
2585.7550866662  935097.827465491  
2586.68794173186  2476164.14540986  
2587.6207970751  3470827.61298248  
2588.55365643024  2713341.58865985  
2589.48651063209  7079584.22231823  
2590.41936814697  4620437.56952377  
2591.35222487524  2286816.7757905  
2592.2850781221  4631595.2850018  
2593.21794062905  1961907.85617826  
2594.15078824815  1675353.45559865  
2595.0836547749  3789854.67508983  
2596.01650248141  3229546.94786794  
2596.94936642149  2636236.44475556  
2597.8822166148  1360950.86731153  
2598.81507785233  729126.542410586  
2599.74793106863  766917.122052458  
2600.68078821527  1826505.04045036  
2601.61364744552  3214768.40136823  
2602.54650185188  3524126.54858178  
2603.47936238881  2995272.64533183  
2604.41221594413  3324145.65649385  
2605.34507256845  1743141.57904827  
2606.27793164434  1559862.616267  
2607.21078274809  875462.499915294  
2608.1436457625  2233592.39468357  
2609.07649695  2606068.61808296  
2610.00935746049  2937587.6725081  
2610.94221104225  1820945.99239476  
2611.87506891871  892628.560274875  
2612.80792546389  1681122.59040096  
2613.74077928165  1031390.40911959  
2614.67364017598  2386092.93732285  
2615.60649125455  3531649.34731332  
2616.53935348141  3619645.05948146  
2617.47220537443  1397472.34594239  
2618.40506366105  2155432.89155829  
2619.33792107465  4013540.99100613  
2620.27077384069  2865858.95878669  
2621.20363516689  2983403.83680377  
2622.13648801889  2778828.91577133  
2623.06934686855  3370307.92751287  
2624.00220211113  4359715.76090873  
2624.93505832352  3039165.05298046  
2625.86791653602  1474405.46860463  
2626.80076868955  2651064.77489237  
2627.73363126784  2360056.90337557  
2628.66648063591  1714346.39672021  
2629.59934460463  2523700.58892221  
2630.53219478176  1567087.66449807  
2631.46505473067  870718.907244834  
2632.39791053557  2001038.61157189  
2633.33076485671  3469455.31283777  
2634.26362462782  5112952.68833944  
2635.19647898058  4667609.91625185  
2636.12933638381  5930280.8920323  
2637.06219307282  6348785.56933486  
2637.99504784636  8872806.382897  
2638.92790754372  8237492.59137401  
2639.86075820167  7424696.91208471  
2640.79362228313  7431557.03097803  
2641.72647004323  6345917.45681282  
2642.65933572785  11703005.6531937  
2643.59218413548  7707967.56797158  
2644.52504585389  8483039.27200175  
2645.4578998893  7597878.62419921  
2646.39075597993  5853867.50671861  
2647.32361403514  7227836.16170813  
2648.25646999586  4488832.57653707  
2649.18932589906  5571672.4439311  
2650.12218412967  6454141.46391553  
2651.05503731692  6274862.15268616  
2651.98789754461  6506799.01130699  
2652.92074873132  7385911.2449611  
2653.85361324482  6306486.98484385  
2654.78646432805  10171292.8608548  
2655.71932674387  7701856.68226228  
2656.6521784203  8956378.57037322  
2657.58503692351  8844933.26689974  
2658.51789412051  6376155.66871473  
2659.45074710315  9172737.76854997  
2660.38360823909  7969482.50003013  
2661.31646108773  5595995.4779241  
2662.24932015399  7088228.66150071  
2663.18217517998  5270262.5014307  
2664.11503159922  5880906.29796072  
2665.0478885599  8563642.67969866  
2665.98074301687  6529200.76015927  
2666.91360265215  5189388.16022174  
2667.8464553927  8196136.28189737  
2668.77931615617  7237932.25920351  
2669.71216953091  4752291.34182331  
2670.64502630095  7524883.89205665  
2671.57788526598  7985205.77215291  
2672.51073648059  3530093.73654939  
2673.44359935823  6251303.63735739  
2674.37645044146  9124910.91384662  
2675.30931127721  9339069.32526035  
2676.24216453371  9057218.28608793  
2677.1750227192  6283996.36592915  
2678.10787794775  6894345.54342603  
2679.04073410947  4237681.11471379  
2679.97359208245  5246248.46668254  
2680.90644643521  8172252.48896364  
2681.83930563656  7354106.80555166  
2682.77216058106  6879720.98173605  
2683.70501576261  6425900.04387065  
2684.63787633487  6283867.84542026  
2685.57072588865  8070047.01734761  
2686.50359042711  6950454.65470038  
2687.43643979518  6937437.1385264  
2688.36930240043  5862451.27054589  
2689.30215388743  5872510.33483546  
2690.23501385042  5824880.28021108  
2691.16786734393  6080847.93885861  
2692.10072523269  6949855.556211  
2693.03358148978  6680977.92318598  
2693.9664374505  8204354.11503688  
2694.89929515182  4902104.80259369  
2695.83215154275  4048555.41787672  
2696.76500527786  7361921.88703945  
2697.69786729656  6311415.01592456  
2698.6307154039  5143677.78073165  
2699.56358138881  9356415.74206073  
2700.49642925611  10449357.7315391  
2701.42929290004  5519307.7673926  
2702.36214391837  7717905.1597967  
2703.29500330894  8900124.47327692  
2704.22785835922  8846098.37524331  
2705.16071635591  9683869.19407395  
2706.09357566739  6689674.40105147  
2707.02642851938  6506621.85608404  
2707.95928938377  7835875.80450565  
2708.89214261163  3371244.75853218  
2709.82499956341  6487358.76014485  
2710.75785831185  7011892.85822233  
2711.69070974305  6286378.68108753  
2712.62357243084  9686261.36091882  
2713.5564235103  7657462.81625357  
2714.48928397039  2524400.95660841  
2715.42213819481  5628709.56935433  
2716.35499433334  5931399.63908668  
2717.28785264403  7829237.01804773  
2718.22070576397  4324672.87452512  
2719.15356673628  1616495.64981242  
2720.08641792289  3731827.11524269  
2721.01928045721  2544601.57426629  
2721.9521320611  5754348.3358039  
2722.88499060241  6790261.3007204  
2723.81784779575  4057838.10407044  
2724.75070078205  4257456.95058801  
2725.683561888  5637925.87528331  
2726.61641452559  6434902.62160493  
2727.54927342881  3043358.82565729  
2728.48212921334  6926253.7772875  
2729.41498379175  11087468.90024  
2730.34784369387  6572082.92440117  
2731.28069519108  8056672.93770622  
2732.21355783207  6763168.85384901  
2733.14640724982  4773879.84580919  
2734.07927165319  4785279.79321536  
2735.01212139566  5192388.25662389  
2735.94498177923  6556271.93034248  
2736.87783714948  1669317.93639852  
2737.81069190527  4509553.39270223  
2738.74355124172  4484588.22712025  
2739.67640559448  1584749.93157253  
2740.60926285293  4082172.82018603  
2741.54212026616  4419400.83897848  
2742.47497326183  1844436.97739323  
2743.40783475119  1995580.42396917  
2744.34068465666  3166272.07604975  
2745.27354889704  5322489.15011095  
2746.20639665714  1992765.38195286  
2747.13926277641  1771360.82389043  
2748.07211074939  4441764.41499825  
2749.00497290245  1860665.0826654  
2749.9378265032  1621287.67868673  
2750.87068290601  3517635.83421314  
2751.80354071793  6129439.98578375  
2752.7363950554  7831154.58755057  
2753.66925391941  4143291.84123445  
2754.60210973023  4616878.55234014  
2755.53496432831  1745947.93087114  
2756.46782582008  2744562.39465051  
2757.400679103  3588450.20692138  
2758.33353991233  10196892.9826559  
2759.26639104915  7822671.07534327  
2760.19925384603  6579385.00126842  
2761.1321051414  7249294.25673912  
2762.06496397207  3999580.76133798  
2762.99782089522  5176484.97707527  
2763.93067402609  5461398.54509053  
2764.86353511309  9939460.15645956  
2765.79638612084  8183193.0070731  
2766.72924831247  5881361.73192467  
2767.66210084476  6539589.36167161  
2768.59495867542  4816293.40085514  
2769.527815281  5828861.42228868  
2770.46067011903  7644308.48867409  
2771.39352937325  8840919.5293072  
2772.32638206104  4975790.67258647  
2773.25924331109  8200241.19286175  
2774.19209619925  8592615.42302146  
2775.12495345671  6823632.14324702  
2776.05781193348  5830828.53393632  
2776.99066350329  6100967.12405268  
2777.92352615879  4019977.28607207  
2778.856375501  4744349.44290102  
2779.78923943245  3613559.51181731  
2780.72209020173  4596835.26867453  
2781.65494979539  4019258.67008987  
2782.58780466969  4306695.25875561  
2783.52066120728  3657012.19665324  
2784.4535188079  4191430.33509126  
2785.38637304911  4182763.97513203  
2786.31923284592  4497789.75769424  
2787.25208719496  4036324.05448391  
2788.18494297196  2713226.99351999  
2789.11780294877  3023347.10209619  
2790.0506529617  2533312.26075819  
2790.98351717732  1995755.59797225  
2791.91636490832  1830201.77771732  
2792.84923051856  1600093.69471775  
2793.78207959256  1183615.1199549  
2794.71494092746  719922.33192297  
2795.64779401143  2225619.60643951  
2796.58065238844  845712.813300905  
2797.51350815728  1131835.93510925  
2798.4463641716  1312972.80328607  
2799.37922225398  1691992.89295055  
2800.31207826385  1619784.70439521  
2801.24493238002  1192706.39786513  
2802.1777923561  1259124.11012259  
2803.11064403258  1385340.6212333  
2804.04350658339  1217869.97349285  
2804.97635597721  1578601.47479637  
2805.90921997707  2175613.42913518  
2806.84207066459  2204858.78114713  
2807.77493204754  3285766.49164821  
2808.70778840345  3165365.20498367  
2809.64064351166  4314161.08790415  
2810.5735024957  3983269.40631461  
2811.50635524049  4020868.94743233  
2812.43921664672  4412034.12579116  
2813.37206933274  4201938.06953749  
2814.30492677277  7132728.25816648  
2815.23778347858  6672324.36014614  
2816.17063842218  6856348.96093784  
2817.10349770902  6153570.41655306  
2818.03635031259  6997293.5427278  
2818.96921110019  6660650.92000446  
2819.90206504907  8603109.30871684  
2820.83492146313  8163118.00394779  
2821.76777947233  7073563.8214596  
2822.70063291972  6657429.26189194  
2823.63349356458  9247209.33448134  
2824.56634459422  7944375.31552644  
2825.49920776994  5555616.31649121  
2826.43205872944  8588865.59558842  
2827.36491790661  8716327.19770592  
2828.29777286764  8675685.68498877  
2829.23062950693  9827898.0358655  
2830.16348714717  9408860.36088481  
2831.0963413003  10505242.7211308  
2832.0292006122  7286335.43973682  
2832.96205601401  10253563.8537662  
2833.89491097514  10245326.0712657  
2834.82777046941  8894422.41965719  
2835.76062239959  4418930.16113545  
2836.69348460761  9053481.03105442  
2837.62633402452  10077511.1920782  
2838.55919886254  9293865.48567438  
2839.49204817036  10076360.6930997  
2840.42490898858  7048180.77628309  
2841.35776226261  8877000.77264878  
2842.29062062691  8940011.7458998  
2843.22347650414  5230159.5977087  
2844.15633236918  7314446.48262293  
2845.08919003716  9297426.16517682  
2846.02204706599  6256298.54740958  
2846.95490044606  5304416.62638904  
2847.88776147229  4556126.11829113  
2848.82061191961  3600171.57592031  
2849.75347561814  2391990.48346838  
2850.68632348544  1945938.32530378  
2851.6191882706  1022792.13544183  
2852.55203923925  991668.535210915  
2853.48489839664  1885635.61767928  
2854.4177533315  3035430.02136819  
2855.35061003664  3343043.41420787  
2856.28346757136  4661295.22892033  
2857.21632177651  5556183.193227  
2858.14918110364  5765977.17770687  
2859.08203813802  7666354.4954228  
2860.01489472847  10760299.2782585  
2860.94775254118  7997018.17219576  
2861.88060620516  11024239.8301798  
2862.81346663343  9428837.01501219  
2863.74631771666  9298375.37892935  
2864.67917934022  11202981.9236756  
2865.61203347047  10477694.9495268  
2866.54488946626  9493631.65053862  
2867.47774761632  8765553.25825981  
2868.41060110312  9122473.45597761  
2869.34346185931  6568890.62171056  
2870.27631278918  10532603.4410369  
2871.20917544227  14163519.0540999  
2872.14202753822  12723280.1074561  
2873.07488580521  12259731.940239  
2874.00774194851  8996639.33510251  
2874.94059727478  11431682.8304754  
2875.87345604075  9460272.77786613  
2876.80630873195  11431372.9380831  
2877.73916885548  10354730.0654055  
2878.67202447555  8810067.96141418  
2879.60487899172  7047991.52630477  
2880.53773861376  4662428.16699794  
2881.47059057948  2426998.84355995  
2882.40345290585  4505457.27237515  
2883.3363021685  8070531.52448848  
2884.26916656224  11657326.3495072  
2885.20201689519  13832107.4372072  
2886.13487692519  11637797.131068  
2887.06773130223  13595156.4780387  
2888.000588398  9244501.96705653  
2888.93344542264  9264219.86549658  
2889.86629982382  11052337.8108443  
2890.79915828651  10656794.2280709  
2891.73201552403  12864048.9720698  
2892.66486846615  10719887.6301632  
2893.59772961628  11010121.3043401  
2894.5305800915  11537989.2405146  
2895.46344387079  15765882.6727879  
2896.39629162943  14230083.7960314  
2897.32915759559  15436292.0185396  
2898.26200633879  14636169.4968439  
2899.19486800449  14878398.2690791  
2900.12772073253  19377264.0312381  
2901.06057788264  18522220.7038116  
2901.99343648635  14034680.9046716  
2902.92628923114  17489191.1465233  
2903.85914935613  16855095.4845986  
2904.79200498495  20606948.1760168  
2905.72485948218  16558308.7119695  
2906.6577190772  15812834.6783944  
2907.59057110961  14441517.2978876  
2908.52343332962  15388013.2207213  
2909.45628264471  17087046.6491465  
2910.38914866207  15724430.5550892  
2911.32200062675  15551672.4046972  
2912.25485907097  15687011.4816094  
2913.18771501735  20886501.6922843  
2914.12056889866  15512600.2574233  
2915.05343077116  13339639.730717  
2915.98628019283  15087224.6564878  
2916.91914369528  19146849.6051106  
2917.85199594664  11755893.063022  
2918.78485382132  14789223.9410348  
2919.71771009249  17197751.4711409  
2920.65056539202  14931148.3739035  
2921.58342440165  16319145.311674  
2922.51627687373  17205042.1289777  
2923.44913817638  9657524.8748579  
2924.38199163534  12180025.5102965  
2925.31484853933  13369612.9151063  
2926.24770603264  9808438.83988259  
2927.18055836031  14868919.4201289  
2928.11342178645  12569665.1347769  
2929.04626960016  6644686.27440097  
2929.9791348185  19225450.2997502  
2930.91198534418  16226985.3214673  
2931.84484495433  17222962.9374591  
2932.77769948238  12776863.5572032  
2933.71055652953  15551176.7633797  
2934.64341378704  17584482.0179661  
2935.5762679142  17286659.4906783  
2936.5091276348  5437135.18446157  
2937.44198265387  10313260.9063748  
2938.37483799774  13696517.9455397  
2939.30769704793  10039356.875043  
2940.24054787557  14617398.7485844  
2941.17341277672  9562098.85891604  
2942.10625908406  14373543.8688676  
2943.0391258575  16912631.1535575  
2943.97197478427  10934304.2125262  
2944.90483603714  8836012.912586  
2945.83768887652  17920595.9040874  
2946.7705476495  15998560.6688336  
2947.70340314401  4573819.98532837  
2948.63625898309  8945775.21805924  
2949.56911703961  10581969.844129  
2950.50197240697  13348605.9412245  
2951.43482873493  16567213.7099906  
2952.36768653183  16966067.6580354  
2953.30053891457  12792376.0420275  
2954.23340223204  8105232.03718941  
2955.16625009935  17866997.1384985  
2956.09911531916  15439026.1540181  
2957.03196585316  8221112.09096096  
2957.9648254452  16245373.3380756  
2958.89767994541  17493282.2942125  
2959.83053706007  13061583.6716602  
2960.76339421038  12300483.6282109  
2961.69625005198  14474772.2262613  
2962.62911145021  18013732.2154473  
2963.56196350847  16836017.007153  
2964.49482318128  11554040.3590004  
2965.42767760072  7328230.05656664  
2966.36053330732  6727446.02230318  
2967.29339335453  6622091.59826537  
2968.22624438416  14487032.687766  
2969.15910649598  11072478.8743359  
2970.09196013798  5319152.33226031  
2971.02481662202  14606539.1119032  
2971.95767428382  12858483.4452627  
2972.89052818015  7077745.04309365  
2973.82338860554  11042112.0737298  
2974.75623945752  18357611.5191914  
2975.68910257206  12954204.2863681  
2976.6219528622  13966211.2735902  
2977.5548143045  22887234.8484804  
2978.48766695445  16741566.0504155  
2979.42052443054  6738369.31450802  
2980.35338270826  14595027.3983533  
2981.28623545305  8397750.93597454  
2982.21909595763  10812558.1808698  
2983.15195115327  8417716.94866762  
2984.08480613727  7430497.07158897  
2985.0176652821  6632674.79890499  
2985.95051770928  9125133.33733231  
2986.88337959932  8945756.4461541  
2987.8162288896  9530214.06075297  
2988.74909363844  13135429.3238732  
2989.68194226952  17619182.1693278  
2990.61480537412  17745391.9623085  
2991.54765636177  14334715.4551293  
2992.48051555376  13687390.5611786  
2993.41337209098  14550310.4129236  
2994.34622654492  4549240.18963722  
2995.27908538867  10443465.0138289  
2996.21194224513  14447420.805741  
2997.14479556831  16184954.3273295  
2998.07765633738  17284586.7376763  
2999.01050716769  9202854.62403886  
2999.9433697173  8019730.73382745  
3000.87621919748  3425793.16061848  
3001.80908304325  11283507.5101309  
3002.7419333828  4643316.39583039  
3003.67479475156  7890113.05148418  
3004.60764750724  15783724.6498281  
3005.5405049312  15118137.3775105  
3006.47336320745  11961579.9288036  
3007.40621589864  9745041.11481348  
3008.33907651189  6636773.93909416  
3009.27193165246  8791965.44025878  
3010.20478663793  16052514.0928501  
3011.1376457447  15702194.8500531  
3012.07049823407  9083849.63360709  
3013.00335915378  17560284.6746889  
3013.93621350999  13678032.3719569  
3014.86907423834  9854688.94008641  
3015.80192769981  13297308.6290323  
3016.73478592837  16145470.6079435  
3017.66764184565  7641424.17111317  
3018.60049605441  9343412.18544982  
3019.53335759946  8548382.75155589  
3020.46620691393  2329196.30959597  
3021.39907095824  4224996.79018472  
3022.33192266774  13637764.1969966  
3023.26478108428  18067459.5437392  
3024.19763681359  10114102.4665444  
3025.13049262985  14224128.8681856  
3026.06335027009  5443541.70098772  
3026.99620458066  17163139.7826043  
3027.92906369821  19784782.1806248  
3028.86191871509  16599836.8134877  
3029.79477544363  15229437.0872052  
3030.72763280734  17097857.6479709  
3031.66048556967  8426535.5773334  
3032.59334856115  20470616.2519382  
3033.52619637486  18929311.0932902  
3034.45906202785  16568683.2775361  
3035.39191207507  21994596.6179869  
3036.3247722075  20000556.9700781  
3037.25762620433  6090141.45136064  
3038.19048376652  11244651.94738  
3039.12333962381  17142558.3529513  
3040.05619565279  15910777.9838628  
3040.98905310303  14566425.9712587  
3041.92190978398  10142860.2839125  
3042.85476485169  13354717.9346154  
3043.78762387623  17484852.779465  
3044.72047503133  17463746.8230002  
3045.65333957644  19493747.9554028  
3046.58618583458  16804925.5071902  
3047.51905306686  5753116.74092525  
3048.45190155897  13443521.6751828  
3049.38476280839  20781146.7540938  
3050.31761608933  15317822.4298986  
3051.25047317133  17243777.0576719  
3052.1833306927  24561840.1457519  
3053.11618500976  16760990.9615131  
3054.049044223  11976442.5399767  
3054.98189918251  14631731.1673543  
3055.91475594429  17612643.5380058  
3056.84761330653  13276369.5197882  
3057.78046612393  5599921.68893844  
3058.71332900675  7780032.78373611  
3059.64617687405  9460394.38242372  
3060.57904252851  15182821.9716699  
3061.51189262786  22075888.1013187  
3062.4447522132  17784798.8107274  
3063.37760716146  14354299.3436217  
3064.31046257615  11643763.9226812  
3065.24332500709  16172036.2040709  
3066.17617594512  6315985.59081417  
3067.10903863443  3991698.32756823  
3068.04189012238  13550846.1169177  
3068.97475033704  16345444.5989643  
3069.90760426822  18920992.9781041  
3070.84046046308  18105572.9570184  
3071.77332002204  16296751.3041182  
3072.70617110527  13771985.5403699  
3073.63903359814  19921542.1606363  
3074.57188685908  13193550.7320639  
3075.50474329392  5571956.09470743  
3076.43760138158  21327800.2249894  
3077.37045370282  17324891.9863415  
3078.30331601579  11404405.9099027  
3079.23616540919  20445173.2533551  
3080.16902970091  19580090.3877644  
3081.1018795297  15617550.8653801  
3082.03474146025  10438918.6365801  
3082.96759362195  15272347.5836251  
3083.9004515863  15259783.1106051  
3084.83330937576  22919078.7689717  
3085.76616217415  19121282.4477575  
3086.69902305979  14742481.026807  
3087.63187787437  13260881.9145341  
3088.56473280603  15464295.5918144  
3089.49759243744  14708343.9102471  
3090.43044317751  17048402.770556  
3091.36330703108  7588299.94887699  
3092.29615487241  12211100.7762287  
3093.22902071463  6466817.63066543  
3094.16186899063  12631279.6063575  
3095.09473247628  18564300.3191642  
3096.02758308287  15256454.0489822  
3096.96044265592  6546748.73318887  
3097.89329878309  14489131.8143601  
3098.82615324226  15890491.4354549  
3099.75901249083  8242148.51291554  
3100.69186735827  6916024.08181147  
3101.62472382734  7141769.82010898  
3102.55758190161  13239212.4251475  
3103.49043419029  19999596.3330256  
3104.423296492  20241476.297973  
3105.35614583735  16733668.7681425  
3106.28901022664  19586213.3122864  
3107.22185999754  19146384.9412584  
3108.15472194631  24862845.1105242  
3109.08757413574  20734345.6952838  
3110.02043208695  20076575.4576799  
3110.95328987495  17788761.8292784  
3111.88614261975  16957579.9945747  
3112.81900361405  28396146.5874643  
3113.75185671199  15079338.0893823  
3114.68471494732  18858792.1876346  
3115.61757125858  24211268.340101  
3116.55042852619  13659548.2590854  
3117.48328748368  16345196.2889206  
3118.41614009542  13556269.774625  
3119.34900131537  13694306.4698637  
3120.28185426011  16664634.3987801  
3121.21471303053  11342799.5283629  
3122.14756840596  11707483.8266662  
3123.08042315657  17748961.3790143  
3124.01328415977  21904378.4971256  
3124.94613358144  14036395.5521639  
3125.87899795319  14847328.2844458  
3126.81184767369  18353383.3906485  
3127.74470929798  20401733.6966194  
3128.67756220875  14253541.7292641  
3129.61041970688  21995774.741947  
3130.54327683039  13335486.447749  
3131.47613122105  20012720.2620664  
3132.40899072029  14200595.5583651  
3133.341845329  15820958.3799923  
3134.27470249219  10711964.1984207  
3135.20755942125  18960951.9662399  
3136.14041261823  17977281.7897974  
3137.07327517506  18512560.2887061  
3138.00612298876  24214556.9380622  
3138.93898902282  22201817.5832326  
3139.87183713461  18492749.9383718  
3140.80470036446  20316334.0929081  
3141.73755167282  22186895.9815662  
3142.67041077336  17801007.1878366  
3143.60326623772  7282262.57338694  
3144.53612229266  7354677.74114143  
3145.46898012562  13280422.1322959  
3146.40183639789  18609602.2356516  
3147.33469190025  12894583.4497564  
3148.26755049014  19459863.9726604  
3149.20040207988  23401268.6399824  
3150.13326458239  16364494.327667  
3151.06611405728  18035823.5538498  
3151.99897850745  17920080.4431658  
3152.93182817288  18012958.9956468  
3153.86468983099  21472470.7165294  
3154.79754272919  16174856.1643645  
3155.73040019393  19045399.448597  
3156.66325730661  13448047.1843726  
3157.59611164963  8895048.26864835  
3158.5289712456  9972154.08522421  
3159.46182579726  11756377.9957794  
3160.39468297782  10862797.1405492  
3161.32753993546  11523075.7713007  
3162.26039311889  10030583.8440643  
3163.19325406629  20590799.1192417  
3164.12610504232  15127021.3232702  
3165.05896802271  14594435.9508326  
3165.99181913457  16349043.7449411  
3166.924679343  15899285.3504914  
3167.85753701726  15425042.8569596  
3168.7903913675  14879028.9314766  
3169.72325162183  19484688.405362  
3170.65610274495  21601408.8271666  
3171.58896565787  21390954.9897008  
3172.52181684348  20509901.1524838  
3173.45467743919  16781546.7816928  
3174.38753098933  19702218.8188882  
3175.32038756523  17886325.6390465  
3176.25324508158  22578548.2931477  
3177.18609943433  22689161.6728144  
3178.11895909233  13585167.211847  
3179.05181352658  10210525.5094061  
3179.98467042455  17910890.0615384  
3180.91752807421  11568741.8501665  
3181.85038083345  10172801.9150074  
3182.78324268329  13609019.7909594  
3183.71609215542  14512895.9221927  
3184.64895677795  14199403.7548587  
3185.5818062508  18640884.8448932  
3186.51466856241  13764079.3101717  
3187.44752034305  16816930.5085031  
3188.38037868845  14553410.5891996  
3189.3132344353  27161973.4314161  
3190.24609050322  16621692.4303094  
3191.17894850038  14187031.8092793  
3192.11180464907  9940960.07639925  
3193.04465982947  9828477.87100691  
3193.97751919984  15996001.6289748  
3194.91037023837  12302521.7519914  
3195.84323375218  16358539.5205106  
3196.77608156588  37334384.2016353  
